3
13
19
3
13
19
PPR2.15
FR1_day5
0
1
10
52
10
11
41
17
24
2
.3
1
50
1
34
1
1
1
1
1
1
1
1
1
1
1
1
1
1
1
1
1
1
1
1
1
1
49
-1
31.8639999999999869
50.5430000000000032
55.1540000000000073
55.871000000000008
63.5680000000000148
80.68000000000003
88.8600000000000373
94.8650000000000426
99.7180000000000469
102.5340000000000494
102.6900000000000496
110.8360000000000568
119.1240000000000642
126.774000000000071
131.657000000000075
135.794000000000079
144.196000000000086
144.370000000000087
149.337000000000091
186.915000000000124
190.918000000000128
208.242000000000143
252.901000000000183
255.004000000000185
256.573000000000186
289.887000000000216
291.266000000000217
384.6110000000003
404.522000000000318
428.228000000000339
438.943000000000348
461.424000000000368
472.062000000000378
482.655000000000387
482.822000000000387
495.672000000000399
497.5090000000004
511.291000000000412
524.112000000000424
571.119000000000466
571.239000000000466
572.080000000000466
576.61500000000047
611.856000000000502
653.557000000000539
654.101000000000539
655.00700000000054
655.601000000000541
862.599000000000724
33
-1
31.8639999999999869
50.5430000000000032
55.871000000000008
63.5680000000000148
80.68000000000003
88.8600000000000373
94.8650000000000426
102.5340000000000494
110.8360000000000568
119.1240000000000642
126.774000000000071
135.794000000000079
144.196000000000086
149.337000000000091
186.915000000000124
208.242000000000143
252.901000000000183
289.887000000000216
384.6110000000003
404.522000000000318
428.228000000000339
438.943000000000348
461.424000000000368
472.062000000000378
482.655000000000387
495.672000000000399
511.291000000000412
524.112000000000424
571.119000000000466
576.61500000000047
611.856000000000502
653.557000000000539
862.599000000000724
1
0
5000
0
0
0
0
2700
99
0
0
0
0
0
0
2700.79699999992988
0
0
0
0
0
0
