3
15
19
3
15
19
PPR2.14
FR2_day 2
0
4
11
40
12
12
27
42
24
2
.3
1
107
1
48
1
1
1
1
1
1
1
1
1
1
1
1
1
1
1
1
1
1
1
1
1
1
106
-1
9.33900000000000018
11.04400000000000022
50.1740000000000029
93.9270000000000418
117.1910000000000624
119.5360000000000645
137.759000000000081
147.145000000000089
147.315000000000089
151.424000000000093
154.805000000000096
155.745000000000097
201.082000000000137
202.851000000000139
208.687000000000144
209.691000000000145
218.069000000000152
236.893000000000169
241.158000000000173
244.472000000000176
245.154000000000176
251.906000000000182
257.388000000000187
264.756000000000193
269.364000000000198
277.326000000000205
292.026000000000218
296.577000000000222
298.227000000000223
302.334000000000227
309.639000000000233
311.884000000000235
335.039000000000256
336.084000000000257
336.834000000000258
343.289000000000263
347.066000000000267
353.402000000000272
374.777000000000291
385.0410000000003
389.005000000000304
407.838000000000321
410.207000000000323
410.603000000000323
417.103000000000329
451.056000000000359
457.756000000000365
464.136000000000371
471.616000000000377
472.157000000000378
480.615000000000385
485.41700000000039
486.24500000000039
562.533000000000458
564.89200000000046
570.384000000000465
571.037000000000465
571.422000000000466
585.717000000000478
586.075000000000479
594.689000000000486
595.036000000000487
612.784000000000503
628.715000000000517
666.959000000000551
669.128000000000553
673.925000000000557
674.744000000000558
675.129000000000558
683.366000000000565
684.307000000000566
698.032000000000578
698.287000000000578
712.214000000000591
712.426000000000591
719.539000000000597
719.919000000000598
729.905000000000607
735.096000000000611
745.55400000000062
753.983000000000628
754.254000000000628
761.062000000000634
761.389000000000635
773.463000000000645
773.742000000000646
784.445000000000655
785.221000000000656
860.418000000000722
861.000000000000723
866.654000000000728
867.115000000000728
882.422000000000742
882.825000000000742
883.268000000000743
897.637000000000756
897.976000000000756
908.244000000000765
908.524000000000765
1002.015000000000848
1002.293000000000848
1002.565000000000849
1017.101000000000862
1017.437000000000862
1102.60900000000094
1108.20700000000094
47
-1
11.04400000000000022
93.9270000000000418
119.5360000000000645
147.146000000000089
155.745000000000097
202.851000000000139
209.691000000000145
236.893000000000169
245.154000000000176
257.388000000000187
269.364000000000198
292.026000000000218
302.334000000000227
311.884000000000235
336.084000000000257
347.066000000000267
374.777000000000291
389.005000000000304
410.207000000000323
451.056000000000359
464.136000000000371
472.157000000000378
485.41700000000039
564.89200000000046
571.037000000000465
586.075000000000479
595.036000000000487
628.715000000000517
669.128000000000553
675.129000000000558
684.307000000000566
698.287000000000578
712.426000000000591
719.919000000000598
735.096000000000611
753.983000000000628
761.389000000000635
773.742000000000646
785.221000000000656
861.000000000000723
867.115000000000728
882.825000000000742
897.976000000000756
908.524000000000765
1002.293000000000848
1017.437000000000862
1108.20700000000094
2
0
5000
0
0
0
0
2700
99
0
0
0
0
0
0
2700.79599999992988
0
0
0
0
0
0
