3
28
19
3
28
19
PPR2.14
PR3_day4
0
4
11
01
35
11
50
55
23
3
.3
1
132
1
10
1
1
1
1
1
1
1
1
1
1
1
1
1
1
1
1
1
1
1
1
1
184
131
-1
3.79300000000000007
36.2169999999999905
36.6809999999999909
41.205999999999995
41.8699999999999955
48.8950000000000018
49.2480000000000021
49.9740000000000027
51.7760000000000043
76.5400000000000263
79.3610000000000288
80.1020000000000295
84.9560000000000338
85.6880000000000345
87.1360000000000357
87.9960000000000365
88.489000000000037
89.3900000000000377
103.7250000000000505
104.7230000000000514
126.3660000000000706
130.280000000000074
133.791000000000077
143.445000000000086
149.515000000000091
152.391000000000094
155.845000000000097
156.312000000000097
157.700000000000098
158.138000000000099
158.536000000000099
158.9630000000001
159.1670000000001
199.921000000000136
201.949000000000138
202.681000000000138
210.578000000000145
211.874000000000147
212.284000000000147
283.51500000000021
284.564000000000211
284.921000000000211
286.771000000000213
292.933000000000218
296.062000000000221
324.193000000000246
326.089000000000248
326.761000000000249
327.788000000000249
328.61500000000025
332.252000000000253
333.118000000000254
340.885000000000261
341.432000000000262
342.888000000000263
344.151000000000264
344.575000000000264
356.289000000000275
359.680000000000278
361.196000000000279
368.740000000000286
369.599000000000287
370.413000000000287
373.40400000000029
374.931000000000291
377.092000000000293
377.705000000000294
379.089000000000295
380.270000000000296
381.362000000000297
384.6870000000003
393.260000000000308
405.510000000000318
406.243000000000319
406.70000000000032
407.19300000000032
408.153000000000321
412.874000000000325
414.496000000000326
419.473000000000331
419.863000000000331
424.033000000000335
425.370000000000336
430.569000000000341
431.227000000000341
432.018000000000342
432.974000000000343
451.502000000000359
454.936000000000362
455.847000000000363
457.981000000000365
460.749000000000368
461.596000000000368
466.045000000000372
473.421000000000379
474.58900000000038
479.103000000000384
484.269000000000388
498.695000000000401
512.880000000000414
513.474000000000414
515.234000000000416
521.607000000000422
611.613000000000502
912.523000000000769
913.35100000000077
913.83100000000077
914.32500000000077
917.937000000000774
922.033000000000777
923.203000000000778
954.523000000000806
957.002000000000808
957.878000000000809
958.80700000000081
1092.07700000000093
1093.30300000000093
1098.03700000000093
1099.29300000000093
1104.07300000000094
1106.25400000000094
1119.29800000000095
1120.52700000000095
1121.41200000000095
1122.05300000000095
1122.48100000000096
1182.76400000000101
1196.93000000000102
1202.48600000000103
1210.99300000000103
1217.98900000000104
9
-1
3.79400000000000007
41.8709999999999955
80.1030000000000295
133.792000000000077
202.682000000000138
333.119000000000254
384.6880000000003
461.597000000000368
1099.29400000000093
0
0
5000
0
0
0
0
7200
0
0
0
0
0
10
0
2899.39499999990801
1800.00000000000156
1800
0
28
0
1
4
7
10
13
16
19
22
25
28
31
34
37
40
43
46
49
52
55
58
61
64
67
70
73
76
79
82
85
88
91
94
97
100
103
106
109
112
115
118
121
124
127
130
133
136
139
142
145
148
151
154
157
160
163
166
169
172
175
178
181
184
187
190
193
196
199
202
205
208
211
214
217
220
223
226
229
232
235
238
241
244
247
250
253
256
259
262
265
268
271
274
277
280
283
286
289
292
295
298
301
304
307
310
313
316
319
322
325
328
331
334
337
340
343
346
349
352
355
358
361
364
367
370
373
376
379
382
385
388
391
394
397
400
403
406
409
412
415
418
421
424
427
430
433
436
439
442
445
448
451
454
457
460
463
466
469
472
475
478
481
484
487
490
493
496
499
502
505
508
511
514
517
520
523
526
529
532
535
538
541
544
547
550
