3
19
19
3
19
19
1PPR2.15
FR2_day5
0
1
11
08
02
11
54
01
24
2
.3
1
79
1
35
1
1
1
1
1
1
1
1
1
1
1
1
1
1
1
1
1
1
1
1
1
1
78
-1
24.4339999999999932
31.699999999999987
38.2259999999999923
40.2919999999999941
45.794999999999999
48.020000000000001
69.0390000000000197
71.674000000000022
76.0170000000000259
76.178000000000026
78.8930000000000284
81.1500000000000304
112.4840000000000583
113.2240000000000589
116.4240000000000618
116.6050000000000619
118.4900000000000636
121.8340000000000666
122.0210000000000667
136.72600000000008
136.81600000000008
144.246000000000086
144.517000000000087
149.492000000000091
149.638000000000091
151.719000000000093
153.067000000000094
169.072000000000109
171.573000000000111
204.88500000000014
207.863000000000143
288.154000000000214
291.610000000000217
291.919000000000218
303.853000000000228
304.039000000000228
357.662000000000276
361.504000000000279
370.115000000000287
372.170000000000289
386.237000000000301
389.043000000000304
401.522000000000315
406.366000000000319
414.472000000000326
416.625000000000328
425.580000000000336
426.376000000000337
438.898000000000348
439.107000000000348
446.117000000000355
446.327000000000355
457.305000000000364
458.207000000000365
468.388000000000374
469.088000000000375
476.050000000000381
480.336000000000385
491.293000000000395
492.355000000000396
531.31100000000043
534.657000000000433
534.748000000000433
541.613000000000439
544.906000000000442
556.116000000000452
559.318000000000455
570.301000000000465
573.450000000000468
583.237000000000476
584.096000000000477
594.089000000000486
594.467000000000486
1486.20800000000128
1486.90800000000128
1515.2270000000013
1534.19800000000132
1534.27100000000132
34
-1
31.699999999999987
40.2919999999999941
48.020000000000001
71.674000000000022
81.1500000000000304
113.2240000000000589
121.8340000000000666
136.81600000000008
144.517000000000087
153.067000000000094
171.573000000000111
207.863000000000143
291.610000000000217
304.039000000000228
361.504000000000279
372.170000000000289
389.043000000000304
406.366000000000319
416.625000000000328
426.376000000000337
439.107000000000348
446.327000000000355
458.207000000000365
469.088000000000375
480.336000000000385
492.355000000000396
534.657000000000433
544.906000000000442
559.318000000000455
573.450000000000468
584.096000000000477
594.467000000000486
1486.90800000000128
1534.19800000000132
2
0
5000
0
0
0
0
2700
99
0
0
0
0
0
0
2700.79599999992988
0
0
0
0
0
0
