3
10
19
3
10
19
PPR2.15
FR!_day2
0
1
11
00
01
11
47
07
24
2
.3
1
70
1
58
1
1
1
1
1
1
1
1
1
1
1
1
1
1
1
1
1
1
1
1
1
1
69
-1
658.165000000000543
696.218000000000577
817.337000000000684
828.696000000000694
842.116000000000706
843.725000000000708
863.749000000000726
921.961000000000777
939.009000000000792
960.602000000000812
961.189000000000812
979.785000000000828
988.303000000000836
1005.191000000000851
1017.318000000000862
1085.84800000000092
1093.05300000000093
1098.80100000000093
1099.27300000000093
1107.57100000000094
1110.09400000000094
1110.27500000000094
1111.77400000000095
1118.85900000000095
1131.51400000000096
1136.83200000000097
1143.61300000000097
1163.03500000000099
1244.48800000000106
1251.87300000000107
1257.75400000000108
1262.63300000000108
1264.98800000000108
1273.76500000000109
1280.1680000000011
1287.3450000000011
1295.19900000000111
1301.92400000000111
1308.85500000000112
1318.63900000000113
1332.16300000000114
1345.76200000000115
1355.53900000000116
1362.69600000000117
1368.72700000000117
1388.22800000000119
1395.8720000000012
1408.57800000000121
1408.72600000000121
1453.18200000000125
1463.43800000000126
1473.17200000000127
1486.49700000000128
1495.35200000000129
1504.27500000000129
1514.3390000000013
1525.69500000000131
1538.27200000000132
1552.72700000000134
1554.13800000000134
1562.25500000000135
1572.17700000000135
1572.33600000000135
1583.52800000000136
1584.83700000000137
1598.01300000000138
1609.30200000000139
1706.04600000000147
1708.73500000000148
57
-1
658.165000000000543
696.218000000000577
817.337000000000684
828.696000000000694
842.116000000000706
863.749000000000726
921.961000000000777
939.009000000000792
960.602000000000812
979.785000000000828
988.303000000000836
1005.191000000000851
1017.318000000000862
1085.84800000000092
1093.05300000000093
1098.80100000000093
1107.57100000000094
1118.85900000000095
1131.51400000000096
1136.83200000000097
1143.61300000000097
1163.03500000000099
1244.48800000000106
1251.87300000000107
1257.75400000000108
1264.98800000000108
1273.76500000000109
1280.1680000000011
1287.3450000000011
1295.19900000000111
1301.92400000000111
1308.85500000000112
1318.63900000000113
1332.16300000000114
1345.76200000000115
1355.53900000000116
1362.69600000000117
1368.72700000000117
1388.22800000000119
1395.8720000000012
1408.57800000000121
1453.18200000000125
1463.43800000000126
1473.17200000000127
1486.49700000000128
1495.35200000000129
1504.27500000000129
1514.3390000000013
1525.69500000000131
1538.27200000000132
1552.72700000000134
1562.25500000000135
1572.17700000000135
1583.52800000000136
1598.01300000000138
1609.30200000000139
1706.04600000000147
1
0
5000
0
0
0
0
2700
99
0
0
0
0
0
0
2700.79699999992988
0
0
0
0
0
0
