3
24
19
3
24
19
PPR2.12
FR5_day5
0
4
9
56
18
10
43
17
24
2
.3
1
259
1
47
1
1
1
1
1
1
1
1
1
1
1
1
1
1
1
1
1
1
1
1
1
1
258
-1
17.8139999999999988
62.0120000000000134
62.9930000000000143
63.743000000000015
150.076000000000092
163.402000000000103
163.561000000000104
164.111000000000104
236.305000000000168
237.419000000000169
252.289000000000182
252.590000000000183
252.979000000000183
253.757000000000184
254.136000000000184
260.62400000000019
260.98300000000019
261.37100000000019
262.056000000000191
262.383000000000191
270.739000000000199
271.066000000000199
271.8300000000002
272.5830000000002
273.157000000000201
279.900000000000207
280.241000000000207
280.597000000000208
280.911000000000208
281.221000000000208
290.035000000000216
291.084000000000217
291.548000000000217
291.936000000000218
292.304000000000218
503.044000000000405
503.589000000000406
504.146000000000406
504.567000000000406
505.008000000000407
505.121000000000407
516.304000000000417
516.646000000000417
517.759000000000418
518.286000000000419
519.59300000000042
523.797000000000424
524.076000000000424
524.889000000000424
525.097000000000425
525.645000000000425
525.926000000000425
527.336000000000427
537.235000000000435
537.566000000000436
537.928000000000436
539.052000000000437
539.424000000000437
545.088000000000442
545.505000000000443
546.650000000000444
547.438000000000445
548.051000000000445
559.337000000000455
561.790000000000457
563.888000000000459
564.44400000000046
564.61500000000046
572.694000000000467
573.311000000000468
573.714000000000468
574.012000000000468
574.724000000000469
581.956000000000475
582.502000000000476
582.846000000000476
583.290000000000476
583.625000000000477
584.018000000000477
590.935000000000483
591.857000000000484
592.124000000000484
592.398000000000484
592.707000000000485
600.255000000000491
601.181000000000492
601.408000000000492
601.650000000000493
601.950000000000493
604.022000000000495
611.664000000000502
612.955000000000503
613.318000000000503
613.645000000000503
613.945000000000504
614.899000000000504
615.540000000000505
615.750000000000505
616.854000000000506
618.196000000000507
620.122000000000509
620.510000000000509
622.060000000000511
622.385000000000511
622.649000000000511
630.332000000000518
630.551000000000518
630.848000000000519
632.44100000000052
632.67700000000052
637.326000000000524
638.918000000000526
639.245000000000526
639.561000000000526
641.034000000000528
641.883000000000528
650.452000000000536
650.914000000000536
651.264000000000537
651.573000000000537
651.982000000000537
652.654000000000538
653.339000000000539
654.69200000000054
656.213000000000541
657.690000000000542
2161.51999999998927
2238.53899999998079
2238.93099999998075
2239.29799999998071
2273.35499999997696
2273.63199999997693
2274.09299999997688
2274.38799999997684
2274.7809999999768
2306.00999999997336
2307.15499999997324
2307.70799999997317
2308.3609999999731
2308.63599999997307
2322.16499999997158
2322.56399999997154
2323.8109999999714
2324.12399999997137
2325.6589999999712
2340.62999999996955
2341.19899999996949
2342.35099999996936
2342.75299999996931
2343.02099999996929
2408.2449999999621
2409.59799999996195
2411.58799999996173
2413.05699999996157
2413.61999999996151
2426.85899999996005
2427.95499999995993
2428.2309999999599
2428.67999999995985
2429.54999999995976
2439.83199999995862
2440.88199999995851
2441.18799999995847
2441.53499999995844
2441.99899999995838
2454.537999999957
2454.84799999995697
2455.74399999995687
2456.09199999995683
2457.12999999995672
2467.50399999995558
2469.63699999995534
2469.9839999999553
2470.34899999995526
2470.99499999995519
2472.04999999995507
2472.79399999995499
2474.27499999995483
2476.3969999999546
2486.16599999995352
2488.81299999995323
2498.91199999995212
2499.997999999952
2509.9489999999509
2510.34399999995086
2510.80899999995081
2511.69299999995071
2512.76899999995059
2519.62899999994983
2519.89199999994981
2520.8439999999497
2521.10199999994967
2521.49899999994963
2522.75799999994949
2531.35099999994854
2531.7469999999485
2533.15399999994835
2533.46299999994831
2533.83499999994827
2548.1249999999467
2548.50499999994665
2548.93299999994661
2549.35199999994656
2549.73099999994652
2566.52299999994467
2566.90599999994463
2567.37999999994458
2568.20899999994448
2569.33899999994436
2576.43199999994358
2577.67099999994344
2577.94199999994341
2578.25399999994338
2578.81599999994332
2580.25799999994316
2596.43299999994138
2596.84199999994133
2597.30599999994128
2597.73199999994123
2598.68899999994113
2606.26199999994029
2607.88699999994011
2608.31199999994007
2609.19799999993997
2609.62899999993992
2610.7199999999398
2611.43199999993972
2612.5559999999396
2614.29299999993941
2624.04399999993834
2626.08999999993811
2626.51399999993806
2626.90499999993802
2631.09599999993756
2637.43799999993686
2643.87499999993615
2644.26199999993611
2644.70299999993606
2645.71199999993595
2647.0379999999358
2647.32399999993577
2647.79299999993572
2648.20899999993567
2652.05399999993525
2662.75299999993407
2663.06799999993404
2663.435999999934
2664.70599999993386
2673.76799999993286
2674.09599999993282
2674.61199999993277
2674.92299999993273
2675.43499999993268
2688.55299999993123
2689.51499999993112
2690.70699999993099
2692.07299999993084
2692.60999999993078
46
-1
150.076000000000092
237.419000000000169
254.136000000000184
262.383000000000191
273.157000000000201
281.221000000000208
292.304000000000218
505.008000000000407
519.59300000000042
527.336000000000427
539.424000000000437
548.051000000000445
564.61500000000046
574.724000000000469
583.625000000000477
592.707000000000485
601.950000000000493
613.945000000000504
622.649000000000511
632.67700000000052
641.883000000000528
651.982000000000537
2239.29799999998071
2274.7809999999768
2308.63599999997307
2325.6589999999712
2343.02099999996929
2413.61999999996151
2429.54999999995976
2441.99899999995838
2457.12999999995672
2470.99499999995519
2499.997999999952
2512.76899999995059
2521.49899999994963
2533.83499999994827
2549.73099999994652
2569.33899999994436
2578.81599999994332
2598.68899999994113
2609.62899999993992
2631.09599999993756
2645.71199999993595
2664.70599999993386
2675.43499999993268
2692.60999999993078
5
0
5000
0
0
0
0
2700
99
0
0
0
0
0
0
2700.79599999992988
0
0
0
0
0
0
