3
20
19
3
20
19
PPR2.15
FR5_day1
0
1
11
11
44
11
59
34
24
2
.3
1
134
1
26
1
1
1
1
1
1
1
1
1
1
1
1
1
1
1
1
1
1
1
1
1
1
133
-1
11.12700000000000022
14.29000000000000028
19.0509999999999977
62.2360000000000136
63.1300000000000144
67.5510000000000184
68.2050000000000189
68.6330000000000193
70.2360000000000207
73.4710000000000236
74.9000000000000249
79.6870000000000291
83.8250000000000328
87.485000000000036
88.4590000000000369
89.7340000000000381
92.2370000000000403
92.7000000000000407
114.5420000000000601
114.8090000000000603
118.6120000000000637
119.1010000000000641
120.9990000000000658
121.1400000000000659
121.8930000000000666
127.0580000000000712
127.2370000000000714
130.716000000000074
134.041000000000077
137.981000000000081
139.031000000000082
143.814000000000086
145.519000000000088
154.019000000000095
156.211000000000097
157.002000000000098
200.044000000000136
202.339000000000138
206.639000000000142
208.579000000000144
210.842000000000146
216.595000000000151
218.697000000000153
219.333000000000153
222.041000000000156
223.352000000000157
229.220000000000162
229.502000000000162
233.587000000000166
239.856000000000171
242.337000000000174
262.403000000000191
263.429000000000192
269.421000000000198
271.417000000000199
272.3830000000002
280.305000000000207
283.70900000000021
284.464000000000211
285.452000000000212
288.339000000000214
372.110000000000289
372.671000000000289
373.33600000000029
379.848000000000296
382.765000000000298
394.440000000000309
396.35400000000031
397.537000000000311
398.171000000000312
401.456000000000315
411.655000000000324
412.007000000000324
413.758000000000326
414.383000000000326
416.819000000000329
422.802000000000334
426.802000000000337
430.379000000000341
430.897000000000341
431.081000000000341
436.364000000000346
437.261000000000347
437.723000000000347
442.390000000000351
445.891000000000354
458.660000000000366
459.267000000000366
459.770000000000367
460.196000000000367
461.016000000000368
467.139000000000373
467.334000000000373
468.006000000000374
469.860000000000376
470.037000000000376
481.421000000000386
482.269000000000387
484.292000000000388
484.946000000000389
486.12600000000039
500.579000000000403
501.721000000000404
503.944000000000406
507.438000000000409
507.94100000000041
513.203000000000414
517.068000000000418
520.08000000000042
520.932000000000421
521.718000000000422
528.692000000000428
529.370000000000428
530.192000000000429
532.008000000000431
532.907000000000432
544.723000000000442
545.951000000000443
546.771000000000444
547.729000000000445
548.285000000000445
582.849000000000476
583.408000000000476
584.865000000000478
585.872000000000479
588.594000000000481
599.281000000000491
600.624000000000492
601.716000000000493
628.618000000000517
628.979000000000517
820.787000000000687
902.59400000000076
25
-1
63.1300000000000144
79.6870000000000291
92.7000000000000407
120.9990000000000658
137.981000000000081
157.002000000000098
210.842000000000146
223.352000000000157
242.337000000000174
272.3830000000002
288.339000000000214
382.765000000000298
401.456000000000315
416.819000000000329
431.081000000000341
445.891000000000354
461.016000000000368
470.037000000000376
486.12600000000039
507.94100000000041
521.718000000000422
532.907000000000432
548.285000000000445
588.594000000000481
628.979000000000517
5
0
5000
0
0
0
0
2700
99
0
0
0
0
0
0
2700.79599999992988
0
0
0
0
0
0
