3
16
19
3
16
19
PPR2.15
FR2_day3
0
1
10
58
18
11
46
10
24
2
.3
1
26
1
10
1
1
1
1
1
1
1
1
1
1
1
1
1
1
1
1
1
1
1
1
1
1
25
-1
72.8640000000000231
75.6380000000000255
75.7910000000000257
76.2230000000000261
81.3900000000000306
82.3910000000000315
90.6860000000000389
105.2180000000000518
113.0740000000000588
113.6600000000000593
126.6460000000000708
127.6280000000000717
127.7790000000000718
146.375000000000088
147.059000000000089
167.728000000000107
168.707000000000108
502.407000000000405
505.855000000000408
507.079000000000409
509.285000000000411
509.525000000000411
579.631000000000473
600.398000000000492
603.831000000000495
9
-1
75.6380000000000255
82.3910000000000315
105.2180000000000518
113.6600000000000593
127.6280000000000717
147.059000000000089
168.707000000000108
505.855000000000408
600.398000000000492
2
0
5000
0
0
0
0
2700
99
0
0
0
0
0
0
2700.79599999992988
0
0
0
0
0
0
