3
24
19
3
24
19
PPR2.14
FR5_day5
0
4
10
48
27
11
35
15
24
2
.3
1
353
1
67
1
1
1
1
1
1
1
1
1
1
1
1
1
1
1
1
1
1
1
1
1
1
352
-1
1.17200000000000001
1.82600000000000003
2.87900000000000005
5.5000000000000001
23.3499999999999941
51.3260000000000039
52.6020000000000051
56.5850000000000086
57.4180000000000094
59.4350000000000111
62.4150000000000138
62.8230000000000142
63.1700000000000145
94.5620000000000423
96.0860000000000437
97.1110000000000446
97.6660000000000451
99.9030000000000471
102.5370000000000494
104.8400000000000515
106.8520000000000533
107.1910000000000536
108.8850000000000551
109.2680000000000554
109.4230000000000555
113.9930000000000596
116.2550000000000616
116.8970000000000622
117.5820000000000628
118.0360000000000632
118.1320000000000633
127.3660000000000715
128.830000000000073
129.283000000000073
129.743000000000074
131.180000000000075
147.340000000000089
147.83700000000009
148.66600000000009
149.117000000000091
151.023000000000092
158.104000000000099
160.842000000000101
161.164000000000101
161.721000000000102
166.443000000000106
173.272000000000112
173.582000000000113
174.858000000000114
176.357000000000115
177.101000000000116
177.451000000000116
178.333000000000117
179.833000000000118
199.284000000000135
199.586000000000136
200.248000000000136
201.820000000000138
204.45400000000014
230.048000000000163
230.772000000000163
231.879000000000164
233.864000000000166
234.251000000000166
237.75600000000017
238.37600000000017
239.222000000000171
239.547000000000171
239.935000000000171
240.270000000000172
241.445000000000173
241.829000000000173
250.04200000000018
250.578000000000181
251.307000000000182
251.766000000000182
274.886000000000202
297.140000000000222
297.646000000000223
300.723000000000225
301.265000000000226
302.137000000000227
308.073000000000232
308.315000000000232
309.235000000000233
310.310000000000234
312.878000000000236
316.84300000000024
336.476000000000257
336.969000000000258
337.423000000000258
337.999000000000259
338.483000000000259
342.374000000000262
343.904000000000264
345.276000000000265
377.368000000000294
380.930000000000297
383.633000000000299
389.855000000000305
392.550000000000307
399.722000000000313
400.193000000000314
400.865000000000314
406.73500000000032
406.98800000000032
407.37000000000032
408.860000000000321
409.237000000000322
415.581000000000327
416.011000000000328
416.420000000000328
417.124000000000329
418.28500000000033
427.548000000000338
434.138000000000344
434.801000000000344
435.634000000000345
436.053000000000346
446.585000000000355
447.656000000000356
449.542000000000358
451.569000000000359
452.78100000000036
456.722000000000364
457.720000000000365
458.290000000000365
458.620000000000366
459.183000000000366
460.069000000000367
466.045000000000372
471.028000000000377
471.355000000000377
471.623000000000377
472.010000000000378
472.349000000000378
473.033000000000378
480.141000000000385
480.872000000000385
481.344000000000386
481.884000000000386
482.581000000000387
495.245000000000398
498.116000000000401
499.014000000000402
499.461000000000402
500.003000000000402
509.02200000000041
509.605000000000411
510.038000000000411
511.162000000000412
511.359000000000413
518.259000000000419
518.570000000000419
518.885000000000419
519.160000000000419
521.794000000000422
522.202000000000422
526.466000000000426
527.321000000000427
527.714000000000427
528.084000000000427
528.522000000000428
531.720000000000431
538.748000000000437
539.594000000000438
540.685000000000439
541.188000000000439
547.325000000000444
554.992000000000451
555.494000000000452
555.766000000000452
555.998000000000452
558.387000000000454
565.09500000000046
569.953000000000465
570.448000000000465
570.798000000000465
571.559000000000466
580.040000000000474
580.621000000000474
581.148000000000474
584.115000000000477
584.453000000000477
593.132000000000485
593.374000000000485
593.708000000000486
593.890000000000486
594.272000000000486
603.748000000000495
604.132000000000495
604.550000000000495
604.903000000000496
605.273000000000496
774.269000000000646
775.145000000000647
775.564000000000647
776.471000000000648
781.114000000000652
791.210000000000661
791.879000000000662
792.293000000000662
792.715000000000662
793.569000000000663
812.87400000000068
813.528000000000681
813.961000000000681
815.269000000000682
816.118000000000683
829.217000000000695
829.619000000000695
830.248000000000696
830.613000000000696
831.926000000000697
839.598000000000704
839.896000000000704
840.282000000000705
840.765000000000705
841.252000000000705
852.153000000000715
852.359000000000715
852.786000000000716
853.517000000000716
854.359000000000717
863.123000000000725
863.497000000000725
863.877000000000726
864.461000000000726
864.877000000000726
874.453000000000735
874.830000000000735
875.162000000000736
875.758000000000736
876.335000000000737
884.140000000000744
884.488000000000744
884.938000000000744
886.057000000000745
886.463000000000746
895.367000000000754
896.034000000000754
896.584000000000755
896.946000000000755
897.403000000000755
908.711000000000765
909.160000000000766
909.601000000000766
910.117000000000767
910.963000000000767
918.936000000000774
919.513000000000775
920.149000000000776
920.643000000000776
921.268000000000777
927.845000000000782
928.320000000000783
928.793000000000783
929.469000000000784
930.012000000000784
950.244000000000802
950.746000000000803
951.122000000000803
952.324000000000804
953.001000000000805
963.159000000000814
963.553000000000814
964.047000000000815
965.153000000000816
966.057000000000816
976.077000000000825
976.605000000000826
977.696000000000827
979.072000000000828
979.657000000000828
1677.19900000000145
1677.75700000000145
1678.26000000000145
1679.04000000000145
1679.66900000000145
1706.61700000000147
1707.20200000000147
1708.18200000000148
1708.60400000000148
1709.27200000000148
1717.88100000000148
1718.40900000000148
1718.84300000000148
1719.51900000000149
1719.98800000000149
1731.7920000000015
1732.1590000000015
1732.6980000000015
1733.1300000000015
1733.7220000000015
1738.9790000000015
1739.2990000000015
1739.5240000000015
1740.2830000000015
1740.7260000000015
1750.34900000000151
1750.74000000000151
1750.95000000000151
1751.48900000000151
1751.70900000000151
1759.72700000000152
1760.42200000000152
1761.34800000000152
1761.66100000000152
1762.14000000000152
1771.62400000000153
1771.90900000000153
1772.52100000000153
1772.96000000000153
1773.37000000000153
1781.62100000000154
1781.87800000000154
1782.61600000000154
1782.86000000000154
1783.30000000000154
1790.70900000000155
1791.12300000000155
1791.56600000000155
1792.07900000000155
1792.45400000000155
1809.44600000000157
1809.63100000000157
1810.24700000000157
1812.15900000000157
1812.67000000000157
1826.36800000000158
1826.78200000000158
1827.36800000000158
1827.64600000000158
1828.25600000000158
1836.14000000000159
1836.38400000000159
1836.72600000000159
1837.23700000000159
1837.69900000000159
1843.5320000000016
1844.0050000000016
1844.3880000000016
1844.8340000000016
1845.1600000000016
1853.1220000000016
1853.6280000000016
1853.9580000000016
1854.35200000000161
1854.75200000000161
1978.14900000000172
1979.87400000000172
2089.5329999999972
66
-1
23.3499999999999941
59.4350000000000111
99.9030000000000471
109.4230000000000555
118.1320000000000633
131.180000000000075
151.023000000000092
166.443000000000106
177.101000000000116
204.45400000000014
234.251000000000166
241.829000000000173
274.886000000000202
302.137000000000227
312.878000000000236
338.483000000000259
383.633000000000299
400.865000000000314
409.237000000000322
418.28500000000033
436.053000000000346
452.78100000000036
466.045000000000372
473.033000000000378
482.581000000000387
500.003000000000402
511.359000000000413
521.794000000000422
531.720000000000431
547.325000000000444
558.387000000000454
571.559000000000466
584.453000000000477
594.272000000000486
605.273000000000496
781.114000000000652
793.569000000000663
816.118000000000683
831.926000000000697
841.252000000000705
854.359000000000717
864.877000000000726
876.335000000000737
886.463000000000746
897.403000000000755
910.963000000000767
921.268000000000777
930.012000000000784
953.001000000000805
966.057000000000816
979.657000000000828
1679.66900000000145
1709.27200000000148
1719.98800000000149
1733.7220000000015
1740.7260000000015
1751.70900000000151
1762.14000000000152
1773.37000000000153
1783.30000000000154
1792.45400000000155
1812.67000000000157
1828.25600000000158
1837.69900000000159
1845.1600000000016
1854.75200000000161
5
0
5000
0
0
0
0
2700
99
0
0
0
0
0
0
2700.79599999992988
0
0
0
0
0
0
