3
24
19
3
24
19
PPR2.11
FR5_day5
0
3
9
56
14
10
42
35
24
2
.3
1
131
1
27
1
1
1
1
1
1
1
1
1
1
1
1
1
1
1
1
1
1
1
1
1
1
130
-1
63.9490000000000152
66.5570000000000175
66.9230000000000178
67.8460000000000186
68.5920000000000193
184.972000000000123
185.743000000000123
187.892000000000125
190.420000000000127
190.995000000000128
664.359000000000548
668.019000000000552
671.100000000000554
673.169000000000556
675.077000000000558
682.019000000000564
683.069000000000565
685.556000000000567
689.852000000000571
691.479000000000572
700.685000000000581
702.668000000000582
702.962000000000583
705.464000000000585
705.912000000000585
715.239000000000594
721.020000000000599
724.589000000000602
726.328000000000603
727.661000000000605
733.92100000000061
735.342000000000611
736.541000000000612
738.127000000000614
738.696000000000614
747.085000000000622
749.232000000000624
751.233000000000626
753.665000000000628
755.67300000000063
762.851000000000636
763.938000000000637
766.582000000000639
767.25000000000064
768.292000000000641
774.754000000000646
776.649000000000648
777.952000000000649
781.023000000000652
783.473000000000654
789.395000000000659
791.283000000000661
792.295000000000662
794.367000000000664
795.971000000000665
803.657000000000672
811.152000000000679
812.68800000000068
813.916000000000681
814.316000000000682
823.71100000000069
824.495000000000691
825.832000000000692
826.860000000000693
827.581000000000693
843.278000000000707
844.189000000000708
847.077000000000711
848.641000000000712
849.136000000000712
858.622000000000721
859.998000000000722
862.186000000000724
863.346000000000725
864.313000000000726
880.63400000000074
883.013000000000743
884.078000000000744
885.729000000000745
886.397000000000746
896.824000000000755
897.874000000000756
900.721000000000758
901.673000000000759
904.158000000000761
923.915000000000779
926.793000000000781
929.369000000000784
929.991000000000784
931.345000000000786
949.583000000000802
958.60200000000081
959.49500000000081
961.413000000000812
961.954000000000813
981.14300000000083
982.350000000000831
983.083000000000831
985.185000000000833
986.592000000000835
1017.841000000000862
1021.047000000000865
1021.727000000000866
1022.643000000000867
1024.68400000000087
1045.49800000000089
1045.75200000000089
1047.97600000000089
1048.80300000000089
1050.89100000000089
1073.14100000000091
1074.94800000000091
1077.29200000000092
1078.55700000000092
1079.55300000000092
1097.49700000000093
1098.95000000000093
1100.44400000000094
1101.36300000000094
1101.98800000000094
1123.54100000000096
1125.74400000000096
1125.99300000000096
1127.28800000000096
1128.39500000000096
1145.53900000000098
1149.81600000000098
1155.67000000000098
1158.82500000000099
1160.69000000000099
26
-1
68.5920000000000193
190.995000000000128
675.077000000000558
691.479000000000572
705.912000000000585
727.661000000000605
738.696000000000614
755.67300000000063
768.292000000000641
783.473000000000654
795.971000000000665
814.316000000000682
827.581000000000693
849.136000000000712
864.313000000000726
886.397000000000746
904.158000000000761
931.345000000000786
961.954000000000813
986.592000000000835
1024.68400000000087
1050.89100000000089
1079.55300000000092
1101.98800000000094
1128.39500000000096
1160.69000000000099
5
0
5000
0
0
0
0
2700
99
0
0
0
0
0
0
2700.79599999992988
0
0
0
0
0
0
