3
16
19
3
16
19
PPR2.11
FR2_day3
0
3
10
09
15
10
56
04
24
2
.3
1
108
1
51
1
1
1
1
1
1
1
1
1
1
1
1
1
1
1
1
1
1
1
1
1
1
107
-1
92.6520000000000406
100.2980000000000474
139.574000000000082
140.581000000000083
155.700000000000097
156.495000000000097
161.005000000000101
165.975000000000106
177.948000000000116
188.615000000000126
189.780000000000127
203.394000000000139
205.608000000000141
209.889000000000145
218.390000000000152
219.723000000000154
227.24300000000016
229.674000000000162
246.779000000000178
248.449000000000179
376.516000000000293
378.489000000000294
426.428000000000337
429.37500000000034
433.651000000000344
437.505000000000347
446.732000000000355
462.528000000000369
465.782000000000372
474.42400000000038
477.165000000000382
486.683000000000391
489.342000000000393
500.715000000000403
502.425000000000405
509.802000000000411
515.073000000000416
526.381000000000426
530.73800000000043
545.773000000000443
549.016000000000446
559.210000000000455
564.46800000000046
575.98300000000047
580.420000000000474
592.223000000000484
596.918000000000488
666.15600000000055
668.424000000000552
675.582000000000558
679.154000000000562
690.970000000000572
692.967000000000574
702.763000000000582
705.104000000000585
713.028000000000592
715.618000000000594
720.283000000000598
725.375000000000603
728.957000000000606
734.864000000000611
736.045000000000612
743.991000000000619
745.885000000000621
760.917000000000634
767.22500000000064
776.537000000000648
778.86600000000065
784.536000000000655
788.804000000000659
797.070000000000666
800.579000000000669
812.53700000000068
815.922000000000683
817.100000000000684
823.49500000000069
825.597000000000692
835.4180000000007
837.480000000000702
848.931000000000712
850.845000000000714
855.517000000000718
952.503000000000804
1237.31700000000106
1275.08000000000109
1277.29700000000109
1306.58500000000112
1309.92900000000112
1320.90600000000113
1324.78400000000113
1338.41400000000115
1340.68500000000115
1349.47100000000116
1353.90800000000116
1362.35000000000117
1367.30200000000117
1378.46800000000118
1380.84900000000118
1391.44400000000119
1393.2000000000012
1413.18000000000121
1418.50400000000122
1419.35900000000122
1428.05300000000123
1438.05800000000124
1452.10700000000125
1457.11800000000125
50
-1
100.2980000000000474
140.581000000000083
156.495000000000097
177.948000000000116
189.780000000000127
205.608000000000141
219.723000000000154
229.674000000000162
248.449000000000179
378.489000000000294
429.37500000000034
446.732000000000355
465.782000000000372
477.165000000000382
489.342000000000393
502.425000000000405
515.073000000000416
530.73800000000043
549.016000000000446
564.46800000000046
580.420000000000474
596.918000000000488
668.424000000000552
679.154000000000562
692.967000000000574
705.104000000000585
715.618000000000594
728.957000000000606
736.045000000000612
745.885000000000621
767.22500000000064
778.86600000000065
788.804000000000659
800.579000000000669
815.922000000000683
825.597000000000692
837.480000000000702
850.845000000000714
1237.31700000000106
1277.29700000000109
1309.92900000000112
1324.78400000000113
1340.68500000000115
1353.90800000000116
1367.30200000000117
1380.84900000000118
1393.2000000000012
1418.50400000000122
1438.05800000000124
1457.11800000000125
2
0
5000
0
0
0
0
2700
99
0
0
0
0
0
0
2700.79599999992988
0
0
0
0
0
0
