3
14
19
3
14
19
PPR2.16
FR2_day1
0
2
12
02
40
12
48
40
24
2
.3
1
26
1
13
1
1
1
1
1
1
1
1
1
1
1
1
1
1
1
1
1
1
1
1
1
1
25
-1
58.3330000000000102
59.0360000000000108
68.1690000000000189
102.111000000000049
187.054000000000124
187.566000000000125
2246.50999999997991
2248.58999999997969
2272.11699999997709
2275.59599999997671
2314.7379999999724
2318.66099999997197
2343.8219999999692
2347.04099999996884
2382.97699999996488
2385.00099999996466
2410.0929999999619
2418.82999999996094
2436.79099999995896
2441.31099999995846
2465.52099999995579
2466.84699999995565
2521.67999999994961
2524.27299999994932
2547.35199999994678
12
-1
59.0360000000000108
102.111000000000049
187.566000000000125
2248.58999999997969
2275.59599999997671
2318.66099999997197
2347.04099999996884
2385.00099999996466
2418.82999999996094
2441.31099999995846
2466.84699999995565
2524.27299999994932
2
0
5000
0
0
0
0
2700
99
0
0
0
0
0
0
2700.79599999992988
0
0
0
0
0
0
