3
26
19
3
26
19
PPR2.16
PR3_day2
0
2
11
12
53
11
52
19
23
3
.3
1
144
1
10
1
1
1
1
1
1
1
1
1
1
1
1
1
1
1
1
1
1
1
1
1
184
143
-1
17.0179999999999995
58.2510000000000101
58.5600000000000104
61.1520000000000127
61.6940000000000132
67.5770000000000184
68.0390000000000188
69.4750000000000201
70.6930000000000211
71.0670000000000215
71.3630000000000217
71.9700000000000223
72.5130000000000228
76.120000000000026
76.5260000000000263
77.276000000000027
78.0740000000000277
78.2840000000000279
78.8000000000000283
80.5190000000000299
81.3940000000000306
81.6220000000000308
82.3010000000000314
83.1610000000000322
83.4160000000000324
83.5770000000000326
140.955000000000084
144.419000000000087
144.603000000000087
145.409000000000088
145.726000000000088
146.033000000000088
147.518000000000089
148.31400000000009
148.61800000000009
149.097000000000091
149.577000000000091
149.829000000000091
150.977000000000092
151.584000000000093
155.656000000000097
155.825000000000097
157.323000000000098
182.679000000000121
183.021000000000121
183.886000000000122
184.613000000000122
185.204000000000123
186.539000000000124
186.889000000000124
187.844000000000125
188.122000000000125
188.570000000000126
189.240000000000126
191.020000000000128
192.031000000000129
194.316000000000131
194.584000000000131
194.873000000000131
434.061000000000344
434.657000000000344
436.495000000000346
436.753000000000346
437.294000000000347
437.805000000000347
438.438000000000348
438.851000000000348
440.052000000000349
441.11400000000035
442.010000000000351
442.250000000000351
443.959000000000353
444.315000000000353
444.750000000000353
445.491000000000354
446.529000000000355
446.807000000000355
447.101000000000355
455.549000000000363
455.845000000000363
456.478000000000364
457.312000000000365
457.750000000000365
458.219000000000365
458.715000000000366
459.893000000000367
460.941000000000368
461.265000000000368
461.659000000000368
463.48600000000037
466.414000000000373
466.927000000000373
468.383000000000374
469.767000000000376
470.263000000000376
471.800000000000377
472.106000000000378
473.412000000000379
473.847000000000379
475.346000000000381
491.547000000000395
492.656000000000396
493.148000000000396
495.052000000000398
495.396000000000398
495.768000000000399
496.383000000000399
498.498000000000401
502.667000000000405
503.368000000000405
504.006000000000406
504.687000000000407
505.823000000000408
506.156000000000408
506.928000000000409
507.318000000000409
508.53800000000041
509.09000000000041
511.772000000000413
526.245000000000426
527.430000000000427
527.813000000000427
529.230000000000428
530.88800000000043
531.843000000000431
532.953000000000432
540.764000000000439
542.70400000000044
543.872000000000441
551.192000000000448
555.717000000000452
556.534000000000453
557.176000000000453
557.486000000000453
559.120000000000455
563.215000000000459
564.64300000000046
567.082000000000462
567.578000000000462
568.107000000000463
568.434000000000463
571.768000000000466
572.198000000000467
9
-1
17.0189999999999995
61.6950000000000132
71.9710000000000223
83.4170000000000324
150.978000000000092
194.585000000000131
447.102000000000355
475.34700000000038
531.844000000000431
0
0
5000
0
0
0
0
7200
0
0
0
0
0
10
0
2331.94499999997051
1800.00000000000156
1800
0
28
0
1
4
7
10
13
16
19
22
25
28
31
34
37
40
43
46
49
52
55
58
61
64
67
70
73
76
79
82
85
88
91
94
97
100
103
106
109
112
115
118
121
124
127
130
133
136
139
142
145
148
151
154
157
160
163
166
169
172
175
178
181
184
187
190
193
196
199
202
205
208
211
214
217
220
223
226
229
232
235
238
241
244
247
250
253
256
259
262
265
268
271
274
277
280
283
286
289
292
295
298
301
304
307
310
313
316
319
322
325
328
331
334
337
340
343
346
349
352
355
358
361
364
367
370
373
376
379
382
385
388
391
394
397
400
403
406
409
412
415
418
421
424
427
430
433
436
439
442
445
448
451
454
457
460
463
466
469
472
475
478
481
484
487
490
493
496
499
502
505
508
511
514
517
520
523
526
529
532
535
538
541
544
547
550
