3
27
19
3
27
19
PPR2.11
PR3_day3
0
3
10
40
25
11
38
12
23
3
.3
1
110
1
9
1
1
1
1
1
1
1
1
1
1
1
1
1
1
1
1
1
1
1
1
1
184
109
-1
49.2360000000000021
59.9140000000000116
63.0160000000000143
66.7320000000000176
131.673000000000075
132.660000000000076
138.471000000000081
140.808000000000083
143.894000000000086
148.934000000000091
154.479000000000096
155.901000000000097
156.679000000000098
165.677000000000106
168.382000000000108
172.735000000000112
174.834000000000114
176.007000000000115
182.904000000000121
185.780000000000123
186.811000000000124
188.777000000000126
261.801000000000191
271.503000000000199
273.324000000000201
274.662000000000202
276.534000000000204
279.425000000000207
280.386000000000207
282.80000000000021
283.82200000000021
284.579000000000211
284.991000000000211
286.832000000000213
287.116000000000213
292.036000000000218
306.18500000000023
307.963000000000232
310.333000000000234
311.305000000000235
315.529000000000239
316.414000000000239
317.69700000000024
320.236000000000243
323.864000000000246
327.176000000000249
328.990000000000251
329.180000000000251
367.408000000000285
442.523000000000351
442.890000000000352
451.77300000000036
459.902000000000367
462.095000000000369
468.346000000000374
470.125000000000376
472.255000000000378
473.468000000000379
474.75200000000038
483.611000000000388
484.822000000000389
534.345000000000433
558.880000000000455
562.507000000000458
563.441000000000459
564.65700000000046
573.965000000000468
576.67000000000047
579.070000000000473
580.742000000000474
582.548000000000476
604.012000000000495
612.875000000000503
614.492000000000504
616.191000000000506
620.028000000000509
800.81000000000067
1385.21300000000119
1391.49800000000119
1395.5080000000012
1399.1790000000012
1400.0850000000012
1404.28700000000121
1410.28100000000121
1417.00900000000122
1421.63000000000122
1425.92200000000122
1432.53500000000123
1434.37500000000123
1443.08600000000124
1553.39600000000134
1558.91900000000134
1564.82800000000135
1573.21900000000136
1573.68400000000136
1576.04300000000136
1578.63800000000136
1584.39500000000137
1585.83000000000137
1588.90400000000137
1591.14800000000137
1593.37300000000137
1594.62400000000137
1604.86800000000138
1618.3660000000014
1621.4220000000014
1623.6730000000014
1625.2470000000014
1627.4130000000014
8
-1
49.2370000000000021
131.674000000000075
156.680000000000098
261.802000000000191
292.037000000000218
451.77400000000036
582.549000000000476
1564.82900000000135
0
0
5000
0
0
0
0
7200
0
0
0
0
0
9
0
3364.92999999985674
1800.00000000000156
1800
0
25
0
1
4
7
10
13
16
19
22
25
28
31
34
37
40
43
46
49
52
55
58
61
64
67
70
73
76
79
82
85
88
91
94
97
100
103
106
109
112
115
118
121
124
127
130
133
136
139
142
145
148
151
154
157
160
163
166
169
172
175
178
181
184
187
190
193
196
199
202
205
208
211
214
217
220
223
226
229
232
235
238
241
244
247
250
253
256
259
262
265
268
271
274
277
280
283
286
289
292
295
298
301
304
307
310
313
316
319
322
325
328
331
334
337
340
343
346
349
352
355
358
361
364
367
370
373
376
379
382
385
388
391
394
397
400
403
406
409
412
415
418
421
424
427
430
433
436
439
442
445
448
451
454
457
460
463
466
469
472
475
478
481
484
487
490
493
496
499
502
505
508
511
514
517
520
523
526
529
532
535
538
541
544
547
550
