3
11
19
3
11
19
PPR2.15
FR1_day3
0
1
10
47
19
11
33
36
24
2
.3
1
27
1
20
1
1
1
1
1
1
1
1
1
1
1
1
1
1
1
1
1
1
1
1
1
1
26
-1
50.1790000000000029
60.9840000000000125
82.2270000000000314
91.3230000000000395
136.68400000000008
146.542000000000089
156.666000000000098
186.157000000000124
187.053000000000124
637.470000000000524
652.470000000000538
666.07000000000055
686.801000000000568
734.355000000000611
750.930000000000625
755.78600000000063
761.293000000000634
763.620000000000637
765.876000000000639
766.90400000000064
770.017000000000642
770.494000000000643
771.373000000000643
772.048000000000644
981.90900000000083
1858.88000000000161
19
-1
50.1790000000000029
60.9840000000000125
82.2270000000000314
91.3230000000000395
136.68400000000008
146.542000000000089
156.666000000000098
186.157000000000124
637.470000000000524
652.470000000000538
666.07000000000055
686.801000000000568
734.355000000000611
750.930000000000625
761.293000000000634
766.90400000000064
772.048000000000644
981.90900000000083
1858.88000000000161
1
0
5000
0
0
0
0
2700
99
0
0
0
0
0
0
2700.79699999992988
0
0
0
0
0
0
