3
25
19
3
25
19
PPR2.14
PR3_day1
0
2
12
20
39
13
31
24
23
3
.3
1
404
1
17
1
1
1
1
1
1
1
1
1
1
1
1
1
1
1
1
1
1
1
1
1
184
403
-1
3.73900000000000006
51.1140000000000038
111.1530000000000571
114.5750000000000601
132.660000000000076
135.947000000000079
193.61500000000013
193.866000000000131
195.174000000000132
198.889000000000135
200.503000000000136
203.532000000000139
210.106000000000145
218.627000000000153
220.312000000000154
220.810000000000154
221.767000000000155
227.925000000000161
231.332000000000164
234.272000000000166
234.644000000000167
235.000000000000167
237.238000000000169
241.529000000000173
263.119000000000192
264.145000000000193
267.737000000000196
271.7710000000002
274.641000000000202
281.993000000000209
282.361000000000209
283.49500000000021
283.975000000000211
286.080000000000212
287.081000000000213
287.301000000000214
289.698000000000216
302.516000000000227
303.556000000000228
304.444000000000229
306.37600000000023
306.833000000000231
319.141000000000242
319.940000000000242
391.208000000000306
398.788000000000313
399.279000000000313
401.231000000000315
402.145000000000316
402.647000000000316
403.601000000000317
431.676000000000342
433.236000000000343
437.459000000000347
438.113000000000347
439.501000000000349
440.94400000000035
470.162000000000376
473.720000000000379
475.479000000000381
516.160000000000417
522.214000000000422
524.946000000000425
529.489000000000429
532.644000000000431
534.055000000000433
576.51300000000047
577.520000000000471
579.635000000000473
580.655000000000474
582.348000000000476
585.343000000000478
585.778000000000479
589.103000000000482
598.54900000000049
600.369000000000492
602.297000000000493
607.623000000000498
610.3030000000005
612.000000000000502
612.629000000000502
614.337000000000504
615.421000000000505
616.331000000000506
617.891000000000507
619.563000000000509
621.17700000000051
625.058000000000513
625.946000000000514
626.249000000000515
635.538000000000523
637.115000000000524
653.522000000000539
656.369000000000541
658.838000000000543
664.229000000000548
670.718000000000554
672.422000000000556
673.380000000000556
673.730000000000557
674.412000000000557
674.965000000000558
676.439000000000559
678.558000000000561
706.621000000000586
707.355000000000587
708.349000000000587
708.888000000000588
709.597000000000589
713.199000000000592
718.751000000000597
719.688000000000598
720.578000000000598
723.510000000000601
850.331000000000714
856.936000000000719
857.85400000000072
858.656000000000721
859.085000000000721
861.469000000000723
861.980000000000724
890.99800000000075
891.75200000000075
894.359000000000753
895.366000000000754
896.078000000000754
896.514000000000755
897.982000000000756
903.369000000000761
906.005000000000763
908.787000000000765
918.652000000000774
919.137000000000775
933.681000000000788
934.272000000000788
936.46200000000079
962.328000000000813
966.350000000000817
991.740000000000839
993.06500000000084
994.930000000000842
1186.91100000000101
1293.04300000000111
1293.78600000000111
1296.07000000000111
1297.47800000000111
1313.42100000000112
1314.97700000000113
1320.71100000000113
1327.21600000000114
1327.87300000000114
1328.17400000000114
1328.92600000000114
1332.73000000000114
1335.01500000000114
1337.63600000000115
1341.36700000000115
1341.89700000000115
1350.00300000000116
1351.10500000000116
1352.05500000000116
1352.43200000000116
1353.35800000000116
1354.76200000000116
1357.31400000000116
1357.71700000000116
1360.47900000000117
1361.36000000000117
1361.94800000000117
1362.59200000000117
1369.77600000000117
1370.14700000000118
1370.81500000000118
1371.23700000000118
1372.12100000000118
1375.08300000000118
1375.51300000000118
1377.32600000000118
1378.69700000000118
1379.38300000000118
1386.74300000000119
1387.11700000000119
1388.01000000000119
1388.51800000000119
1389.22800000000119
1389.87700000000119
1390.53100000000119
1391.00600000000119
1391.83000000000119
1392.21500000000119
1393.1850000000012
1402.5970000000012
1404.36900000000121
1404.97900000000121
1405.65500000000121
1406.04400000000121
1406.74600000000121
1407.12400000000121
1408.43700000000121
1411.42700000000121
1414.04400000000121
1414.85200000000121
1415.89000000000122
1417.74800000000122
1418.04400000000122
1427.58000000000123
1428.49600000000123
1429.20500000000123
1429.59300000000123
1430.29600000000123
1431.26400000000123
1432.24000000000123
1439.97200000000124
1444.40600000000124
1451.78200000000125
1452.50100000000125
1453.52100000000125
1455.63000000000125
1466.49300000000126
1467.19300000000126
1468.10500000000126
1468.89400000000126
1469.48900000000126
1470.18200000000126
1470.78700000000126
1478.85700000000127
1479.55600000000127
1506.4120000000013
1507.5900000000013
1509.1710000000013
1511.5740000000013
1512.2820000000013
1512.7240000000013
1513.2190000000013
1513.6660000000013
1514.5190000000013
1515.8980000000013
1516.3010000000013
1517.04300000000131
1519.34800000000131
1520.12000000000131
1520.84900000000131
1521.81700000000131
1522.07000000000131
1522.74400000000131
1525.32600000000131
1525.71900000000131
1526.32300000000131
1734.8320000000015
1736.1650000000015
1736.6600000000015
1746.59400000000151
1747.06200000000151
1747.52300000000151
1748.68800000000151
1754.38800000000152
1755.04000000000152
1755.52600000000152
1755.75500000000152
1762.46500000000152
1765.97600000000153
1768.36000000000153
1768.87800000000153
1769.20500000000153
1769.68100000000153
1770.91900000000153
1771.26200000000153
1771.79300000000153
1772.67900000000153
1773.40000000000153
1773.90000000000153
1778.22700000000154
1778.91300000000154
1808.90300000000156
1811.45100000000157
1815.24100000000157
1817.07600000000157
1830.47800000000158
1835.34100000000159
1836.55400000000159
1837.30600000000159
1837.58700000000159
1839.06400000000159
1845.7060000000016
1864.85400000000161
1865.60200000000162
1867.04900000000162
1868.09700000000162
1869.57200000000162
1872.39800000000162
1873.07800000000162
1880.76200000000163
1882.13700000000163
1882.58100000000163
1885.44700000000163
1886.15700000000163
1888.04100000000164
1889.08000000000164
1889.67200000000164
1891.02300000000164
1892.49800000000164
1893.13300000000164
1894.03500000000164
1894.55800000000164
1897.07700000000164
1897.77300000000164
1898.65500000000164
1900.34900000000165
1901.22300000000165
1902.16400000000165
1906.38300000000165
1907.19400000000165
1908.82200000000165
1909.23700000000165
1909.74400000000165
1910.58700000000166
1919.36400000000166
1921.64100000000166
1949.03400000000169
1951.78000000000169
1964.6380000000017
1965.3700000000017
1965.9950000000017
1967.10400000000171
1990.49500000000173
1991.31800000000173
1991.55100000000173
1992.85000000000173
1993.67700000000173
1994.60900000000173
1995.28400000000173
1996.19500000000173
1999.79900000000173
2000.51900000000174
2013.42300000000175
2014.33900000000175
2014.94300000000175
2050.39900000000151
2050.99800000000145
2051.84000000000135
2052.42500000000129
2053.2420000000012
2055.17000000000099
2055.88900000000091
2057.7770000000007
2058.14500000000066
2062.72200000000016
2063.32900000000009
2063.95000000000002
2072.23799999999911
2072.70499999999906
2072.99099999999902
2073.57899999999896
2074.33199999999888
2074.73899999999883
2076.38499999999865
2077.08699999999857
2077.43599999999854
2077.94999999999848
2078.97499999999837
2269.70699999997736
2276.79599999997658
2277.34999999997652
2277.67499999997648
2280.92199999997612
2284.40399999997574
2296.17299999997444
2301.65399999997384
2301.84099999997382
2307.96899999997315
2309.71599999997295
2312.80599999997261
2313.55799999997253
2315.24599999997234
2316.21299999997224
2316.87399999997217
2317.61099999997208
2318.08099999997203
2318.359999999972
2318.97399999997193
2327.64099999997098
2328.71199999997086
2333.13299999997037
2333.55199999997033
2333.7879999999703
2340.93399999996952
2341.91699999996941
2342.96999999996929
2345.24499999996904
2346.12999999996894
2346.58599999996889
2349.83199999996854
2350.61299999996845
2352.82099999996821
2356.08599999996785
2356.77499999996777
2359.2549999999675
2359.98399999996742
2360.83599999996732
2364.11999999996696
2364.59899999996691
2364.98899999996687
2366.5209999999667
16
-1
3.74000000000000006
132.661000000000076
210.107000000000145
237.239000000000169
289.699000000000216
433.237000000000343
589.104000000000482
664.230000000000548
861.981000000000724
1320.71200000000113
1379.38400000000118
1444.40700000000124
1736.6610000000015
1873.07900000000162
2000.52000000000174
2318.97499999997193
0
0
5000
0
0
0
0
7200
0
0
0
0
0
17
0
4119.07599999977368
1800.00000000000156
1800
0
49
0
1
4
7
10
13
16
19
22
25
28
31
34
37
40
43
46
49
52
55
58
61
64
67
70
73
76
79
82
85
88
91
94
97
100
103
106
109
112
115
118
121
124
127
130
133
136
139
142
145
148
151
154
157
160
163
166
169
172
175
178
181
184
187
190
193
196
199
202
205
208
211
214
217
220
223
226
229
232
235
238
241
244
247
250
253
256
259
262
265
268
271
274
277
280
283
286
289
292
295
298
301
304
307
310
313
316
319
322
325
328
331
334
337
340
343
346
349
352
355
358
361
364
367
370
373
376
379
382
385
388
391
394
397
400
403
406
409
412
415
418
421
424
427
430
433
436
439
442
445
448
451
454
457
460
463
466
469
472
475
478
481
484
487
490
493
496
499
502
505
508
511
514
517
520
523
526
529
532
535
538
541
544
547
550
