3
28
19
3
28
19
PPR2.13
PR3_day4
0
3
11
20
26
13
16
19
23
3
.3
1
849
1
24
1
1
1
1
1
1
1
1
1
1
1
1
1
1
1
1
1
1
1
1
1
184
848
-1
17.4759999999999991
19.6229999999999973
20.9949999999999961
21.9229999999999953
37.866999999999992
38.4099999999999925
39.2779999999999932
39.4579999999999934
42.0009999999999957
42.9039999999999965
43.6699999999999971
44.4109999999999978
45.6209999999999989
45.8229999999999991
46.0779999999999993
46.4439999999999996
46.7469999999999999
46.917
47.1040000000000002
49.7480000000000025
50.0650000000000028
86.0040000000000347
87.7330000000000363
88.2180000000000367
88.585000000000037
88.8190000000000372
89.7980000000000381
90.1140000000000384
90.7030000000000389
91.2380000000000394
91.5860000000000397
98.0170000000000454
98.7890000000000461
99.3450000000000466
99.6980000000000469
100.6190000000000477
101.0020000000000481
101.4810000000000485
101.8580000000000488
102.1890000000000491
125.73700000000007
126.5230000000000707
126.796000000000071
126.9180000000000711
140.645000000000083
140.890000000000083
141.227000000000084
141.943000000000084
144.086000000000086
144.536000000000087
144.965000000000087
145.769000000000088
146.219000000000088
146.768000000000089
147.128000000000089
147.491000000000089
147.93600000000009
148.21500000000009
148.58900000000009
148.882000000000091
152.026000000000093
153.131000000000094
153.423000000000095
153.878000000000095
154.323000000000095
154.801000000000096
154.924000000000096
155.334000000000096
156.174000000000097
156.651000000000097
156.785000000000098
157.112000000000098
157.667000000000098
188.412000000000126
189.565000000000127
189.870000000000127
190.275000000000127
190.469000000000128
190.694000000000128
191.186000000000128
191.491000000000128
191.980000000000129
192.602000000000129
198.449000000000135
200.020000000000136
200.911000000000137
201.298000000000137
201.571000000000137
202.360000000000138
205.636000000000141
206.319000000000142
206.967000000000142
208.993000000000144
209.440000000000144
209.599000000000144
209.744000000000145
209.967000000000145
211.086000000000146
211.932000000000147
212.081000000000147
212.902000000000147
213.292000000000148
214.228000000000149
214.371000000000149
215.175000000000149
221.144000000000155
222.905000000000156
223.335000000000157
223.644000000000157
223.875000000000157
224.399000000000158
224.690000000000158
225.065000000000158
226.296000000000159
227.22600000000016
227.43700000000016
227.670000000000161
228.002000000000161
228.361000000000161
229.569000000000162
230.035000000000163
230.438000000000163
230.859000000000163
231.499000000000164
231.704000000000164
232.142000000000165
232.917000000000165
233.682000000000166
234.563000000000167
235.394000000000167
264.242000000000193
265.330000000000194
265.876000000000194
266.726000000000195
267.203000000000196
267.680000000000196
268.319000000000197
269.172000000000197
269.575000000000198
270.638000000000199
270.996000000000199
271.473000000000199
272.0620000000002
272.2100000000002
272.4270000000002
273.208000000000201
273.519000000000201
273.834000000000202
274.109000000000202
275.301000000000203
276.185000000000204
276.470000000000204
278.344000000000206
278.740000000000206
279.027000000000206
279.943000000000207
300.106000000000225
300.767000000000225
318.725000000000241
319.469000000000242
320.398000000000243
320.753000000000243
373.65700000000029
375.081000000000291
380.410000000000296
381.913000000000298
382.445000000000298
382.828000000000298
383.971000000000299
384.2650000000003
384.4460000000003
385.338000000000301
385.968000000000301
386.459000000000302
386.941000000000302
387.421000000000302
387.820000000000303
388.110000000000303
389.630000000000304
390.588000000000305
391.325000000000306
391.504000000000306
391.973000000000306
392.434000000000307
393.586000000000308
394.022000000000308
394.576000000000309
395.252000000000309
395.53000000000031
395.67100000000031
399.916000000000314
403.991000000000317
404.757000000000318
406.256000000000319
406.72600000000032
407.927000000000321
408.915000000000322
409.280000000000322
409.688000000000322
410.086000000000323
412.695000000000325
412.952000000000325
518.730000000000419
519.73100000000042
525.061000000000425
526.311000000000426
526.618000000000426
527.132000000000426
528.520000000000428
529.232000000000428
529.763000000000429
530.145000000000429
530.96700000000043
531.23500000000043
536.524000000000435
545.331000000000443
546.772000000000444
547.505000000000445
547.726000000000445
549.125000000000446
550.471000000000447
550.731000000000447
551.701000000000448
553.80900000000045
554.840000000000451
561.000000000000457
723.0250000000006
724.704000000000602
727.079000000000604
727.667000000000605
727.959000000000605
736.262000000000612
738.169000000000614
739.363000000000615
740.440000000000616
870.287000000000731
871.609000000000732
873.560000000000734
923.564000000000779
927.707000000000782
931.181000000000785
933.941000000000788
935.92700000000079
936.67600000000079
938.181000000000792
940.419000000000794
941.462000000000794
942.425000000000795
943.264000000000796
943.388000000000796
945.422000000000798
946.156000000000799
948.0790000000008
948.479000000000801
948.818000000000801
949.455000000000802
950.451000000000802
951.075000000000803
951.928000000000804
952.397000000000804
952.891000000000805
954.590000000000806
962.809000000000814
992.17300000000084
993.394000000000841
1001.656000000000848
1004.706000000000851
1005.152000000000851
1006.171000000000852
1008.433000000000854
1008.640000000000854
1009.898000000000855
1010.704000000000856
1011.558000000000857
1011.900000000000857
1015.78700000000086
1016.697000000000861
1017.204000000000862
1018.880000000000863
1154.44800000000098
1157.31000000000099
1159.86100000000099
1163.22300000000099
1163.49800000000099
1164.06100000000099
1165.04000000000099
1165.18500000000099
1167.726000000001
1168.710000000001
1169.685000000001
1171.222000000001
1174.499000000001
1175.553000000001
1177.563000000001
1178.55300000000101
1183.34600000000101
1184.21600000000101
1184.51000000000101
1185.32900000000101
1186.03700000000101
1186.19300000000101
1187.34000000000101
1197.86700000000102
1222.33000000000104
1223.75200000000105
1224.64600000000105
1225.75800000000105
1226.09300000000105
1226.59300000000105
1227.35200000000105
1227.59700000000105
1227.85500000000105
1231.17300000000105
1231.95400000000105
1232.20800000000105
1232.62600000000105
1232.98200000000105
1233.53900000000105
1234.14000000000105
1234.96400000000106
1235.27200000000106
1235.97300000000106
1236.85700000000106
1237.24800000000106
1237.76000000000106
1238.41600000000106
1239.00200000000106
1239.75800000000106
1240.28500000000106
1240.49800000000106
1240.93000000000106
1241.51900000000106
1243.59400000000106
1245.02500000000106
1246.49200000000107
1247.26500000000107
1247.50900000000107
1248.11500000000107
1249.91000000000107
1251.82400000000107
1252.00700000000107
1328.39800000000114
1332.55800000000114
1333.13100000000114
1334.38200000000114
1358.52600000000116
1359.55900000000117
1360.19500000000117
1360.54300000000117
1361.16300000000117
1368.79100000000117
1372.57900000000118
1373.62100000000118
1376.26600000000118
1377.03900000000118
1377.45100000000118
1379.52800000000118
1380.39300000000118
1380.65300000000118
1381.73000000000119
1382.36300000000119
1382.49600000000119
1383.54100000000119
1611.97500000000139
1613.50100000000139
1616.32200000000139
1617.6500000000014
1617.9550000000014
1618.3930000000014
1619.3630000000014
1619.6130000000014
1620.2110000000014
1620.3440000000014
1621.7230000000014
1622.1810000000014
1625.9820000000014
1627.0970000000014
1628.2200000000014
1628.6160000000014
1632.38300000000141
1634.15800000000141
1638.32300000000141
1638.98000000000141
1640.85500000000142
1641.71400000000142
1923.98600000000167
1925.01200000000167
1925.62000000000167
1928.48900000000167
1929.10100000000167
1929.68200000000167
1942.19300000000168
1945.46500000000169
1945.99400000000169
1955.10500000000169
1957.0730000000017
1958.5590000000017
1958.9430000000017
1969.03200000000171
1971.25000000000171
1972.18800000000171
1973.50900000000171
1978.57600000000172
1979.39300000000172
1980.16500000000172
1980.27100000000172
1980.96700000000172
1983.36300000000172
1983.48400000000172
1984.05500000000172
1985.35600000000172
1985.69400000000172
1986.53800000000172
1987.70200000000172
1988.15300000000172
1988.35100000000172
1991.71600000000173
2292.28799999997487
2293.64799999997472
2294.07999999997468
2298.46899999997419
2301.02299999997391
2301.51899999997386
2301.77699999997383
2302.40899999997376
2302.86299999997371
2303.8199999999736
2304.45699999997353
2304.89499999997348
2305.50199999997342
2306.34299999997332
2306.99399999997325
2307.17299999997323
2307.56399999997319
2308.09899999997313
2309.24599999997301
2310.28399999997289
2310.84099999997283
2311.73499999997273
2312.60699999997264
2326.13699999997114
2331.0459999999706
2331.81099999997052
2332.24699999997047
2332.78399999997041
2338.94299999996973
2339.54399999996967
2339.69999999996965
2341.14399999996949
2341.50099999996945
2343.14499999996927
2344.79899999996909
2345.82099999996898
2345.99499999996896
2346.5019999999689
2347.85899999996875
2348.51099999996868
2349.67999999996855
2350.83299999996843
2351.38099999996836
2351.68099999996833
2352.46699999996824
2352.78799999996821
2352.95599999996819
2354.07599999996807
2354.60299999996801
2355.70399999996789
2356.5069999999678
2357.04799999996774
2357.17999999996773
2357.75799999996766
2358.11499999996762
2358.79499999996755
2370.59899999996625
2371.36999999996616
2372.03799999996609
2372.73799999996601
2376.20499999996563
2377.3589999999655
2385.79699999996457
2387.03899999996444
2387.94799999996434
2389.75199999996414
2390.25599999996408
2390.82799999996402
2391.36299999996396
2391.67499999996393
2392.05699999996388
2398.93399999996313
2400.03999999996301
2401.80999999996281
2403.02399999996268
2415.87999999996126
2416.53599999996119
2419.22499999996089
2419.36099999996088
2420.23499999996078
2421.09099999996069
2422.40499999996054
2424.26299999996034
2424.89799999996027
2427.17099999996002
2430.65099999995963
2431.33599999995956
2431.79999999995951
2432.93399999995938
2433.62099999995931
2433.91399999995928
2434.31699999995923
2436.50299999995899
2437.04299999995893
2437.21899999995891
2440.53999999995855
2441.8309999999584
2442.69099999995831
2443.08199999995827
2443.45899999995822
2514.14799999995044
2514.39399999995041
2515.62599999995028
2516.01299999995023
2517.00199999995012
2517.28999999995009
2517.58899999995006
2517.85399999995003
2518.67399999994994
2519.67899999994983
2520.23099999994977
2520.48399999994974
2521.24499999994966
2521.57999999994962
2521.90999999994958
2531.50099999994853
2532.97399999994837
2533.12399999994835
2533.5609999999483
2533.77399999994828
2540.17299999994757
2543.28599999994723
2545.92899999994694
2554.466999999946
2555.67099999994587
2560.99399999994528
2567.74699999994454
2568.20299999994449
2571.7049999999441
2743.22899999992521
2770.98499999992215
2771.87899999992205
2772.53399999992198
2772.85799999992195
2772.99499999992193
2773.16099999992191
2775.16399999992169
2778.63699999992131
2779.15899999992125
2779.35299999992123
2779.6579999999212
2779.99699999992116
2784.85899999992062
2787.28599999992036
2788.45799999992023
2790.37299999992002
2791.00599999991995
2793.2419999999197
2794.52199999991956
2796.16099999991938
2796.49299999991934
2797.01399999991929
2801.06899999991884
2801.85399999991875
2802.44099999991869
2811.66799999991767
2980.2879999998991
3330.88299999986049
3333.65099999986018
3335.84799999985994
3338.19699999985968
3338.72999999985962
3342.97199999985916
3344.44499999985899
3344.97499999985894
3345.85099999985884
3346.58299999985876
3347.37099999985867
3351.90899999985817
3353.25199999985802
3353.76799999985797
3362.15999999985704
3362.89999999985696
3364.95399999985674
3365.58899999985667
3366.75299999985654
3367.41299999985646
3368.55399999985634
3369.51899999985623
3369.8289999998562
3370.15199999985616
3371.624999999856
3373.22599999985582
3373.91899999985575
3375.33299999985559
3375.93699999985553
3377.37099999985537
3377.71799999985533
3447.72199999984762
3450.87799999984727
3451.35799999984722
3451.77899999984717
3452.07599999984714
3453.07099999984703
3453.72499999984696
3454.65399999984686
3455.02999999984682
3457.24099999984657
3457.53099999984654
3458.05699999984648
3460.49199999984621
3461.08199999984615
3461.42699999984611
3463.67999999984586
3464.33299999984579
3465.1169999998457
3465.46899999984567
3466.11899999984559
3466.57299999984554
3468.35299999984535
3469.21199999984525
3469.6829999998452
3469.80099999984519
3470.31899999984513
3475.99599999984451
3478.99799999984418
3479.60599999984411
3480.28299999984403
3483.65299999984366
3484.1829999998436
3485.07099999984351
3485.54899999984345
3487.55099999984323
3488.18199999984316
3490.20599999984294
3491.27599999984282
3492.15899999984273
3492.55999999984268
3493.07699999984262
3493.91799999984253
3494.51499999984247
3494.99299999984241
3495.59799999984235
3495.97699999984231
3496.55699999984224
3496.86999999984221
3498.10999999984207
3499.46899999984192
3499.98699999984186
3500.89699999984176
3502.20599999984162
3503.44999999984148
3505.37399999984127
3505.76399999984123
3509.51699999984081
3510.67199999984069
3510.80299999984067
3515.73399999984013
3515.89299999984011
3628.20799999982774
3633.33299999982718
3634.0679999998271
3634.82499999982701
3634.956999999827
3635.34599999982696
3636.15299999982687
3636.90999999982678
3637.25199999982675
3637.52499999982672
3637.96599999982667
3638.85299999982657
3639.72299999982647
3642.75799999982614
3644.23799999982598
3660.3289999998242
3660.92299999982414
3662.61099999982395
3720.16399999981762
3724.38999999981715
3725.49499999981703
3730.2949999998165
3731.88599999981632
3732.65699999981624
3733.81299999981611
3735.14999999981596
3735.7009999998159
3736.20299999981585
3736.70199999981579
3737.66499999981569
3738.85099999981556
3740.2389999998154
3740.71499999981535
3741.06799999981531
3741.49299999981527
3741.82499999981523
3745.92999999981478
3747.24699999981463
3748.59599999981448
3750.39999999981428
3751.58299999981415
3765.20599999981265
3821.84199999980642
3824.28599999980615
3826.87899999980586
3994.30399999978742
3996.63199999978717
3996.75799999978715
3997.17599999978711
3999.63799999978684
3999.82499999978681
4004.23999999978633
4005.3899999997862
4288.64199999975501
4336.95299999974969
4339.18799999974944
4342.38699999974909
4344.85399999974882
4351.21199999974812
4351.49899999974808
4357.19899999974746
4358.73799999974729
4360.91799999974705
4363.01199999974682
4465.39399999973554
4467.5889999997353
4471.66399999973485
4472.76499999973473
4473.17899999973468
4474.8319999997345
4476.42999999973432
4477.22899999973424
4661.26399999971397
4662.55399999971383
4664.75799999971358
4665.5219999997135
4666.64099999971338
4667.98999999971323
4668.80599999971314
4669.33299999971308
4669.79299999971303
4671.54999999971284
4672.86099999971269
4673.27899999971264
4674.08299999971256
4675.75299999971237
4677.63599999971216
4680.36999999971186
4680.74099999971182
4686.12399999971123
4699.92299999970971
4743.37899999970492
4745.03399999970474
4746.21799999970461
4752.92699999970387
4794.87999999969925
4834.84599999969485
4889.87599999968879
4892.63999999968849
4894.93599999968823
4897.32499999968797
4898.51199999968784
4899.66999999968771
4903.19999999968732
4903.63999999968727
4904.26099999968721
4904.54599999968717
4905.36899999968708
4906.120999999687
4906.25299999968699
4907.30399999968687
4908.51299999968674
4908.91899999968669
4909.30599999968665
4909.85099999968659
4910.31299999968654
4911.79999999968638
4912.87299999968626
4913.17199999968622
4914.36599999968609
4915.13999999968601
4915.33999999968598
4915.97199999968592
4918.26399999968566
4921.30099999968533
4926.93799999968471
4928.70499999968451
4933.31199999968401
5069.75199999966898
5070.42499999966891
5071.22299999966882
5097.10399999966597
5097.63699999966591
5098.26399999966584
5098.54799999966581
5099.18099999966574
5100.25599999966562
5109.59699999966459
5112.2839999996643
5169.93399999965795
5171.64799999965776
5173.91099999965751
5174.50899999965744
5176.33499999965724
5217.83399999965267
5220.23499999965241
5229.25099999965141
5229.53799999965138
5229.87799999965134
5230.44799999965128
5240.75699999965015
5249.18599999964922
5251.24499999964899
5251.57199999964895
5254.43599999964864
5255.45099999964853
5255.6729999996485
5256.87899999964837
5257.25899999964833
5259.66199999964806
5710.5569999995984
5711.99399999959825
5714.31299999959799
5715.05799999959791
5715.56499999959785
5716.76099999959772
5717.05099999959769
5721.21499999959723
5721.57499999959719
5722.81099999959706
5723.311999999597
5725.23499999959679
5727.07799999959659
5727.63099999959652
5731.78299999959607
5732.59599999959598
5734.25599999959579
5735.56099999959565
5751.20499999959393
6051.0729999995609
6053.52699999956063
6057.61899999956018
23
-1
17.4769999999999991
39.4589999999999934
47.1050000000000002
91.5870000000000397
126.9190000000000711
148.883000000000091
192.603000000000129
215.176000000000149
235.395000000000167
300.768000000000225
395.53100000000031
554.841000000000451
954.591000000000806
1187.34100000000101
1334.38300000000114
1929.68300000000167
2312.60799999997264
2403.02499999996268
2743.22999999992521
3377.71899999985533
3515.89399999984011
4363.01299999974682
5071.22399999966882
0
0
5000
0
0
0
0
7200
0
0
0
0
0
24
0
6871.32499999947056
1800.00000000000156
1800
0
70
0
1
4
7
10
13
16
19
22
25
28
31
34
37
40
43
46
49
52
55
58
61
64
67
70
73
76
79
82
85
88
91
94
97
100
103
106
109
112
115
118
121
124
127
130
133
136
139
142
145
148
151
154
157
160
163
166
169
172
175
178
181
184
187
190
193
196
199
202
205
208
211
214
217
220
223
226
229
232
235
238
241
244
247
250
253
256
259
262
265
268
271
274
277
280
283
286
289
292
295
298
301
304
307
310
313
316
319
322
325
328
331
334
337
340
343
346
349
352
355
358
361
364
367
370
373
376
379
382
385
388
391
394
397
400
403
406
409
412
415
418
421
424
427
430
433
436
439
442
445
448
451
454
457
460
463
466
469
472
475
478
481
484
487
490
493
496
499
502
505
508
511
514
517
520
523
526
529
532
535
538
541
544
547
550
