3
26
19
3
26
19
PPR2.10
PR3_day2
0
2
9
22
36
10
26
06
23
3
.3
1
160
1
11
1
1
1
1
1
1
1
1
1
1
1
1
1
1
1
1
1
1
1
1
1
184
159
-1
21.9449999999999953
67.7820000000000186
76.9410000000000267
77.7960000000000274
79.546000000000029
92.3090000000000403
93.6390000000000415
95.9430000000000436
98.7750000000000461
99.3890000000000466
103.3990000000000502
103.8950000000000506
112.6430000000000584
114.8900000000000604
116.0420000000000614
117.6870000000000629
118.7980000000000639
119.6440000000000646
138.338000000000081
138.974000000000082
139.668000000000082
140.293000000000083
169.590000000000109
170.23800000000011
170.93800000000011
171.402000000000111
171.930000000000111
174.196000000000113
174.555000000000113
174.942000000000114
175.451000000000114
175.779000000000114
176.380000000000115
176.723000000000115
177.101000000000116
178.738000000000117
181.54300000000012
183.921000000000122
184.910000000000123
185.542000000000123
191.279000000000128
191.845000000000129
192.146000000000129
194.658000000000131
195.078000000000132
195.757000000000132
196.188000000000133
196.887000000000133
199.576000000000136
199.934000000000136
200.290000000000136
200.783000000000137
201.981000000000138
207.009000000000142
207.671000000000143
208.316000000000143
210.586000000000145
211.247000000000146
215.55700000000015
223.208000000000157
224.153000000000157
226.008000000000159
226.75100000000016
227.52300000000016
230.898000000000163
332.785000000000254
335.852000000000257
336.445000000000257
339.09700000000026
339.69600000000026
340.241000000000261
341.163000000000261
341.455000000000262
375.709000000000292
380.855000000000297
382.331000000000298
409.190000000000322
425.190000000000336
429.85500000000034
432.626000000000343
433.295000000000343
433.795000000000344
435.247000000000345
438.473000000000348
445.191000000000354
445.893000000000354
449.437000000000358
450.004000000000358
908.592000000000765
909.997000000000767
911.469000000000768
913.37300000000077
916.347000000000772
917.640000000000773
921.397000000000777
940.883000000000794
944.120000000000797
947.6600000000008
948.921000000000801
949.581000000000802
952.178000000000804
953.696000000000805
956.047000000000807
958.60000000000081
962.978000000000814
973.214000000000823
1055.1610000000009
1073.19000000000091
1173.625000000001
1175.490000000001
1178.210000000001
1183.02300000000101
1184.35700000000101
1188.67800000000101
1192.16900000000102
1195.61800000000102
1556.57600000000134
1557.31200000000134
1559.51200000000134
1563.03000000000135
1584.55400000000137
1640.81100000000142
1642.60500000000142
1643.88900000000142
1646.50900000000142
1647.52700000000142
1652.64700000000143
1654.14900000000143
1659.55100000000143
1660.42300000000143
1663.51700000000144
1664.45300000000144
1673.68800000000144
1676.53900000000145
1683.48900000000145
1683.97000000000145
1686.55300000000146
1719.68700000000149
1720.46500000000149
1728.58300000000149
1729.99400000000149
1731.8780000000015
1814.00400000000157
1814.20600000000157
1853.1380000000016
1956.6530000000017
1961.9830000000017
1963.4240000000017
2148.74799999999068
2183.79999999998682
2188.00799999998636
2203.79699999998462
2207.30199999998423
2211.29899999998379
2212.37599999998367
2213.27199999998358
2220.56299999998277
2221.69899999998265
2222.64899999998254
10
-1
21.9459999999999953
79.547000000000029
103.8960000000000506
140.294000000000083
177.102000000000116
201.982000000000138
341.456000000000262
921.398000000000777
1563.03100000000135
1963.4250000000017
0
0
5000
0
0
0
0
7200
0
0
0
0
0
11
0
3763.52599999981284
1800.00000000000156
1800
0
31
0
1
4
7
10
13
16
19
22
25
28
31
34
37
40
43
46
49
52
55
58
61
64
67
70
73
76
79
82
85
88
91
94
97
100
103
106
109
112
115
118
121
124
127
130
133
136
139
142
145
148
151
154
157
160
163
166
169
172
175
178
181
184
187
190
193
196
199
202
205
208
211
214
217
220
223
226
229
232
235
238
241
244
247
250
253
256
259
262
265
268
271
274
277
280
283
286
289
292
295
298
301
304
307
310
313
316
319
322
325
328
331
334
337
340
343
346
349
352
355
358
361
364
367
370
373
376
379
382
385
388
391
394
397
400
403
406
409
412
415
418
421
424
427
430
433
436
439
442
445
448
451
454
457
460
463
466
469
472
475
478
481
484
487
490
493
496
499
502
505
508
511
514
517
520
523
526
529
532
535
538
541
544
547
550
