3
11
19
3
11
19
PPR2.12
FR1_day3
0
4
9
54
01
10
40
09
24
2
.3
1
71
1
63
1
1
1
1
1
1
1
1
1
1
1
1
1
1
1
1
1
1
1
1
1
1
70
-1
14.17500000000000028
14.29000000000000028
19.8289999999999971
48.6690000000000016
113.1290000000000588
121.9380000000000667
283.31300000000021
283.44300000000021
295.355000000000221
302.803000000000227
308.765000000000233
318.990000000000242
326.184000000000248
333.496000000000255
333.868000000000255
334.462000000000255
376.369000000000293
382.094000000000298
391.673000000000306
444.634000000000353
458.282000000000365
476.911000000000382
478.962000000000384
479.963000000000385
485.72100000000039
516.626000000000417
526.758000000000426
577.908000000000472
578.408000000000472
691.219000000000572
712.889000000000592
726.027000000000603
731.657000000000608
742.129000000000618
762.699000000000636
781.796000000000653
951.256000000000803
963.221000000000814
970.48000000000082
984.847000000000833
1008.244000000000854
1008.694000000000854
1205.70700000000103
1218.81100000000104
1233.36600000000105
1243.47900000000106
1299.78800000000111
1309.03000000000112
1323.36700000000113
1360.02200000000117
1416.21700000000122
1421.74400000000122
1432.44200000000123
1439.80300000000124
1453.82200000000125
1463.10500000000126
1478.41100000000127
1490.95400000000128
1504.07800000000129
1518.54400000000131
1528.90000000000132
1541.08100000000133
1553.58800000000134
1577.39000000000136
1592.14700000000137
1604.17900000000138
1613.69500000000139
1624.9570000000014
1636.49200000000141
2160.95899999998934
62
-1
14.17500000000000028
19.8289999999999971
48.6690000000000016
113.1290000000000588
121.9380000000000667
283.31300000000021
295.355000000000221
302.803000000000227
308.765000000000233
318.990000000000242
326.184000000000248
333.496000000000255
376.369000000000293
382.094000000000298
391.673000000000306
444.634000000000353
458.282000000000365
476.911000000000382
485.72100000000039
516.626000000000417
526.758000000000426
577.908000000000472
691.219000000000572
712.889000000000592
726.027000000000603
731.657000000000608
742.129000000000618
762.699000000000636
781.796000000000653
951.256000000000803
963.221000000000814
970.48000000000082
984.847000000000833
1008.244000000000854
1205.70700000000103
1218.81100000000104
1233.36600000000105
1243.47900000000106
1299.78800000000111
1309.03000000000112
1323.36700000000113
1360.02200000000117
1416.21700000000122
1421.74400000000122
1432.44200000000123
1439.80300000000124
1453.82200000000125
1463.10500000000126
1478.41100000000127
1490.95400000000128
1504.07800000000129
1518.54400000000131
1528.90000000000132
1541.08100000000133
1553.58800000000134
1577.39000000000136
1592.14700000000137
1604.17900000000138
1613.69500000000139
1624.9570000000014
1636.49200000000141
2160.95899999998934
1
0
5000
0
0
0
0
2700
99
0
0
0
0
0
0
2700.79699999992988
0
0
0
0
0
0
