3
13
19
3
13
19
PPR2.16
FR1_day5
0
2
10
52
13
11
41
17
24
2
.3
1
32
1
26
1
1
1
1
1
1
1
1
1
1
1
1
1
1
1
1
1
1
1
1
1
1
31
-1
32.4149999999999871
76.6750000000000265
142.740000000000085
152.903000000000094
163.897000000000104
165.226000000000105
166.686000000000106
235.645000000000168
328.05900000000025
400.088000000000314
418.61000000000033
428.094000000000339
437.631000000000347
445.873000000000354
453.387000000000361
463.70800000000037
483.709000000000388
491.772000000000395
501.911000000000404
511.315000000000412
521.430000000000421
531.40600000000043
531.60000000000043
532.029000000000431
538.414000000000436
552.270000000000449
564.189000000000459
573.043000000000467
587.86600000000048
588.300000000000481
588.420000000000481
25
-1
32.4149999999999871
76.6750000000000265
142.740000000000085
152.903000000000094
163.897000000000104
235.645000000000168
328.05900000000025
400.088000000000314
418.61000000000033
428.094000000000339
437.631000000000347
445.873000000000354
453.387000000000361
463.70800000000037
483.709000000000388
491.772000000000395
501.911000000000404
511.315000000000412
521.430000000000421
531.40600000000043
538.414000000000436
552.270000000000449
564.189000000000459
573.043000000000467
587.86600000000048
1
0
5000
0
0
0
0
2700
99
0
0
0
0
0
0
2700.79699999992988
0
0
0
0
0
0
