3
29
19
3
29
19
PPR2.12
PR3_day5
0
4
10
29
07
11
18
53
23
3
.3
1
376
1
16
1
1
1
1
1
1
1
1
1
1
1
1
1
1
1
1
1
1
1
1
1
184
375
-1
0.549
5.3050000000000001
5.6360000000000001
5.90800000000000011
6.30200000000000012
6.68100000000000013
7.68000000000000015
40.9159999999999947
41.3579999999999951
42.4769999999999961
44.2809999999999977
44.641999999999998
45.1989999999999985
45.5249999999999988
110.2650000000000563
114.5720000000000601
116.4000000000000617
116.8160000000000621
117.9600000000000631
119.7650000000000647
121.262000000000066
121.8900000000000666
123.404000000000068
123.7990000000000683
134.475000000000078
135.601000000000079
136.47700000000008
138.488000000000081
138.877000000000082
144.082000000000086
145.063000000000087
145.855000000000088
146.959000000000089
147.359000000000089
147.67800000000009
149.188000000000091
150.745000000000092
151.666000000000093
156.637000000000097
160.438000000000101
160.822000000000101
161.150000000000101
161.415000000000102
162.161000000000102
162.564000000000103
163.141000000000103
164.382000000000104
164.726000000000105
166.076000000000106
166.749000000000106
167.074000000000107
171.461000000000111
181.62500000000012
182.25500000000012
210.541000000000145
211.617000000000146
212.342000000000147
212.601000000000147
212.856000000000147
213.625000000000148
214.886000000000149
215.29100000000015
218.685000000000153
220.109000000000154
220.512000000000154
220.920000000000155
221.182000000000155
222.338000000000156
223.037000000000156
223.324000000000157
225.482000000000159
226.70900000000016
227.10600000000016
232.081000000000164
233.536000000000166
233.795000000000166
234.129000000000166
234.907000000000167
240.047000000000172
246.292000000000177
248.455000000000179
249.42600000000018
252.460000000000183
254.113000000000184
255.009000000000185
255.994000000000186
257.066000000000187
260.249000000000189
265.717000000000194
266.326000000000195
269.316000000000198
269.549000000000198
270.533000000000199
270.900000000000199
292.277000000000218
292.564000000000218
292.838000000000218
293.564000000000219
299.288000000000224
302.834000000000227
303.265000000000228
303.749000000000228
316.318000000000239
317.42100000000024
318.223000000000241
328.83200000000025
329.502000000000251
330.612000000000252
331.892000000000253
333.012000000000254
335.056000000000256
336.250000000000257
337.663000000000258
337.812000000000258
343.212000000000263
344.178000000000264
345.407000000000265
346.306000000000266
347.994000000000267
348.950000000000268
349.431000000000269
350.78000000000027
359.935000000000278
369.132000000000286
369.831000000000287
373.54400000000029
373.93800000000029
375.454000000000292
377.454000000000294
377.980000000000294
383.953000000000299
384.9560000000003
389.756000000000304
392.474000000000307
392.968000000000307
394.495000000000309
395.72600000000031
396.31400000000031
396.773000000000311
397.855000000000312
400.856000000000314
404.931000000000318
405.543000000000319
492.069000000000395
492.835000000000396
493.462000000000397
494.168000000000397
495.397000000000398
496.123000000000399
496.9780000000004
497.3490000000004
504.062000000000406
505.365000000000407
505.979000000000408
509.245000000000411
509.516000000000411
509.885000000000411
510.545000000000412
511.495000000000413
512.924000000000414
514.616000000000415
515.523000000000416
516.188000000000417
516.572000000000417
516.960000000000417
518.247000000000419
520.19600000000042
520.906000000000421
521.353000000000421
523.071000000000423
523.620000000000423
524.146000000000424
527.486000000000427
530.122000000000429
530.62400000000043
531.22600000000043
531.791000000000431
536.928000000000435
537.714000000000436
538.070000000000436
538.838000000000437
541.82900000000044
561.188000000000457
562.220000000000458
562.785000000000458
562.898000000000458
565.767000000000461
567.205000000000462
568.137000000000463
570.128000000000465
570.841000000000465
571.515000000000466
572.888000000000467
573.427000000000468
574.307000000000468
576.847000000000471
580.786000000000474
581.891000000000475
582.241000000000475
585.599000000000478
587.21600000000048
588.464000000000481
590.838000000000483
597.595000000000489
598.04200000000049
599.354000000000491
602.281000000000493
603.426000000000494
639.190000000000526
644.610000000000531
646.092000000000532
647.332000000000533
648.243000000000534
648.648000000000534
649.362000000000535
654.66300000000054
703.910000000000584
705.728000000000585
724.519000000000602
756.86200000000063
758.039000000000632
759.551000000000633
760.139000000000633
760.461000000000634
760.713000000000634
761.397000000000635
762.221000000000635
762.579000000000636
763.214000000000636
764.692000000000638
764.788000000000638
765.754000000000638
767.03600000000064
767.62000000000064
768.565000000000641
770.345000000000642
772.453000000000644
773.930000000000646
779.27200000000065
780.145000000000651
780.744000000000652
782.008000000000653
783.039000000000654
783.748000000000654
784.510000000000655
785.190000000000656
786.722000000000657
787.802000000000658
788.311000000000658
789.65400000000066
791.053000000000661
795.745000000000665
797.011000000000666
805.318000000000674
807.465000000000676
808.608000000000676
808.970000000000677
810.335000000000678
812.33800000000068
815.163000000000682
815.693000000000683
816.371000000000683
816.942000000000684
818.195000000000685
819.048000000000686
820.464000000000687
822.223000000000689
822.908000000000689
864.645000000000726
866.051000000000728
866.902000000000728
867.476000000000729
868.64100000000073
868.80900000000073
870.200000000000731
878.766000000000739
879.420000000000739
880.57800000000074
887.230000000000746
889.044000000000748
889.932000000000749
890.427000000000749
891.27600000000075
891.56300000000075
891.85200000000075
892.426000000000751
893.137000000000752
893.703000000000752
894.376000000000753
895.420000000000754
899.967000000000758
910.480000000000767
910.792000000000767
930.959000000000785
931.351000000000786
931.657000000000786
932.044000000000786
932.983000000000787
933.789000000000788
934.295000000000788
937.533000000000791
939.295000000000793
940.264000000000793
940.654000000000794
947.1260000000008
947.2870000000008
947.8590000000008
948.0890000000008
948.870000000000801
992.085000000000839
993.13000000000084
993.791000000000841
997.820000000000845
998.318000000000845
999.053000000000846
999.737000000000846
1000.265000000000847
1003.45900000000085
1005.445000000000851
1008.163000000000854
1010.004000000000855
1014.458000000000859
1015.28900000000086
1016.255000000000861
1016.651000000000861
1017.382000000000862
1019.006000000000863
1021.346000000000865
1021.673000000000866
1022.646000000000867
1024.84900000000087
1026.86100000000087
1027.17600000000087
1029.83000000000087
1033.73500000000088
1036.61300000000088
1052.01800000000089
1053.05000000000089
1054.8520000000009
1058.9340000000009
1060.1650000000009
1062.4680000000009
1063.8460000000009
1074.08300000000091
1078.50200000000092
1080.29200000000092
1082.01100000000092
1085.82200000000092
1086.56400000000092
1087.04500000000092
1089.64200000000093
1090.31900000000093
1090.98800000000093
1094.69000000000093
1096.85700000000093
1097.51300000000093
1098.74000000000093
1099.48400000000093
1100.29800000000094
1102.15500000000094
1103.88900000000094
1109.74900000000094
1110.99700000000095
1119.62300000000095
1120.38000000000095
1122.91700000000096
1124.18200000000096
1125.04500000000096
1125.63600000000096
1127.71900000000096
1129.42400000000096
1130.45300000000096
1131.13100000000096
1131.84900000000096
1133.17000000000096
15
-1
0.55
7.68100000000000015
45.5259999999999988
123.8000000000000683
150.746000000000092
182.25600000000012
227.10700000000016
292.565000000000218
359.936000000000278
497.3500000000004
541.83000000000044
654.66400000000054
797.012000000000666
910.793000000000767
1036.61400000000088
0
0
5000
0
0
0
0
7200
0
0
0
0
0
16
0
2836.71499999991491
1800.00000000000156
1800
0
46
0
1
4
7
10
13
16
19
22
25
28
31
34
37
40
43
46
49
52
55
58
61
64
67
70
73
76
79
82
85
88
91
94
97
100
103
106
109
112
115
118
121
124
127
130
133
136
139
142
145
148
151
154
157
160
163
166
169
172
175
178
181
184
187
190
193
196
199
202
205
208
211
214
217
220
223
226
229
232
235
238
241
244
247
250
253
256
259
262
265
268
271
274
277
280
283
286
289
292
295
298
301
304
307
310
313
316
319
322
325
328
331
334
337
340
343
346
349
352
355
358
361
364
367
370
373
376
379
382
385
388
391
394
397
400
403
406
409
412
415
418
421
424
427
430
433
436
439
442
445
448
451
454
457
460
463
466
469
472
475
478
481
484
487
490
493
496
499
502
505
508
511
514
517
520
523
526
529
532
535
538
541
544
547
550
