3
25
19
3
25
19
PPR2.11
PR3_day5
0
3
11
13
53
12
28
36
23
3
.3
1
301
1
15
1
1
1
1
1
1
1
1
1
1
1
1
1
1
1
1
1
1
1
1
1
184
300
-1
122.8080000000000674
123.1000000000000677
135.039000000000078
136.028000000000079
137.858000000000081
139.223000000000082
237.80000000000017
239.561000000000171
242.545000000000174
244.284000000000175
245.478000000000176
245.944000000000177
248.098000000000179
258.351000000000188
259.029000000000188
259.987000000000189
260.64100000000019
260.86100000000019
262.138000000000191
263.039000000000192
265.131000000000194
265.835000000000194
266.654000000000195
267.231000000000196
276.584000000000204
280.607000000000208
280.855000000000208
282.743000000000209
283.85600000000021
285.443000000000212
286.081000000000212
287.564000000000214
288.985000000000215
292.394000000000218
294.32200000000022
295.195000000000221
296.488000000000222
436.599000000000346
438.555000000000348
439.820000000000349
441.25600000000035
442.453000000000351
443.711000000000352
444.944000000000354
446.720000000000355
450.961000000000359
451.76600000000036
454.799000000000362
455.109000000000363
456.349000000000364
459.094000000000366
460.163000000000367
460.868000000000368
472.945000000000378
473.967000000000379
474.89100000000038
478.271000000000383
479.479000000000384
481.946000000000386
482.852000000000387
489.420000000000393
570.850000000000465
574.133000000000468
575.365000000000469
651.024000000000537
652.380000000000538
654.40100000000054
657.588000000000542
659.017000000000544
661.539000000000546
662.184000000000546
664.974000000000549
675.142000000000558
677.01200000000056
677.63500000000056
679.682000000000562
682.629000000000565
684.242000000000566
685.886000000000568
687.516000000000569
688.80000000000057
689.973000000000571
691.963000000000573
697.691000000000578
698.788000000000579
699.73200000000058
701.036000000000581
704.691000000000584
704.974000000000584
706.693000000000586
709.488000000000588
711.38300000000059
712.243000000000591
716.804000000000595
729.055000000000606
730.164000000000607
730.478000000000607
731.932000000000608
734.28100000000061
736.326000000000612
787.026000000000657
791.174000000000661
944.753000000000797
948.2200000000008
951.264000000000803
954.280000000000806
955.810000000000807
957.612000000000809
958.74700000000081
960.714000000000812
961.214000000000812
963.050000000000814
970.03800000000082
971.443000000000821
972.706000000000822
973.802000000000823
976.122000000000825
983.272000000000832
984.896000000000833
985.341000000000833
998.271000000000845
1000.394000000000847
1000.898000000000847
1001.922000000000848
1004.53700000000085
1005.430000000000851
1826.27800000000158
1828.61900000000158
1830.21300000000158
1831.42400000000158
1834.99800000000159
1836.88100000000159
1838.64900000000159
1844.5510000000016
1846.4580000000016
1848.9090000000016
1849.9270000000016
1853.8220000000016
1854.81700000000161
1858.31600000000161
1861.05800000000161
1870.41100000000162
1871.70000000000162
1875.65300000000162
1890.76100000000164
1903.50900000000165
1905.01700000000165
1948.98400000000169
1960.0400000000017
1962.0440000000017
1963.9590000000017
1967.94500000000171
1970.76600000000171
1972.58200000000171
1972.66600000000171
1977.75500000000171
1980.57300000000172
1984.41900000000172
1987.73600000000172
1989.31800000000173
1990.88400000000173
1992.21600000000173
1997.94900000000173
1999.33800000000173
2004.99500000000174
2009.37200000000174
2010.32200000000174
2017.38100000000175
2020.02800000000175
2024.22700000000176
2029.55800000000176
2031.54700000000176
2032.69500000000176
2037.02500000000177
2038.75800000000177
2045.04300000000177
2047.04200000000178
2047.45000000000178
2098.90799999999617
2113.01499999999462
2115.06199999999439
2124.48999999999335
2126.86499999999309
2128.07299999999296
2129.65299999999278
2135.77699999999211
2137.62599999999191
2143.24699999999129
2144.9849999999911
2145.57999999999103
2148.31099999999073
2148.81399999999067
2155.68699999998992
2230.51899999998168
2236.03899999998107
2266.83499999997768
2269.67799999997736
2270.78699999997724
2325.99999999997116
2328.3989999999709
2328.81199999997085
2330.72099999997064
2335.15699999997015
2336.60499999996999
2337.89599999996985
2342.9099999999693
2347.98399999996874
2348.68999999996866
2353.96199999996808
2355.91499999996787
2360.21999999996739
2361.54199999996725
2362.40199999996715
2369.2229999999664
2370.83499999996622
2373.21699999996596
2376.93999999996555
2377.99899999996543
2379.2299999999653
2381.98699999996499
2383.33299999996485
2387.31999999996441
2392.69199999996381
2393.7439999999637
2394.25599999996364
2395.66199999996349
2399.1609999999631
2401.85799999996281
2407.25299999996221
2411.10399999996179
2411.75799999996172
2412.66099999996162
2420.40599999996076
2421.38199999996066
2475.58999999995468
2476.05799999995463
2477.75999999995445
2483.46999999995382
2486.97399999995343
2488.61699999995325
2493.72299999995269
2495.55699999995249
2497.87199999995223
2499.62899999995204
2500.97699999995189
2502.16699999995176
2509.69699999995093
2509.9369999999509
2511.44999999995074
2514.68999999995038
2523.21599999994944
2524.09799999994934
2524.86999999994926
2525.99799999994913
2527.25999999994899
2528.19499999994889
2529.20699999994878
2529.79799999994871
2530.30499999994866
2532.18899999994845
2533.5409999999483
2534.91799999994815
2540.05099999994759
2543.74999999994718
2545.63299999994697
2546.32799999994689
2549.97099999994649
2550.23199999994646
2551.55199999994632
2552.82699999994618
2556.64399999994576
2557.12499999994571
2557.28399999994569
2564.08899999994494
2564.4179999999449
2566.93999999994462
2576.34899999994359
2578.10899999994339
2592.92899999994176
2599.62999999994102
2600.82699999994089
2601.59099999994081
2621.49199999993862
2625.65199999993816
2626.73799999993804
2630.6919999999376
2632.92599999993736
2634.49699999993718
2636.32799999993698
2646.50199999993586
2661.66899999993419
2663.63399999993397
2664.42499999993389
2668.47399999993344
2669.86099999993329
2738.23699999992576
2748.05799999992468
2750.44199999992441
2752.04899999992424
2755.56299999992385
14
-1
122.8090000000000674
139.224000000000082
248.099000000000179
266.655000000000195
296.489000000000222
460.869000000000368
664.975000000000549
716.805000000000595
984.897000000000833
1948.98500000000169
2098.90899999999617
2362.40299999996715
2514.69099999995038
2646.50299999993586
0
0
5000
0
0
0
0
7200
0
0
0
0
0
15
0
4446.60399999973761
1800.00000000000156
1800
0
43
0
1
4
7
10
13
16
19
22
25
28
31
34
37
40
43
46
49
52
55
58
61
64
67
70
73
76
79
82
85
88
91
94
97
100
103
106
109
112
115
118
121
124
127
130
133
136
139
142
145
148
151
154
157
160
163
166
169
172
175
178
181
184
187
190
193
196
199
202
205
208
211
214
217
220
223
226
229
232
235
238
241
244
247
250
253
256
259
262
265
268
271
274
277
280
283
286
289
292
295
298
301
304
307
310
313
316
319
322
325
328
331
334
337
340
343
346
349
352
355
358
361
364
367
370
373
376
379
382
385
388
391
394
397
400
403
406
409
412
415
418
421
424
427
430
433
436
439
442
445
448
451
454
457
460
463
466
469
472
475
478
481
484
487
490
493
496
499
502
505
508
511
514
517
520
523
526
529
532
535
538
541
544
547
550
