3
13
19
3
13
19
PPR2.10
FR1_day5
0
2
9
09
15
9
57
03
24
2
.3
1
80
1
67
1
1
1
1
1
1
1
1
1
1
1
1
1
1
1
1
1
1
1
1
1
1
79
-1
6.00700000000000011
55.6180000000000078
65.7390000000000167
127.889000000000072
135.451000000000079
145.146000000000087
177.332000000000116
184.951000000000123
197.214000000000134
230.409000000000163
237.231000000000169
245.753000000000177
256.692000000000186
271.447000000000199
289.189000000000215
307.554000000000232
320.586000000000243
333.298000000000254
350.75800000000027
368.480000000000286
382.190000000000298
383.914000000000299
398.451000000000312
409.445000000000322
442.337000000000351
454.267000000000362
455.805000000000363
471.779000000000377
485.292000000000389
499.316000000000402
514.044000000000415
533.248000000000432
544.555000000000442
594.847000000000487
601.696000000000493
613.364000000000503
629.963000000000518
644.592000000000531
657.210000000000542
668.001000000000552
680.628000000000563
695.573000000000576
715.271000000000594
731.967000000000608
732.825000000000609
745.09600000000062
773.386000000000645
788.379000000000659
790.07600000000066
830.723000000000696
841.158000000000705
875.006000000000735
897.323000000000755
925.32800000000078
950.345000000000802
1145.23600000000098
1154.74000000000098
1176.663000000001
1190.20600000000102
1213.11300000000104
1231.98800000000105
1247.40400000000107
1270.61500000000109
1526.02400000000131
1534.02100000000132
1536.57600000000132
1537.66700000000132
1539.83500000000133
1542.40600000000133
1545.26300000000133
1547.49400000000133
1550.47100000000134
1550.83100000000134
1552.33000000000134
1552.74500000000134
1555.65700000000134
1561.98200000000135
1563.26400000000135
1565.69900000000135
66
-1
6.00700000000000011
55.6180000000000078
65.7390000000000167
127.889000000000072
135.451000000000079
145.146000000000087
177.332000000000116
184.951000000000123
197.214000000000134
230.409000000000163
237.231000000000169
245.753000000000177
256.692000000000186
271.447000000000199
289.189000000000215
307.554000000000232
320.586000000000243
333.298000000000254
350.75800000000027
368.480000000000286
382.190000000000298
398.451000000000312
409.445000000000322
442.337000000000351
454.267000000000362
471.779000000000377
485.292000000000389
499.316000000000402
514.044000000000415
533.248000000000432
544.555000000000442
594.847000000000487
601.696000000000493
613.364000000000503
629.963000000000518
644.592000000000531
657.210000000000542
668.001000000000552
680.628000000000563
695.573000000000576
715.271000000000594
731.967000000000608
745.09600000000062
773.386000000000645
788.379000000000659
830.723000000000696
841.158000000000705
875.006000000000735
897.323000000000755
925.32800000000078
950.345000000000802
1145.23600000000098
1154.74000000000098
1176.663000000001
1190.20600000000102
1213.11300000000104
1231.98800000000105
1247.40400000000107
1270.61500000000109
1526.02400000000131
1534.02100000000132
1539.83500000000133
1545.26300000000133
1550.47100000000134
1555.65700000000134
1561.98200000000135
1
0
5000
0
0
0
0
2700
99
0
0
0
0
0
0
2700.79699999992988
0
0
0
0
0
0
