3
21
19
3
21
19
PPR2.16
FR5_day2
0
2
11
20
10
12
07
47
24
2
.3
1
115
1
23
1
1
1
1
1
1
1
1
1
1
1
1
1
1
1
1
1
1
1
1
1
1
114
-1
35.8749999999999902
37.934999999999992
38.6489999999999927
39.4299999999999934
39.9879999999999939
40.183999999999994
48.6130000000000015
49.5830000000000024
50.4120000000000031
53.643000000000006
54.1110000000000064
54.3280000000000066
62.9510000000000143
63.6030000000000148
64.905000000000016
65.5840000000000166
66.3910000000000173
75.9990000000000258
77.1690000000000269
77.9940000000000276
80.1410000000000295
80.3240000000000297
88.9740000000000374
91.3840000000000395
91.7910000000000399
92.1310000000000402
92.7670000000000407
99.855000000000047
100.7230000000000478
101.2800000000000483
103.6120000000000504
104.6440000000000513
104.9660000000000516
112.2790000000000581
116.5640000000000619
149.185000000000091
149.944000000000092
151.169000000000093
158.602000000000099
159.0910000000001
159.3660000000001
160.110000000000101
160.831000000000101
204.23000000000014
208.560000000000144
208.931000000000144
209.296000000000144
209.623000000000145
218.268000000000152
218.813000000000153
219.249000000000153
220.668000000000154
221.166000000000155
221.574000000000155
229.663000000000162
230.151000000000163
230.488000000000163
231.575000000000164
232.027000000000164
237.632000000000169
238.36500000000017
238.76600000000017
239.390000000000171
240.790000000000172
260.99000000000019
262.031000000000191
264.334000000000193
264.629000000000193
265.227000000000194
324.468000000000247
326.528000000000248
327.94400000000025
329.291000000000251
330.539000000000252
345.158000000000265
345.682000000000265
346.793000000000266
348.743000000000268
350.133000000000269
357.668000000000276
358.924000000000277
363.234000000000281
364.354000000000282
375.960000000000292
385.2210000000003
386.033000000000301
386.791000000000302
391.401000000000306
392.048000000000307
399.328000000000313
400.488000000000314
401.213000000000315
401.860000000000315
404.060000000000317
414.383000000000326
417.206000000000329
420.853000000000332
421.920000000000333
422.774000000000334
725.031000000000602
726.578000000000604
727.045000000000604
727.624000000000605
729.345000000000606
840.924000000000705
850.417000000000714
856.170000000000719
856.893000000000719
859.465000000000722
872.428000000000733
874.000000000000735
875.193000000000736
875.462000000000736
876.351000000000737
22
-1
39.9879999999999939
54.1110000000000064
66.3910000000000173
80.3240000000000297
92.7670000000000407
104.6440000000000513
151.169000000000093
160.831000000000101
209.623000000000145
221.166000000000155
232.027000000000164
240.790000000000172
265.227000000000194
330.539000000000252
350.133000000000269
375.960000000000292
392.048000000000307
404.060000000000317
422.774000000000334
729.345000000000606
859.465000000000722
876.351000000000737
5
0
5000
0
0
0
0
2700
99
0
0
0
0
0
0
2700.79599999992988
0
0
0
0
0
0
