3
29
19
3
29
19
PPR2.15
PR3_day5
0
1
11
40
17
12
23
19
23
3
.3
1
454
1
18
1
1
1
1
1
1
1
1
1
1
1
1
1
1
1
1
1
1
1
1
1
184
453
-1
2.17400000000000003
6.95800000000000013
7.69600000000000015
8.20800000000000016
26.3119999999999916
27.2759999999999908
31.6149999999999871
32.0849999999999868
45.5199999999999988
45.9759999999999992
46.6129999999999998
47.0970000000000002
47.3290000000000004
48.4550000000000014
48.7460000000000016
52.0260000000000046
52.5780000000000051
53.2890000000000057
54.2480000000000065
54.770000000000007
55.4420000000000076
57.8890000000000098
58.5940000000000104
58.7380000000000105
61.8760000000000133
62.3010000000000137
62.8860000000000142
63.733000000000015
70.580000000000021
71.0090000000000214
71.3280000000000217
71.715000000000022
72.2880000000000226
72.6160000000000228
72.9720000000000232
73.7160000000000238
74.0570000000000241
74.6940000000000247
77.5700000000000272
78.0150000000000276
82.7000000000000318
83.1710000000000322
86.8170000000000355
87.482000000000036
87.9420000000000365
98.5260000000000459
99.0320000000000463
99.841000000000047
102.048000000000049
102.2930000000000492
102.3960000000000493
103.0690000000000499
103.5630000000000503
104.1780000000000509
106.619000000000053
107.3970000000000537
107.4540000000000538
108.0140000000000543
108.9760000000000551
113.270000000000059
119.9210000000000649
120.3090000000000652
120.9960000000000658
121.3260000000000661
121.6930000000000664
122.5200000000000672
124.2480000000000687
124.7480000000000692
125.64900000000007
125.9690000000000702
126.3570000000000706
130.332000000000074
131.712000000000075
132.137000000000076
132.470000000000076
132.910000000000076
136.261000000000079
137.18600000000008
137.578000000000081
141.637000000000084
142.174000000000085
142.489000000000085
142.814000000000085
144.346000000000087
144.679000000000087
145.674000000000088
146.405000000000088
146.841000000000089
147.272000000000089
147.579000000000089
150.325000000000092
150.643000000000092
150.933000000000092
151.346000000000093
151.577000000000093
151.954000000000093
152.393000000000094
152.665000000000094
153.187000000000094
154.165000000000095
155.434000000000096
157.898000000000099
159.0310000000001
159.4750000000001
164.135000000000104
164.352000000000104
166.690000000000106
167.104000000000107
167.433000000000107
168.421000000000108
168.832000000000108
181.340000000000119
182.30700000000012
183.139000000000121
183.545000000000121
183.861000000000122
184.407000000000122
184.948000000000123
185.567000000000123
187.105000000000125
188.196000000000126
188.676000000000126
188.955000000000126
189.927000000000127
190.423000000000127
191.303000000000128
195.448000000000132
195.882000000000132
196.327000000000133
196.724000000000133
197.160000000000133
205.532000000000141
205.937000000000141
206.651000000000142
208.034000000000143
208.646000000000144
209.716000000000145
210.465000000000145
211.246000000000146
213.768000000000148
214.702000000000149
214.895000000000149
215.23200000000015
215.61000000000015
216.366000000000151
218.448000000000152
218.823000000000153
219.536000000000153
238.55400000000017
238.991000000000171
240.018000000000172
241.218000000000173
243.299000000000174
243.913000000000175
244.220000000000175
244.519000000000176
246.981000000000178
247.393000000000178
248.315000000000179
248.426000000000179
259.104000000000188
260.67000000000019
261.13500000000019
264.221000000000193
264.762000000000194
266.333000000000195
266.837000000000195
267.552000000000196
267.934000000000196
280.376000000000207
280.919000000000208
281.226000000000208
282.084000000000209
283.08700000000021
284.703000000000211
286.522000000000213
287.797000000000214
288.375000000000214
288.783000000000215
290.027000000000216
290.661000000000216
291.091000000000217
291.424000000000217
292.454000000000218
295.687000000000221
296.336000000000222
298.700000000000224
299.048000000000224
302.251000000000227
303.466000000000228
304.107000000000228
315.571000000000239
316.040000000000239
316.55900000000024
318.511000000000241
321.057000000000244
321.708000000000244
323.939000000000246
324.303000000000246
324.500000000000247
324.999000000000247
327.031000000000249
327.444000000000249
327.96900000000025
328.52400000000025
329.681000000000251
330.569000000000252
331.390000000000253
331.636000000000253
332.315000000000254
333.274000000000254
335.029000000000256
338.484000000000259
339.84800000000026
340.685000000000261
341.986000000000262
343.595000000000264
343.940000000000264
354.268000000000273
355.386000000000274
355.910000000000274
357.710000000000276
358.251000000000277
358.746000000000277
358.917000000000277
359.650000000000278
366.625000000000284
367.237000000000285
367.778000000000285
368.635000000000286
370.427000000000287
374.862000000000291
375.331000000000292
375.745000000000292
376.029000000000292
376.424000000000293
377.853000000000294
378.309000000000294
379.103000000000295
379.646000000000296
380.167000000000296
380.427000000000296
381.139000000000297
381.368000000000297
383.403000000000299
383.790000000000299
384.2010000000003
385.874000000000301
386.181000000000301
386.715000000000302
388.137000000000303
389.515000000000304
390.427000000000305
390.607000000000305
393.024000000000307
393.589000000000308
398.856000000000313
399.293000000000313
399.468000000000313
400.155000000000314
400.769000000000314
401.186000000000315
401.872000000000315
412.264000000000324
412.710000000000325
413.102000000000325
415.963000000000328
416.885000000000329
417.282000000000329
418.38400000000033
419.601000000000331
420.851000000000332
421.964000000000333
424.642000000000336
425.713000000000336
427.872000000000338
428.575000000000339
429.41500000000034
429.93700000000034
431.423000000000342
432.397000000000342
435.224000000000345
435.666000000000345
437.607000000000347
437.968000000000347
438.438000000000348
440.034000000000349
440.377000000000349
441.50300000000035
442.204000000000351
442.705000000000352
452.40400000000036
452.70500000000036
453.913000000000362
455.824000000000363
456.228000000000364
456.715000000000364
458.032000000000365
459.987000000000367
488.793000000000392
489.294000000000393
490.898000000000394
492.045000000000395
492.272000000000396
497.6470000000004
498.932000000000401
499.619000000000402
500.349000000000403
500.587000000000403
501.179000000000403
505.731000000000408
506.352000000000408
506.810000000000408
507.303000000000409
507.678000000000409
511.306000000000412
511.836000000000413
513.102000000000414
513.400000000000414
514.255000000000415
514.895000000000416
516.825000000000417
517.533000000000418
517.832000000000418
518.717000000000419
520.24000000000042
522.474000000000422
523.004000000000423
524.450000000000424
524.833000000000424
525.185000000000425
525.531000000000425
530.444000000000429
531.00000000000043
531.46600000000043
535.638000000000434
535.774000000000434
536.389000000000435
536.818000000000435
538.053000000000436
538.648000000000437
539.420000000000437
540.551000000000438
540.657000000000438
545.572000000000443
546.506000000000444
547.127000000000444
564.020000000000459
564.51000000000046
564.98800000000046
571.450000000000466
572.721000000000467
573.328000000000468
573.760000000000468
575.203000000000469
575.58200000000047
576.44400000000047
581.189000000000474
582.043000000000475
587.54600000000048
588.100000000000481
588.990000000000481
589.101000000000482
589.611000000000482
589.797000000000482
590.295000000000483
594.947000000000487
595.485000000000487
595.922000000000488
596.605000000000488
597.182000000000489
598.33500000000049
600.261000000000491
600.993000000000492
601.345000000000492
602.155000000000493
603.113000000000494
604.441000000000495
605.311000000000496
605.901000000000496
606.406000000000497
607.248000000000498
607.731000000000498
608.673000000000499
609.6370000000005
609.9610000000005
610.3390000000005
610.953000000000501
614.009000000000504
614.218000000000504
615.583000000000505
616.188000000000506
616.669000000000506
636.621000000000524
640.169000000000527
640.861000000000528
641.864000000000528
642.846000000000529
643.29700000000053
645.701000000000532
646.576000000000533
646.891000000000533
675.788000000000558
677.26300000000056
677.82700000000056
679.255000000000562
679.669000000000562
681.259000000000563
684.948000000000567
685.884000000000568
687.224000000000569
688.17300000000057
689.469000000000571
689.812000000000571
690.320000000000571
690.865000000000572
691.180000000000572
692.759000000000574
693.450000000000574
694.772000000000575
694.977000000000576
695.315000000000576
695.829000000000576
699.70700000000058
700.39400000000058
702.867000000000583
703.289000000000583
704.011000000000584
704.600000000000584
704.940000000000584
705.297000000000585
706.256000000000586
708.404000000000588
710.497000000000589
711.47700000000059
712.890000000000592
713.440000000000592
721.095000000000599
722.0350000000006
724.634000000000602
725.200000000000602
728.013000000000605
729.484000000000606
745.27600000000062
746.018000000000621
923.331000000000778
1030.87100000000087
1032.13800000000087
1033.10300000000088
1034.27700000000088
1036.15500000000088
1039.42600000000088
1041.91500000000088
17
-1
2.17500000000000003
27.2769999999999908
48.7470000000000016
63.734000000000015
82.7010000000000318
113.271000000000059
137.579000000000081
159.4760000000001
197.161000000000133
248.316000000000179
304.108000000000228
358.918000000000277
401.873000000000315
492.046000000000395
547.128000000000444
616.670000000000506
728.014000000000605
0
0
5000
0
0
0
0
7200
0
0
0
0
0
18
0
2528.1149999999489
1800.00000000000156
1800
0
52
0
1
4
7
10
13
16
19
22
25
28
31
34
37
40
43
46
49
52
55
58
61
64
67
70
73
76
79
82
85
88
91
94
97
100
103
106
109
112
115
118
121
124
127
130
133
136
139
142
145
148
151
154
157
160
163
166
169
172
175
178
181
184
187
190
193
196
199
202
205
208
211
214
217
220
223
226
229
232
235
238
241
244
247
250
253
256
259
262
265
268
271
274
277
280
283
286
289
292
295
298
301
304
307
310
313
316
319
322
325
328
331
334
337
340
343
346
349
352
355
358
361
364
367
370
373
376
379
382
385
388
391
394
397
400
403
406
409
412
415
418
421
424
427
430
433
436
439
442
445
448
451
454
457
460
463
466
469
472
475
478
481
484
487
490
493
496
499
502
505
508
511
514
517
520
523
526
529
532
535
538
541
544
547
550
