3
21
19
3
21
19
PPR2.10
FR5_day2
0
2
9
38
19
10
25
15
24
2
.3
1
232
1
43
1
1
1
1
1
1
1
1
1
1
1
1
1
1
1
1
1
1
1
1
1
1
231
-1
11.74500000000000023
16.6229999999999998
23.439999999999994
25.6509999999999921
91.2840000000000394
102.7730000000000496
103.7390000000000505
109.2710000000000554
110.1310000000000562
114.41600000000006
115.1640000000000606
128.174000000000072
128.505000000000072
136.077000000000079
136.47900000000008
139.945000000000083
140.286000000000083
176.674000000000115
178.954000000000117
179.904000000000118
180.300000000000118
183.209000000000121
192.460000000000129
199.424000000000135
202.328000000000138
208.262000000000143
208.867000000000144
218.150000000000152
221.424000000000155
223.519000000000157
224.979000000000158
226.201000000000159
241.611000000000173
252.776000000000183
254.182000000000184
255.280000000000185
255.755000000000186
270.365000000000198
275.711000000000203
277.767000000000205
280.784000000000208
283.19400000000021
284.196000000000211
304.320000000000229
305.051000000000229
311.090000000000235
311.575000000000235
316.72300000000024
360.192000000000278
360.609000000000279
361.83000000000028
362.43800000000028
365.342000000000283
376.909000000000293
377.439000000000294
379.471000000000295
390.302000000000305
398.503000000000312
398.989000000000313
407.59400000000032
408.143000000000321
412.388000000000325
419.083000000000331
420.195000000000332
431.186000000000341
434.494000000000344
435.166000000000345
441.722000000000351
442.288000000000351
442.677000000000352
451.235000000000359
453.854000000000361
460.193000000000367
461.019000000000368
461.237000000000368
500.232000000000403
502.176000000000404
502.703000000000405
505.490000000000407
506.462000000000408
506.760000000000408
507.309000000000409
522.604000000000422
526.659000000000426
655.11200000000054
656.217000000000541
661.035000000000545
710.124000000000589
712.303000000000591
713.074000000000592
723.0210000000006
740.243000000000616
740.662000000000616
759.273000000000633
769.023000000000641
775.408000000000647
782.316000000000653
783.098000000000654
783.309000000000654
796.302000000000666
801.84100000000067
802.049000000000671
807.966000000000676
813.241000000000681
813.835000000000681
829.137000000000695
835.0950000000007
836.016000000000701
836.704000000000701
839.735000000000704
843.994000000000708
864.152000000000726
880.766000000000741
881.401000000000741
892.716000000000751
893.239000000000752
912.387000000000769
914.696000000000771
920.948000000000776
921.447000000000777
924.384000000000779
934.881000000000789
937.237000000000791
937.628000000000791
940.317000000000794
941.589000000000795
989.561000000000837
990.727000000000838
992.85100000000084
995.650000000000843
999.439000000000846
1000.634000000000847
1016.699000000000861
1019.304000000000864
1019.978000000000864
1024.90400000000087
1028.96900000000087
1045.75500000000089
1049.94800000000089
1053.39000000000089
1060.0130000000009
1060.5920000000009
1061.0510000000009
1073.22400000000091
1074.44700000000091
1078.19000000000092
1690.60900000000146
1697.75800000000147
1698.52300000000147
1744.23100000000151
1745.13100000000151
1748.83100000000151
1749.30100000000151
1751.76700000000151
1771.38200000000153
1773.02100000000153
1777.77800000000154
1778.37500000000154
1781.61200000000154
1794.05300000000155
1797.21900000000155
1799.79300000000156
1800.60400000000156
1815.06900000000157
1831.51400000000158
1833.80800000000159
1836.58500000000159
1843.1040000000016
1869.21300000000162
2011.40000000000174
2014.64400000000175
2015.43600000000175
2097.11299999999637
2099.99699999999605
2101.25599999999591
2120.19799999999383
2169.38499999998841
2171.47599999998818
2177.30299999998754
2178.06799999998745
2207.86299999998417
2209.49099999998399
2212.46599999998366
2213.38499999998356
2213.9439999999835
2247.91499999997976
2251.1629999999794
2255.20199999997896
2258.55699999997859
2261.79299999997823
2285.48899999997562
2293.68899999997472
2295.49999999997452
2296.92799999997436
2308.3679999999731
2340.05399999996961
2341.25499999996948
2346.04699999996895
2346.89399999996886
2351.37699999996836
2351.84899999996831
2369.84799999996633
2370.37099999996627
2374.38399999996583
2374.82499999996578
2378.09499999996542
2378.70699999996536
2433.03599999995937
2436.56899999995898
2443.6749999999582
2443.93999999995817
2447.38499999995779
2448.75699999995764
2464.5209999999559
2467.86799999995554
2469.0869999999554
2471.57699999995513
2472.57399999995502
2473.21299999995495
2486.67699999995346
2487.10399999995342
2488.69899999995324
2489.64099999995314
2493.00399999995277
2504.37099999995152
2505.48199999995139
2505.93899999995134
2506.3129999999513
2509.51799999995095
2530.77299999994861
2531.97799999994847
42
-1
91.2840000000000394
114.41600000000006
139.945000000000083
183.209000000000121
208.867000000000144
226.201000000000159
255.755000000000186
283.19400000000021
316.72300000000024
365.342000000000283
398.503000000000312
420.195000000000332
442.288000000000351
461.237000000000368
506.462000000000408
661.035000000000545
740.243000000000616
783.098000000000654
813.241000000000681
839.735000000000704
893.239000000000752
924.384000000000779
941.589000000000795
999.439000000000846
1028.96900000000087
1060.5920000000009
1697.75800000000147
1751.76700000000151
1781.61200000000154
1815.06900000000157
1869.21300000000162
2099.99699999999605
2178.06799999998745
2213.9439999999835
2261.79299999997823
2308.3679999999731
2351.37699999996836
2378.09499999996542
2447.38499999995779
2472.57399999995502
2493.00399999995277
2509.51799999995095
5
0
5000
0
0
0
0
2700
99
0
0
0
0
0
0
2700.79599999992988
0
0
0
0
0
0
