3
20
19
3
20
19
PPR2.10
FR5_day1
0
2
9
31
17
10
17
03
24
2
.3
1
297
1
53
1
1
1
1
1
1
1
1
1
1
1
1
1
1
1
1
1
1
1
1
1
1
296
-1
27.9519999999999902
39.1959999999999932
39.4589999999999934
39.9609999999999938
40.9689999999999947
41.4839999999999952
48.9050000000000018
49.3080000000000022
49.9740000000000027
63.4000000000000147
65.2580000000000163
65.5630000000000166
66.1500000000000171
70.7010000000000211
71.0560000000000215
71.7620000000000221
75.8160000000000257
107.5030000000000538
107.7540000000000541
114.2050000000000598
116.2900000000000616
118.0830000000000632
118.2670000000000634
119.8640000000000648
121.7160000000000665
134.891000000000078
135.354000000000079
139.107000000000082
139.916000000000083
144.301000000000087
144.906000000000087
146.086000000000088
148.70400000000009
149.816000000000091
152.806000000000094
154.856000000000096
155.700000000000097
159.3610000000001
159.6920000000001
168.121000000000108
171.04700000000011
172.615000000000112
177.709000000000116
178.555000000000117
182.679000000000121
183.631000000000121
184.581000000000122
190.665000000000128
191.697000000000129
193.66600000000013
196.388000000000133
203.447000000000139
207.601000000000143
208.885000000000144
209.134000000000144
209.412000000000144
210.586000000000145
210.921000000000146
211.699000000000146
225.715000000000159
226.74200000000016
227.35700000000016
228.648000000000161
236.247000000000168
243.592000000000175
244.052000000000175
248.827000000000179
250.820000000000181
251.154000000000181
258.109000000000188
261.428000000000191
261.642000000000191
264.734000000000193
265.491000000000194
274.670000000000202
275.022000000000203
280.456000000000207
281.980000000000209
282.591000000000209
290.971000000000217
296.069000000000221
297.097000000000222
302.521000000000227
303.294000000000228
310.883000000000234
314.414000000000238
319.468000000000242
322.570000000000245
323.023000000000245
323.141000000000245
324.254000000000246
324.666000000000247
452.20800000000036
452.62400000000036
454.056000000000362
454.774000000000362
457.850000000000365
464.762000000000371
465.579000000000372
465.944000000000372
466.409000000000373
467.145000000000373
467.735000000000374
499.386000000000402
500.883000000000403
502.810000000000405
507.030000000000409
507.291000000000409
513.557000000000414
514.057000000000415
516.282000000000417
525.137000000000425
534.426000000000433
535.576000000000434
541.78300000000044
542.32500000000044
547.141000000000444
547.639000000000445
552.282000000000449
562.742000000000458
563.226000000000459
567.314000000000462
570.066000000000465
570.343000000000465
580.272000000000474
580.760000000000474
587.09700000000048
590.949000000000483
596.608000000000488
597.196000000000489
618.762000000000508
621.50300000000051
622.450000000000511
625.074000000000514
627.602000000000516
634.149000000000522
640.532000000000527
644.04600000000053
645.910000000000532
648.306000000000534
648.775000000000535
649.199000000000535
655.738000000000541
666.989000000000551
668.234000000000552
671.155000000000554
674.219000000000557
685.179000000000567
705.659000000000585
705.926000000000585
708.409000000000588
708.565000000000588
734.516000000000611
736.435000000000612
740.504000000000616
900.810000000000758
902.16600000000076
902.57000000000076
902.77800000000076
909.171000000000766
913.78300000000077
915.297000000000771
919.895000000000775
920.335000000000776
928.155000000000783
928.847000000000783
934.119000000000788
934.643000000000788
938.832000000000792
947.8430000000008
948.506000000000801
949.900000000000802
951.174000000000803
952.197000000000804
952.685000000000804
961.506000000000812
962.333000000000813
965.881000000000816
966.741000000000817
971.860000000000822
979.293000000000828
983.519000000000832
983.955000000000832
990.542000000000838
995.986000000000843
996.251000000000843
1008.987000000000854
1009.864000000000855
1012.429000000000858
1013.998000000000859
1017.256000000000862
1024.51700000000087
1025.99600000000087
1028.61800000000087
1029.32800000000087
1029.68000000000087
1039.98300000000088
1045.49700000000089
1048.96800000000089
1049.61600000000089
1060.2630000000009
1068.09900000000091
1068.76800000000091
1074.91400000000091
1084.92300000000092
1085.89800000000092
1092.68500000000093
1094.31200000000093
1095.08500000000093
1098.38300000000093
1098.77900000000093
1099.87600000000094
1101.48600000000094
1102.66800000000094
1103.00200000000094
1123.09000000000096
1125.79000000000096
1126.01900000000096
1134.69100000000097
1134.90300000000097
1142.83100000000097
1150.70700000000098
1153.62600000000098
1154.37400000000098
1157.48000000000099
1158.25100000000099
1166.74800000000099
1170.232000000001
1172.262000000001
1177.115000000001
1183.97500000000101
1184.67300000000101
1184.84500000000101
1316.04100000000113
1317.03100000000113
1318.27600000000113
1321.71100000000113
1322.24800000000113
1323.24600000000113
1345.80300000000115
1349.63200000000116
1349.80900000000116
1352.61400000000116
1353.35300000000116
1366.93000000000117
1371.30700000000118
1372.29900000000118
1376.99000000000118
1379.62500000000118
1399.3360000000012
1399.8160000000012
1407.33000000000121
1407.63100000000121
1413.65100000000121
1414.09100000000121
1422.58300000000122
1425.51900000000122
1428.93600000000123
1434.19200000000123
1434.57600000000123
1451.06000000000125
1451.71000000000125
1456.37900000000125
1479.40500000000127
1480.01000000000127
1506.5640000000013
1509.4930000000013
1509.9290000000013
1517.84000000000131
1518.37900000000131
1535.79700000000132
1543.77300000000133
1544.09000000000133
1546.22500000000133
1546.99600000000133
1825.25600000000158
1836.00300000000159
1836.70600000000159
1841.07800000000159
1841.45100000000159
1858.29700000000161
1865.59200000000162
1869.98200000000162
1870.71900000000162
1877.61900000000163
1878.15200000000163
1891.35100000000164
1895.08200000000164
1899.93800000000165
1912.95500000000166
1913.93100000000166
1929.78400000000167
1930.28400000000167
1953.94500000000169
1962.6960000000017
2100.05799999999604
52
-1
40.9689999999999947
65.2580000000000163
107.5030000000000538
119.8640000000000648
144.301000000000087
159.3610000000001
178.555000000000117
196.388000000000133
209.412000000000144
236.247000000000168
251.154000000000181
265.491000000000194
282.591000000000209
303.294000000000228
323.023000000000245
457.850000000000365
467.145000000000373
507.291000000000409
534.426000000000433
552.282000000000449
570.343000000000465
596.608000000000488
627.602000000000516
648.306000000000534
674.219000000000557
708.565000000000588
902.16600000000076
920.335000000000776
938.832000000000792
952.197000000000804
971.860000000000822
995.986000000000843
1017.256000000000862
1029.68000000000087
1060.2630000000009
1085.89800000000092
1098.77900000000093
1134.90300000000097
1157.48000000000099
1183.97500000000101
1322.24800000000113
1353.35300000000116
1379.62500000000118
1413.65100000000121
1434.57600000000123
1480.01000000000127
1518.37900000000131
1546.99600000000133
1841.45100000000159
1877.61900000000163
1913.93100000000166
2100.05799999999604
5
0
5000
0
0
0
0
2700
99
0
0
0
0
0
0
2700.79599999992988
0
0
0
0
0
0
