3
12
19
3
12
19
PPR2.10
FR1_day4
0
2
9
26
33
10
15
30
24
2
.3
1
59
1
51
1
1
1
1
1
1
1
1
1
1
1
1
1
1
1
1
1
1
1
1
1
1
58
-1
31.1699999999999875
31.3069999999999874
46.3969999999999996
99.9310000000000471
111.3000000000000572
116.5600000000000619
125.4480000000000698
160.0100000000001
237.74100000000017
245.444000000000176
263.717000000000193
264.321000000000193
264.939000000000194
271.021000000000199
293.563000000000219
294.21500000000022
301.990000000000227
305.45500000000023
310.158000000000234
318.813000000000242
328.92900000000025
344.341000000000264
352.408000000000271
364.592000000000282
380.140000000000296
393.929000000000308
407.58800000000032
444.126000000000353
453.405000000000361
724.311000000000602
740.956000000000616
758.395000000000632
785.256000000000656
801.01400000000067
821.876000000000688
839.828000000000704
854.996000000000718
891.74600000000075
909.554000000000766
911.454000000000768
920.198000000000776
931.858000000000786
955.231000000000807
972.006000000000822
2087.10699999999747
2103.13299999999571
2169.82299999998836
2188.83999999998627
2204.73599999998452
2228.4969999999819
2255.52099999997892
2278.85099999997635
2349.45899999996858
2382.69299999996492
2384.6349999999647
2408.80699999996204
2410.55399999996185
2496.77999999995235
50
-1
31.1699999999999875
46.3969999999999996
99.9310000000000471
111.3000000000000572
116.5600000000000619
125.4480000000000698
160.0100000000001
237.74100000000017
245.444000000000176
263.717000000000193
271.021000000000199
293.563000000000219
301.990000000000227
310.158000000000234
318.813000000000242
328.92900000000025
344.341000000000264
352.408000000000271
364.592000000000282
380.140000000000296
393.929000000000308
407.58800000000032
444.126000000000353
453.405000000000361
724.311000000000602
740.956000000000616
758.395000000000632
785.256000000000656
801.01400000000067
821.876000000000688
839.828000000000704
854.996000000000718
891.74600000000075
909.554000000000766
920.198000000000776
931.858000000000786
955.231000000000807
972.006000000000822
2087.10699999999747
2103.13299999999571
2169.82299999998836
2188.83999999998627
2204.73599999998452
2228.4969999999819
2255.52099999997892
2278.85099999997635
2349.45899999996858
2382.69299999996492
2408.80699999996204
2496.77999999995235
1
0
5000
0
0
0
0
2700
99
0
0
0
0
0
0
2700.79699999992988
0
0
0
0
0
0
