3
21
19
3
21
19
PPR2.14
FR5_day2
0
4
11
20
17
12
09
20
24
2
.3
1
233
1
44
1
1
1
1
1
1
1
1
1
1
1
1
1
1
1
1
1
1
1
1
1
1
232
-1
15.30800000000000031
15.41500000000000031
16.6619999999999998
40.3099999999999942
41.9589999999999956
48.9990000000000019
51.7800000000000043
62.5480000000000139
63.6330000000000149
65.1760000000000162
100.7560000000000478
101.0700000000000481
102.3990000000000493
110.5160000000000565
111.7390000000000576
111.8250000000000577
114.7180000000000602
142.079000000000085
143.820000000000086
145.385000000000087
146.001000000000088
147.205000000000089
153.916000000000095
154.058000000000095
155.426000000000096
158.797000000000099
159.4500000000001
178.594000000000117
179.400000000000118
188.155000000000125
189.073000000000126
199.394000000000135
203.333000000000139
203.782000000000139
205.309000000000141
207.420000000000143
221.842000000000155
222.156000000000156
222.745000000000156
233.183000000000165
233.585000000000166
237.213000000000169
241.456000000000173
242.800000000000174
247.616000000000178
249.01200000000018
269.540000000000198
271.6300000000002
297.178000000000222
303.319000000000228
310.729000000000234
313.021000000000236
359.331000000000277
360.875000000000279
361.63000000000028
364.909000000000282
365.423000000000283
365.770000000000283
366.550000000000284
367.323000000000285
368.036000000000285
368.497000000000286
378.374000000000294
381.357000000000297
439.473000000000349
440.063000000000349
442.079000000000351
443.114000000000352
443.954000000000353
450.024000000000358
450.877000000000359
454.916000000000362
457.291000000000364
458.701000000000366
467.747000000000374
468.326000000000374
469.089000000000375
472.900000000000378
476.275000000000381
480.628000000000385
480.903000000000385
481.928000000000386
484.648000000000389
486.762000000000391
487.133000000000391
492.311000000000396
499.601000000000402
500.152000000000403
501.434000000000404
501.925000000000404
503.189000000000405
509.413000000000411
511.467000000000413
512.089000000000413
512.941000000000414
513.544000000000414
575.067000000000469
576.32200000000047
579.046000000000473
584.374000000000477
587.23300000000048
590.750000000000483
591.976000000000484
597.488000000000489
598.16600000000049
598.68900000000049
636.891000000000524
639.613000000000526
643.58200000000053
644.357000000000531
645.088000000000531
647.630000000000534
648.637000000000534
652.740000000000538
654.47300000000054
660.057000000000545
663.293000000000547
665.66800000000055
667.969000000000552
670.391000000000554
676.93700000000056
677.50800000000056
678.026000000000561
678.990000000000561
683.706000000000566
705.465000000000585
705.822000000000585
709.284000000000588
711.19900000000059
715.054000000000593
719.132000000000597
724.537000000000602
725.524000000000603
744.89500000000062
747.229000000000622
748.719000000000623
753.934000000000628
754.456000000000628
755.67000000000063
759.828000000000633
761.034000000000634
770.141000000000642
772.753000000000645
774.043000000000646
777.529000000000649
780.264000000000651
785.802000000000656
790.980000000000661
791.826000000000662
792.970000000000663
829.737000000000695
836.129000000000701
838.451000000000703
885.290000000000745
886.839000000000746
889.160000000000748
893.706000000000752
894.853000000000753
895.878000000000754
896.729000000000755
897.950000000000756
899.143000000000757
932.331000000000786
933.069000000000787
934.332000000000788
935.023000000000789
936.25100000000079
944.476000000000797
947.3190000000008
948.0090000000008
949.429000000000802
952.898000000000805
960.134000000000811
960.556000000000811
963.959000000000814
964.379000000000815
965.990000000000816
988.099000000000836
988.824000000000837
991.030000000000839
991.435000000000839
991.895000000000839
1000.478000000000847
1005.488000000000851
1006.305000000000852
1006.978000000000853
1007.704000000000853
1019.600000000000864
1021.009000000000865
1021.926000000000866
1022.335000000000866
1022.921000000000867
1033.70400000000088
1034.22200000000088
1035.48400000000088
1036.38700000000088
1036.80300000000088
1047.14200000000089
1049.55800000000089
1050.30600000000089
1054.55000000000089
1055.1530000000009
1066.85000000000091
1069.10000000000091
1069.68100000000091
1071.00800000000091
1072.10400000000091
1081.41800000000092
1082.22900000000092
1083.46900000000092
1083.74900000000092
1085.24600000000092
1097.74600000000093
1098.53500000000093
1098.99500000000093
1100.22600000000094
1101.07600000000094
1113.84800000000095
1114.67300000000095
1115.15400000000095
1116.50100000000095
1116.98400000000095
1129.60700000000096
1130.09000000000096
1130.63100000000096
1131.92900000000096
1133.16100000000096
1164.59300000000099
1166.08200000000099
1168.146000000001
1174.013000000001
1174.493000000001
43
-1
41.9589999999999956
65.1760000000000162
111.7390000000000576
147.205000000000089
159.4500000000001
199.394000000000135
222.745000000000156
242.800000000000174
303.319000000000228
361.63000000000028
381.357000000000297
443.954000000000353
458.701000000000366
476.275000000000381
492.311000000000396
503.189000000000405
513.544000000000414
587.23300000000048
639.613000000000526
654.47300000000054
670.391000000000554
683.706000000000566
715.054000000000593
748.719000000000623
761.034000000000634
780.264000000000651
829.737000000000695
889.160000000000748
899.143000000000757
936.25100000000079
952.898000000000805
965.990000000000816
991.895000000000839
1007.704000000000853
1022.921000000000867
1036.80300000000088
1055.1530000000009
1072.10400000000091
1085.24600000000092
1101.07600000000094
1116.98400000000095
1133.16100000000096
1174.493000000001
5
0
5000
0
0
0
0
2700
99
0
0
0
0
0
0
2700.79599999992988
0
0
0
0
0
0
