3
15
19
3
15
19
PPR2.12
FR2_day2
0
4
9
57
10
10
44
43
24
2
.3
1
126
1
61
1
1
1
1
1
1
1
1
1
1
1
1
1
1
1
1
1
1
1
1
1
1
125
-1
93.6330000000000415
94.0640000000000419
100.2360000000000474
101.4210000000000484
244.057000000000175
245.984000000000177
254.406000000000184
254.720000000000185
263.346000000000192
267.716000000000196
274.407000000000202
274.873000000000202
280.762000000000208
283.20500000000021
289.895000000000216
291.623000000000217
299.590000000000224
304.984000000000229
310.447000000000234
312.965000000000236
320.403000000000243
321.210000000000244
654.75400000000054
658.859000000000544
666.63500000000055
667.010000000000551
676.735000000000559
678.394000000000561
684.106000000000566
689.359000000000571
696.632000000000577
700.21300000000058
705.956000000000585
706.885000000000586
712.123000000000591
714.177000000000593
714.315000000000593
720.989000000000599
723.560000000000601
729.451000000000606
730.029000000000607
737.891000000000614
738.788000000000614
745.898000000000621
746.658000000000621
752.148000000000626
754.457000000000628
754.681000000000629
761.697000000000635
761.813000000000635
768.122000000000641
771.665000000000644
776.780000000000648
781.397000000000652
785.297000000000656
792.213000000000662
793.196000000000663
799.477000000000668
799.478000000000668
806.470000000000675
807.064000000000675
816.124000000000683
818.531000000000685
828.290000000000694
833.286000000000698
867.212000000000729
872.956000000000734
879.237000000000739
882.784000000000742
1134.06100000000097
1137.24100000000097
1164.71800000000099
1166.97700000000099
1200.93500000000102
1204.69600000000103
1209.81000000000103
1214.31400000000104
1218.56700000000104
1243.54100000000106
1244.89100000000106
1320.76000000000113
1321.98000000000113
1342.24500000000115
1343.65300000000115
1354.57600000000116
1357.65500000000116
1367.81400000000117
1368.77100000000117
1387.97000000000119
1390.79500000000119
1401.9240000000012
1402.9870000000012
1415.83500000000122
1419.89300000000122
1430.01300000000123
1447.19200000000124
1850.2230000000016
1854.59800000000161
1873.64600000000162
1890.35800000000164
1911.80900000000166
1913.33500000000166
1925.69400000000167
1928.33100000000167
1941.25100000000168
1943.61700000000168
1964.2790000000017
1968.59600000000171
1989.49700000000173
1992.32400000000173
2003.25200000000174
2005.59800000000174
2031.10900000000176
2032.61600000000176
2055.22600000000098
2056.25100000000087
2079.95899999999826
2083.96099999999782
2117.77999999999409
2120.63099999999378
2144.75799999999112
2145.97999999999099
2163.57799999998905
2164.34799999998896
2343.25099999996926
60
-1
94.0640000000000419
101.4210000000000484
245.984000000000177
254.720000000000185
267.716000000000196
274.873000000000202
283.20500000000021
291.623000000000217
304.984000000000229
312.965000000000236
321.210000000000244
658.859000000000544
667.010000000000551
678.394000000000561
689.359000000000571
700.21300000000058
706.885000000000586
714.177000000000593
723.560000000000601
730.029000000000607
738.788000000000614
746.658000000000621
754.457000000000628
761.813000000000635
771.665000000000644
785.297000000000656
793.196000000000663
799.478000000000668
807.064000000000675
818.531000000000685
833.286000000000698
872.956000000000734
882.784000000000742
1137.24100000000097
1166.97700000000099
1204.69600000000103
1218.56700000000104
1244.89100000000106
1321.98000000000113
1343.65300000000115
1357.65500000000116
1368.77100000000117
1390.79500000000119
1402.9870000000012
1419.89300000000122
1447.19200000000124
1854.59800000000161
1890.35800000000164
1913.33500000000166
1928.33100000000167
1943.61700000000168
1968.59600000000171
1992.32400000000173
2005.59800000000174
2032.61600000000176
2056.25100000000087
2083.96099999999782
2120.63099999999378
2145.97999999999099
2164.34799999998896
2
0
5000
0
0
0
0
2700
99
0
0
0
0
0
0
2700.79599999992988
0
0
0
0
0
0
