3
25
19
3
25
19
PPR2.16
PR3_day1
0
2
11
40
01
12
17
33
23
3
.3
1
168
1
11
1
1
1
1
1
1
1
1
1
1
1
1
1
1
1
1
1
1
1
1
1
184
167
-1
39.5759999999999935
44.9929999999999983
45.5799999999999988
46.4369999999999996
47.4100000000000005
54.716000000000007
54.9200000000000071
55.3340000000000075
56.2600000000000083
56.8990000000000089
57.8490000000000097
58.6240000000000104
70.0310000000000206
70.2940000000000208
71.2080000000000216
72.0850000000000224
72.3260000000000226
73.1950000000000234
73.7800000000000239
74.1650000000000242
74.3580000000000244
75.036000000000025
81.5910000000000308
81.9010000000000311
82.1990000000000314
83.1450000000000322
83.7570000000000327
84.025000000000033
84.7900000000000337
86.0080000000000347
86.6010000000000353
87.2330000000000358
87.8720000000000364
88.533000000000037
88.7420000000000372
129.743000000000074
131.226000000000075
131.574000000000075
132.114000000000076
132.820000000000076
133.310000000000077
133.542000000000077
134.190000000000078
134.594000000000078
135.410000000000079
135.617000000000079
136.238000000000079
136.67200000000008
138.692000000000082
140.011000000000083
140.787000000000083
147.212000000000089
149.193000000000091
149.974000000000092
150.785000000000092
152.499000000000094
152.872000000000094
154.206000000000095
156.531000000000097
157.304000000000098
159.1760000000001
160.116000000000101
161.404000000000102
162.260000000000102
162.999000000000103
163.440000000000104
163.763000000000104
164.099000000000104
164.585000000000105
165.110000000000105
176.088000000000115
177.107000000000116
177.432000000000116
178.108000000000117
178.489000000000117
179.542000000000118
180.884000000000119
181.423000000000119
183.854000000000122
184.100000000000122
200.123000000000136
200.594000000000137
202.277000000000138
202.978000000000139
203.645000000000139
204.35900000000014
205.652000000000141
206.278000000000142
207.443000000000143
209.513000000000144
211.841000000000146
212.710000000000147
222.136000000000156
223.774000000000157
230.112000000000163
230.454000000000163
230.879000000000163
231.712000000000164
232.527000000000165
233.124000000000165
233.547000000000166
234.174000000000166
235.072000000000167
236.446000000000168
236.772000000000169
237.251000000000169
238.12200000000017
240.326000000000172
240.861000000000172
241.464000000000173
242.020000000000173
245.766000000000177
246.532000000000177
248.308000000000179
248.571000000000179
249.07500000000018
250.01700000000018
250.459000000000181
346.559000000000266
347.494000000000267
348.124000000000268
349.025000000000268
349.846000000000269
350.64000000000027
351.648000000000271
352.373000000000271
352.700000000000272
353.832000000000273
357.896000000000276
358.553000000000277
361.075000000000279
361.84500000000028
362.54800000000028
363.355000000000281
365.701000000000283
366.267000000000284
367.014000000000284
368.075000000000285
371.710000000000288
372.89900000000029
373.64000000000029
374.300000000000291
374.729000000000291
375.614000000000292
376.103000000000292
376.702000000000293
433.043000000000343
433.890000000000344
434.983000000000345
435.286000000000345
435.871000000000346
436.329000000000346
436.503000000000346
437.019000000000346
438.097000000000347
439.067000000000348
439.858000000000349
440.88700000000035
441.797000000000351
442.139000000000351
443.690000000000352
444.673000000000353
445.398000000000354
445.896000000000354
446.573000000000355
449.434000000000358
451.66200000000036
10
-1
39.5769999999999935
47.4110000000000005
58.6250000000000104
75.037000000000025
88.7430000000000372
140.788000000000083
165.111000000000105
212.711000000000147
250.01800000000018
376.703000000000293
0
0
5000
0
0
0
0
7200
0
0
0
0
0
11
0
2176.80399999998759
1800.00000000000156
1800
0
31
0
1
4
7
10
13
16
19
22
25
28
31
34
37
40
43
46
49
52
55
58
61
64
67
70
73
76
79
82
85
88
91
94
97
100
103
106
109
112
115
118
121
124
127
130
133
136
139
142
145
148
151
154
157
160
163
166
169
172
175
178
181
184
187
190
193
196
199
202
205
208
211
214
217
220
223
226
229
232
235
238
241
244
247
250
253
256
259
262
265
268
271
274
277
280
283
286
289
292
295
298
301
304
307
310
313
316
319
322
325
328
331
334
337
340
343
346
349
352
355
358
361
364
367
370
373
376
379
382
385
388
391
394
397
400
403
406
409
412
415
418
421
424
427
430
433
436
439
442
445
448
451
454
457
460
463
466
469
472
475
478
481
484
487
490
493
496
499
502
505
508
511
514
517
520
523
526
529
532
535
538
541
544
547
550
