3
26
19
3
26
19
PPR2.13
PR3_day2
0
3
11
26
35
13
27
06
23
3
.3
1
1425
1
31
1
1
1
1
1
1
1
1
1
1
1
1
1
1
1
1
1
1
1
1
1
184
1424
-1
2.60700000000000004
21.2459999999999959
21.3849999999999958
21.7199999999999955
22.9659999999999944
60.6150000000000122
62.9180000000000142
64.1050000000000153
64.928000000000016
66.1120000000000171
67.0260000000000179
67.8260000000000186
74.6240000000000246
75.1970000000000251
76.5680000000000264
76.9330000000000267
77.242000000000027
77.3560000000000271
79.0680000000000286
79.3690000000000288
80.69800000000003
81.0550000000000303
101.9800000000000489
103.1000000000000499
104.0050000000000507
105.1610000000000518
106.2970000000000528
107.0460000000000534
107.3340000000000537
107.7930000000000541
108.3760000000000546
108.9810000000000551
112.9790000000000587
113.2120000000000589
113.4090000000000591
118.2980000000000634
118.4500000000000636
119.0190000000000641
119.2720000000000643
119.6560000000000646
119.9960000000000649
120.1640000000000651
120.3910000000000653
120.7120000000000656
120.9380000000000658
121.0770000000000659
121.4050000000000662
121.7500000000000665
122.4030000000000671
123.7470000000000683
123.8880000000000684
124.3210000000000688
124.575000000000069
171.652000000000111
172.458000000000112
172.784000000000112
173.760000000000113
174.308000000000113
174.607000000000113
174.889000000000114
175.715000000000114
176.006000000000115
177.087000000000116
177.676000000000116
178.012000000000116
178.127000000000117
178.365000000000117
179.154000000000117
180.193000000000118
182.15200000000012
182.44300000000012
182.821000000000121
189.303000000000126
190.418000000000127
190.884000000000128
191.190000000000128
227.19300000000016
227.771000000000161
228.354000000000161
228.577000000000161
228.928000000000162
230.181000000000163
230.555000000000163
230.952000000000163
232.475000000000165
233.426000000000166
235.643000000000168
236.428000000000168
236.723000000000169
237.280000000000169
237.438000000000169
237.75900000000017
268.369000000000197
269.185000000000197
274.287000000000202
274.692000000000202
275.492000000000203
275.656000000000203
275.971000000000203
276.762000000000204
277.642000000000205
277.758000000000205
279.339000000000206
280.245000000000207
280.663000000000208
281.514000000000208
281.652000000000208
282.048000000000209
282.304000000000209
282.451000000000209
283.49300000000021
284.335000000000211
284.546000000000211
285.618000000000212
285.989000000000212
286.515000000000213
286.912000000000213
287.800000000000214
288.011000000000214
288.128000000000214
293.275000000000219
294.51100000000022
294.98900000000022
295.177000000000221
295.376000000000221
297.006000000000222
297.928000000000223
298.248000000000223
299.317000000000224
299.802000000000225
299.958000000000225
300.267000000000225
300.543000000000225
301.122000000000226
302.143000000000227
302.554000000000227
302.847000000000227
303.298000000000228
303.501000000000228
304.406000000000229
304.813000000000229
305.216000000000229
306.00800000000023
306.32000000000023
306.941000000000231
307.812000000000232
308.014000000000232
308.397000000000232
314.362000000000238
314.653000000000238
317.830000000000241
318.089000000000241
318.404000000000241
319.420000000000242
319.516000000000242
320.055000000000243
321.151000000000244
324.546000000000247
324.746000000000247
325.196000000000247
330.482000000000252
331.798000000000253
332.313000000000254
333.250000000000254
333.851000000000255
334.293000000000255
334.572000000000256
335.048000000000256
335.724000000000257
336.655000000000257
336.814000000000258
337.103000000000258
337.784000000000258
339.93500000000026
340.319000000000261
340.704000000000261
341.107000000000261
341.361000000000262
341.951000000000262
346.424000000000266
347.843000000000267
348.060000000000267
348.497000000000268
348.701000000000268
349.560000000000269
350.045000000000269
351.32700000000027
351.593000000000271
353.349000000000272
353.574000000000272
353.909000000000273
355.018000000000274
355.402000000000274
355.753000000000274
356.073000000000275
356.593000000000275
356.911000000000275
357.506000000000276
357.774000000000276
358.662000000000277
359.249000000000277
359.980000000000278
361.001000000000279
362.13700000000028
362.70100000000028
363.014000000000281
366.378000000000284
366.633000000000284
369.859000000000287
370.242000000000287
370.745000000000288
371.107000000000288
371.947000000000289
469.500000000000375
475.761000000000381
476.949000000000382
478.260000000000383
478.800000000000384
479.174000000000384
479.544000000000384
482.613000000000387
484.934000000000389
485.55100000000039
485.75600000000039
486.32500000000039
486.954000000000391
488.580000000000392
488.884000000000393
489.456000000000393
489.999000000000394
490.249000000000394
490.749000000000394
490.948000000000394
491.223000000000395
491.475000000000395
492.162000000000395
492.602000000000396
492.765000000000396
493.211000000000396
494.115000000000397
494.581000000000398
494.996000000000398
495.647000000000399
497.1180000000004
497.6090000000004
498.138000000000401
498.533000000000401
499.054000000000402
499.838000000000402
500.286000000000403
501.093000000000403
505.803000000000408
506.151000000000408
507.922000000000409
509.331000000000411
509.991000000000411
510.258000000000412
512.915000000000414
513.403000000000414
514.728000000000416
515.038000000000416
515.278000000000416
515.621000000000416
516.730000000000417
517.441000000000418
517.881000000000418
518.260000000000419
518.393000000000419
519.186000000000419
519.50500000000042
520.745000000000421
521.032000000000421
522.076000000000422
522.351000000000422
522.594000000000422
523.668000000000423
524.096000000000424
524.700000000000424
525.077000000000425
525.823000000000425
526.537000000000426
528.407000000000428
530.344000000000429
530.52500000000043
530.99600000000043
532.399000000000431
532.933000000000432
533.504000000000432
535.047000000000434
535.932000000000434
537.647000000000436
538.834000000000437
541.81300000000044
546.619000000000444
548.713000000000446
549.233000000000446
549.431000000000446
549.565000000000446
550.988000000000448
551.414000000000448
551.855000000000448
552.399000000000449
552.636000000000449
553.29400000000045
553.53700000000045
553.98000000000045
554.863000000000451
555.289000000000452
555.897000000000452
556.791000000000453
558.038000000000454
559.070000000000455
559.502000000000455
559.741000000000455
559.931000000000456
560.546000000000456
560.986000000000457
607.630000000000498
607.914000000000498
608.226000000000499
608.362000000000499
608.996000000000499
609.3630000000005
609.9550000000005
610.1310000000005
610.688000000000501
611.133000000000501
611.304000000000501
611.519000000000501
612.393000000000502
613.480000000000503
613.952000000000504
617.418000000000507
618.101000000000507
619.212000000000508
620.423000000000509
620.99900000000051
629.222000000000517
629.957000000000518
630.653000000000518
631.121000000000519
632.31100000000052
632.70300000000052
633.420000000000521
634.251000000000522
634.420000000000522
634.691000000000522
635.075000000000522
636.162000000000523
645.179000000000531
646.111000000000532
646.934000000000533
647.207000000000533
648.411000000000534
663.149000000000547
665.397000000000549
666.28400000000055
667.378000000000551
667.650000000000551
668.014000000000552
668.774000000000552
669.035000000000552
669.499000000000553
670.319000000000554
670.854000000000554
672.427000000000556
672.592000000000556
677.97600000000056
679.559000000000562
679.968000000000562
680.225000000000562
686.053000000000568
687.321000000000569
687.429000000000569
687.959000000000569
688.54600000000057
688.94900000000057
689.907000000000571
691.090000000000572
691.347000000000572
691.806000000000573
693.083000000000574
693.402000000000574
698.506000000000579
700.09400000000058
701.648000000000582
702.924000000000583
704.250000000000584
705.381000000000585
705.751000000000585
706.320000000000586
706.975000000000586
722.2770000000006
723.770000000000601
724.225000000000602
724.611000000000602
725.154000000000602
725.772000000000603
726.205000000000603
727.040000000000604
727.171000000000604
727.668000000000605
728.702000000000606
729.009000000000606
729.144000000000606
729.398000000000606
730.043000000000607
732.265000000000609
732.703000000000609
733.41700000000061
733.94400000000061
734.691000000000611
734.940000000000611
735.725000000000612
735.869000000000612
736.163000000000612
736.684000000000613
737.917000000000614
738.204000000000614
739.570000000000615
739.734000000000615
740.404000000000616
740.543000000000616
740.732000000000616
741.206000000000617
741.390000000000617
741.513000000000617
741.708000000000617
741.879000000000617
742.051000000000617
742.799000000000618
743.391000000000619
743.894000000000619
754.991000000000629
755.532000000000629
757.122000000000631
757.422000000000631
757.668000000000631
758.094000000000632
758.429000000000632
759.109000000000632
759.766000000000633
760.616000000000634
760.802000000000634
761.006000000000634
762.175000000000635
762.514000000000636
763.059000000000636
763.211000000000636
763.518000000000636
764.505000000000637
764.786000000000638
765.141000000000638
766.183000000000639
767.34300000000064
768.326000000000641
769.021000000000641
769.163000000000641
770.225000000000642
771.415000000000643
828.551000000000694
830.267000000000696
853.492000000000716
854.826000000000718
855.201000000000718
855.880000000000718
856.157000000000719
857.01000000000072
857.59300000000072
858.426000000000721
858.829000000000721
859.040000000000721
859.418000000000722
859.629000000000722
897.290000000000755
900.479000000000758
900.730000000000758
901.041000000000759
901.332000000000759
902.37800000000076
902.77100000000076
903.579000000000761
906.202000000000763
906.943000000000764
907.470000000000764
921.295000000000777
956.436000000000808
959.38100000000081
961.198000000000812
961.951000000000813
962.659000000000813
963.154000000000814
963.872000000000814
964.815000000000815
965.239000000000816
965.923000000000816
966.264000000000816
967.152000000000817
967.431000000000818
969.94000000000082
970.25400000000082
970.39000000000082
970.71900000000082
970.865000000000821
971.490000000000821
972.933000000000822
973.795000000000823
974.446000000000824
974.975000000000824
975.481000000000825
975.670000000000825
975.866000000000825
976.049000000000825
976.263000000000825
978.230000000000827
978.957000000000828
979.736000000000828
1190.69200000000102
1191.91900000000102
1192.60600000000102
1193.30000000000102
1193.96000000000102
1194.29400000000102
1194.66700000000102
1195.39700000000102
1196.66300000000102
1197.39000000000102
1197.65000000000102
1197.94500000000102
1198.38400000000102
1327.05600000000114
1335.21500000000114
1338.48700000000115
1497.61600000000129
1498.45500000000129
1498.94200000000129
1500.18600000000129
1501.20700000000129
1501.35100000000129
1501.98900000000129
1508.1760000000013
1508.7830000000013
1509.7080000000013
1510.6320000000013
1511.3830000000013
1511.9570000000013
1512.3130000000013
1513.0040000000013
1513.3630000000013
1513.7080000000013
1555.07200000000134
1556.11000000000134
1556.85100000000134
1557.18200000000134
1557.43300000000134
1558.79100000000134
1559.79800000000134
1561.50400000000135
1561.88200000000135
1562.62700000000135
1562.92500000000135
1643.88500000000142
1653.91200000000143
1655.41400000000143
1655.71900000000143
1658.92300000000143
1659.28800000000143
1661.31400000000143
1696.06700000000146
1698.46800000000147
1699.59300000000147
1700.83700000000147
1701.13000000000147
1701.88900000000147
1702.28200000000147
1703.07300000000147
1703.28000000000147
1704.14200000000147
1704.35500000000147
1705.48200000000147
1705.85200000000147
1706.28700000000147
1706.83500000000147
1707.15300000000147
1707.71000000000148
1707.99600000000148
1708.15800000000148
1708.70000000000148
1709.54000000000148
1709.98400000000148
1711.19700000000148
1711.65500000000148
1712.28900000000148
1715.12100000000148
1716.05600000000148
1719.51400000000149
1719.79900000000149
1720.44300000000149
1732.7800000000015
1733.1780000000015
1733.8580000000015
1736.2480000000015
1736.7130000000015
1737.0860000000015
1737.8500000000015
1738.0490000000015
1739.0050000000015
1739.3270000000015
1739.6970000000015
1739.9990000000015
1740.3390000000015
1740.4630000000015
1740.9520000000015
1741.73200000000151
1742.11100000000151
1742.32500000000151
1743.15100000000151
1743.96400000000151
1745.42700000000151
1745.70100000000151
1746.01600000000151
1746.39700000000151
1746.64300000000151
1746.82700000000151
1746.99000000000151
1747.43500000000151
1748.13100000000151
1748.58000000000151
1762.05400000000152
1762.30700000000152
1762.62400000000152
1762.78100000000152
1763.11800000000152
1763.60100000000152
1764.26500000000153
1764.73400000000153
1765.34200000000153
1765.94600000000153
1766.22200000000153
1766.77500000000153
1767.09900000000153
1826.36700000000158
1828.11900000000158
1828.92100000000158
1830.35700000000158
1830.51100000000158
1831.31300000000158
1832.42600000000159
1832.80500000000159
1836.12500000000159
1836.75900000000159
1837.73100000000159
1838.36300000000159
1839.39600000000159
1839.65900000000159
1840.42000000000159
1840.56100000000159
1840.89700000000159
1841.80400000000159
1855.72600000000161
1857.69900000000161
1860.30700000000161
1900.92400000000165
1902.40700000000165
1904.53500000000165
1908.02100000000165
1909.20900000000165
1909.36500000000165
1910.49700000000166
1911.42900000000166
1911.92000000000166
1913.91500000000166
1916.52600000000166
1917.05700000000166
1917.57200000000166
1917.79200000000166
1917.96600000000166
1918.41100000000166
1918.97000000000166
1919.46800000000166
1919.90500000000166
1920.68700000000166
1921.98600000000167
1922.40900000000167
1923.27600000000167
1924.73400000000167
1925.10100000000167
1925.95800000000167
1926.22800000000167
1926.99200000000167
1927.46500000000167
1927.92500000000167
1928.08200000000167
1930.01800000000167
1930.16800000000167
1933.01900000000168
1934.22300000000168
1935.21800000000168
1935.34100000000168
1935.86300000000168
1936.79500000000168
1937.40900000000168
1940.01000000000168
1941.29500000000168
2018.43500000000175
2020.10200000000175
2021.68800000000175
2022.66000000000175
2024.21600000000176
2027.32500000000176
2027.56100000000176
2028.14600000000176
2028.51000000000176
2028.77400000000176
2029.20300000000176
2029.94500000000176
2030.57000000000176
2031.64200000000176
2032.19700000000176
2033.30600000000176
2036.53800000000177
2044.04600000000177
2044.80300000000177
2058.29900000000064
2059.36000000000053
2059.88700000000047
2060.24500000000043
2061.05500000000034
2061.55500000000028
2063.70900000000005
2064.26099999999999
2065.47999999999985
2066.22799999999977
2067.13499999999967
2067.58599999999962
2068.12599999999956
2069.06499999999946
2070.42399999999931
2070.71299999999928
2071.71799999999916
2072.15199999999912
2072.40799999999909
2073.01399999999902
2073.92499999999892
2089.5869999999972
2090.18899999999713
2090.67599999999708
2092.38799999999689
2092.84599999999684
2093.40599999999678
2095.71599999999652
2096.24299999999646
2096.65999999999642
2097.28599999999635
2098.12599999999626
2100.59699999999598
2101.3209999999959
2101.78499999999585
2144.11399999999119
2144.89299999999111
2145.60399999999103
2146.49799999999093
2147.60099999999081
2148.43399999999072
2148.96599999999066
2151.01999999999043
2151.64399999999036
2153.25999999999018
2154.74499999999002
2155.06399999998999
2155.95599999998989
2160.21299999998942
2164.85599999998891
2165.90399999998879
2166.78599999998869
2175.88399999998769
2177.39999999998753
2201.2309999999849
2202.1449999999848
2203.43299999998466
2204.37499999998455
2205.36399999998445
2207.21199999998424
2208.07099999998415
2209.46999999998399
2210.95999999998383
2212.24199999998369
2212.74599999998363
2213.58699999998354
2214.60999999998343
2215.12899999998337
2222.27599999998258
2225.06799999998228
2227.13499999998205
2229.99099999998173
2231.74599999998154
2232.81899999998142
2233.86599999998131
2235.05799999998118
2236.31499999998104
2236.94099999998097
2237.34499999998092
2238.11699999998084
2238.87899999998076
2239.31899999998071
2239.59999999998068
2240.18499999998061
2240.76999999998055
2371.23599999996618
2372.72599999996601
2373.34299999996595
2374.20999999996585
2375.27099999996573
2376.12399999996564
2376.59599999996559
2376.69899999996558
2376.98499999996554
2377.47999999996549
2379.48599999996527
2379.69099999996525
2380.29099999996518
2380.71799999996513
2381.44699999996505
2382.42599999996495
2383.69999999996481
2384.17699999996475
2384.54999999996471
2385.6069999999646
2386.17299999996453
2386.65399999996448
2387.53999999996438
2392.08699999996388
2393.21999999996376
2393.57599999996372
2458.37199999995658
2459.42099999995647
2460.24399999995638
2461.40599999995625
2462.62599999995611
2462.99499999995607
2463.42099999995603
2463.91799999995597
2464.75999999995588
2465.26599999995582
2465.91799999995575
2466.12299999995573
2466.45799999995569
2467.52899999995557
2467.81599999995554
2468.11199999995551
2468.24099999995549
2469.0859999999554
2469.90299999995531
2470.31599999995527
2471.04599999995519
2471.7769999999551
2740.36099999992552
2747.70399999992472
2749.38499999992453
2753.51899999992408
2754.56699999992396
2765.24799999992278
2766.9389999999226
2767.45299999992254
2767.57199999992253
2769.36899999992233
2769.89699999992227
2770.88699999992216
2771.4699999999221
2772.45999999992199
2772.92499999992194
2774.04599999992181
2774.95299999992171
2776.34399999992156
2777.91599999992139
2778.12699999992137
2778.38699999992134
2778.90599999992128
2779.28899999992124
2780.15699999992114
2780.44999999992111
2781.51699999992099
2782.03999999992093
2784.24599999992069
2784.64199999992065
2784.96999999992061
2785.40799999992056
2785.62799999992054
2786.13099999992048
2786.82599999992041
2786.96299999992039
2787.42599999992034
2787.7849999999203
2789.27899999992014
2790.09299999992005
2790.38899999992002
2790.88299999991996
2792.3379999999198
2793.17699999991971
2794.38899999991957
2796.0159999999194
2796.36699999991936
2796.59099999991933
2798.08499999991917
2805.9499999999183
2806.81199999991821
2808.01499999991807
2809.10399999991795
2809.6159999999179
2810.32799999991782
2812.09599999991762
2812.77299999991755
2814.53399999991736
3014.97199999989528
3017.79599999989497
3018.4599999998949
3021.1499999998946
3021.72299999989454
3022.80599999989442
3026.23299999989404
3026.97199999989396
3028.13199999989383
3029.42799999989369
3029.94799999989363
3030.50999999989357
3037.99799999989274
3038.96199999989264
3040.09799999989251
3041.05299999989241
3045.37199999989193
3048.96699999989154
3049.39499999989149
3050.09299999989141
3050.77999999989134
3063.05599999988998
3063.64099999988992
3064.34299999988984
3064.97399999988977
3066.11799999988965
3069.63799999988926
3070.82399999988913
3071.73599999988903
3073.59799999988882
3074.7539999998887
3075.07699999988866
3277.57899999986636
3279.53699999986614
3307.73499999986304
3309.31199999986286
3310.14299999986277
3310.95399999986268
3312.00699999986257
3312.46299999986252
3313.02499999986245
3313.47399999986241
3313.79099999986237
3314.52499999986229
3314.81799999986226
3315.98999999986213
3316.40299999986208
3317.03099999986201
3346.06499999985882
3346.89499999985872
3349.42099999985845
3349.8329999998584
3350.88199999985829
3352.12199999985815
3352.79399999985808
3353.72099999985797
3354.4039999998579
3355.04699999985783
3356.71699999985764
3357.0999999998576
3484.55099999984356
3485.18099999984349
3486.12299999984339
3486.9579999998433
3488.7489999998431
3489.74199999984299
3491.97999999984275
3493.19799999984261
3495.52399999984236
3496.49299999984225
3497.8889999998421
3498.50499999984203
3498.93699999984198
3499.36799999984193
3500.34199999984182
3502.21199999984162
3503.42899999984148
3504.54699999984136
3505.05099999984131
3505.62999999984124
3506.21299999984118
3633.37599999982717
3635.08099999982699
3635.80699999982691
3636.36699999982684
3638.69399999982659
3639.74499999982647
3645.97799999982579
3646.96199999982568
3647.6519999998256
3647.99299999982556
3648.70599999982548
3649.23799999982543
3649.5219999998254
3653.84199999982492
3654.40299999982486
3654.69599999982483
3665.23399999982366
3665.8609999998236
3666.14699999982356
3666.57099999982352
3667.49499999982342
3669.15799999982323
3669.67199999982318
3672.03299999982292
3672.64699999982285
3672.79999999982283
3674.55899999982264
3675.07899999982258
3675.37599999982255
3676.52699999982242
3676.90499999982238
3726.16099999981695
3726.6789999998169
3727.40199999981682
3728.53199999981669
3729.29999999981661
3730.18899999981651
3731.64199999981635
3731.92099999981632
3732.63599999981624
3732.83599999981622
3733.23099999981618
3733.73299999981612
3734.46199999981604
3735.07499999981597
3735.88799999981588
3736.27399999981584
3736.6039999998158
3737.59899999981569
3737.89299999981566
3738.82999999981556
3739.13499999981553
3739.45399999981549
3741.63199999981525
3742.15499999981519
3742.41399999981516
3742.75799999981513
3745.55699999981482
3746.25199999981474
3746.93299999981467
3747.07799999981465
3748.4349999998145
3748.55299999981449
3749.62699999981437
3750.19899999981431
3751.06999999981421
3751.42099999981417
3755.6919999998137
3757.98199999981345
3758.61699999981338
3758.92399999981335
3759.43099999981329
3760.68499999981315
3763.37699999981286
3765.37699999981264
3766.93799999981246
3767.21899999981243
3845.31099999980383
3846.72399999980368
3848.55599999980347
3850.29799999980328
3851.12999999980319
3852.19599999980307
3852.64399999980302
3852.878999999803
3853.17799999980297
3854.77499999980279
3859.47199999980227
3860.65899999980214
3861.41399999980206
3862.8559999998019
3863.54399999980182
3864.94699999980167
3865.11799999980165
3865.74499999980158
3879.47399999980007
3880.22799999979999
3882.32499999979976
3883.07899999979967
3885.88499999979936
3887.01399999979924
3887.87799999979914
3888.3169999997991
3888.98699999979902
3890.0799999997989
3890.67499999979884
3891.21499999979878
3891.69199999979872
3892.59299999979862
3894.17099999979845
3894.6199999997984
3895.14599999979834
3895.89299999979826
3896.23699999979822
3896.77799999979816
3897.20299999979812
4029.9029999997835
4031.11199999978337
4031.66999999978331
4033.10699999978315
4033.92599999978306
4038.34199999978257
4038.88199999978251
4040.34199999978235
4041.64899999978221
4042.06499999978216
4043.03899999978206
4044.10299999978194
4046.2359999997817
4052.17199999978105
4054.60599999978078
4055.28699999978071
4056.17499999978061
4091.59099999977671
4092.69399999977659
4093.39599999977651
4096.90199999977612
4097.61699999977604
4099.67199999977582
4101.74499999977559
4543.60799999972693
4545.71499999972669
4684.81499999971137
4686.72299999971116
4687.78499999971105
4688.45499999971097
4689.9849999997108
4691.8719999997106
4694.05499999971036
4696.77799999971006
4700.11899999970969
4701.22999999970957
4701.43899999970954
4702.09899999970947
4702.6969999997094
4703.33999999970933
5009.79599999967558
5011.90599999967535
5012.76599999967526
5014.36199999967508
5015.62599999967494
5015.80199999967492
5017.32499999967475
5018.13199999967466
5019.05699999967456
5019.82099999967448
5021.05799999967434
5021.25599999967432
5059.02399999967016
5062.44899999966978
5063.43799999966967
5064.28399999966958
5090.78699999966666
5092.55699999966647
5152.02699999965992
5154.50999999965964
5257.79999999964827
5292.87599999964441
5294.41599999964424
5295.42299999964413
5296.33699999964402
5296.77099999964398
5298.23399999964382
5298.71399999964376
5302.08399999964339
5303.53199999964323
5304.24199999964315
5304.79199999964309
5306.26299999964293
5307.98299999964274
5309.20799999964261
5309.63499999964256
5310.27099999964249
5323.47599999964104
5324.95399999964087
5345.5919999996386
5347.01899999963844
5348.64999999963826
5351.09799999963799
5358.63199999963716
5363.06099999963668
5365.26499999963643
5372.09899999963568
5376.34699999963521
5380.82099999963472
5382.47799999963454
5383.48399999963443
5387.90999999963394
5389.93399999963372
5390.37099999963367
5391.30599999963356
5391.46599999963355
5392.04299999963348
5394.11699999963326
5395.63399999963309
5427.2829999996296
5431.44299999962914
5432.42799999962904
5432.91499999962898
5434.80899999962877
5436.32499999962861
5439.64799999962824
5441.08499999962808
5442.59999999962792
5443.25899999962784
5447.70999999962735
5448.52599999962726
5449.1219999996272
5449.82899999962712
5450.45799999962705
5450.944999999627
5454.34599999962662
5486.71299999962306
5487.84799999962293
5489.70399999962273
5492.05299999962247
5549.34899999961616
5551.07499999961597
5555.08899999961553
5555.67299999961546
5565.46599999961438
5566.33899999961429
5569.33899999961396
5569.8969999996139
5570.27899999961385
5571.43399999961373
5606.34399999960988
5667.36899999960316
5670.04799999960287
5670.73199999960279
5725.73299999959673
5727.00999999959659
5727.28999999959656
5728.23499999959646
5728.84899999959639
5730.74399999959618
5731.10299999959614
5731.59299999959609
5732.44399999959599
5734.65899999959575
5735.20499999959569
5736.33999999959556
5751.15099999959393
5752.88499999959374
5754.1819999995936
5755.01799999959351
5785.47899999959015
5786.92099999958999
5803.53999999958816
5804.37499999958807
5811.99199999958723
5813.09199999958711
5814.06099999958701
5815.9159999995868
5816.31799999958676
5816.8299999995867
5817.56099999958662
5818.15399999958656
5819.16499999958644
5819.37999999958642
5819.89599999958636
5820.24399999958632
5820.99099999958624
5822.46099999958608
5824.71899999958583
5825.85399999958571
5826.06299999958568
5827.05199999958558
5827.78799999958549
5828.6579999995854
5829.40799999958532
5830.72799999958517
5831.3809999995851
5835.73499999958462
5836.29799999958456
5837.12599999958446
5837.30299999958445
5837.83799999958439
5842.67899999958385
5850.57199999958298
5880.70699999957967
5884.32099999957927
5885.40199999957915
5886.16499999957906
5890.3499999995786
5891.10299999957852
5891.52899999957847
5892.74999999957834
5893.46599999957826
5893.94699999957821
5896.57099999957792
5897.89799999957777
5899.10099999957764
5900.24799999957751
5903.50899999957715
5903.71799999957713
5904.34999999957706
5905.04399999957698
5906.84199999957679
5907.5969999995767
6180.0619999995467
6181.17499999954657
6182.33799999954645
6184.00999999954626
6185.68299999954608
6186.00699999954604
6188.64699999954575
6192.40099999954534
6192.90899999954528
6193.25099999954524
6193.6059999995452
6196.54999999954488
6198.38699999954468
6281.88299999953548
6283.45899999953531
6400.89799999952238
6402.42599999952221
6405.1729999995219
6406.05299999952181
6408.03699999952159
6408.8659999995215
6409.38399999952144
6409.7079999995214
6411.51399999952121
6413.51399999952098
6414.55599999952087
6415.74199999952074
6418.44299999952044
6419.53299999952032
6421.19399999952014
6441.32599999951792
6447.50899999951724
6448.65499999951712
6493.38699999951219
6494.64499999951205
6496.76599999951182
6497.00399999951179
6497.55099999951173
6500.96499999951135
6502.46199999951119
6502.66599999951117
6504.24099999951099
6504.62699999951095
6505.00699999951091
6506.50299999951074
6557.32299999950515
6557.86899999950509
6559.12699999950495
6560.88399999950476
6563.58299999950446
6585.67899999950202
6586.7689999995019
6587.32099999950184
6589.87799999950156
6590.36299999950151
6590.70799999950147
6591.41699999950139
6594.930999999501
6595.27299999950097
6604.0859999995
6649.76599999949497
6689.88399999949055
6691.27399999949039
6691.44099999949038
6692.01099999949031
6693.27599999949017
6694.51699999949004
6695.48599999948993
6696.12099999948986
6696.82399999948978
6699.07399999948954
6699.66999999948947
6701.04799999948932
6701.65799999948925
6705.19399999948886
6705.50099999948883
6706.05899999948877
6706.80699999948868
6737.73099999948528
6739.55799999948508
6740.36699999948499
6740.75499999948494
6741.68299999948484
6743.19199999948468
6744.61099999948452
6749.11799999948402
6751.38499999948377
6752.50399999948365
6875.07899999947015
6878.51899999946977
6880.27599999946958
6884.03899999946916
6884.6679999994691
6885.44199999946901
6886.64899999946888
6896.54199999946779
6899.70099999946744
6899.85799999946742
6902.05299999946718
6906.93499999946664
6908.45999999946647
6909.95899999946631
6956.55299999946118
6959.43699999946086
6963.46699999946042
6964.92699999946026
7103.77599999944496
7105.46099999944478
7153.65199999943947
7172.61399999943738
30
-1
2.60800000000000004
22.9669999999999944
67.8270000000000186
81.0560000000000303
113.4100000000000591
124.576000000000069
182.822000000000121
269.186000000000197
288.129000000000214
308.398000000000232
341.952000000000262
469.501000000000375
501.094000000000403
541.81400000000044
621.00000000000051
693.403000000000574
743.895000000000619
907.471000000000764
1501.99000000000129
1720.44400000000149
1841.80500000000159
2044.80400000000177
2214.61099999998343
2754.56799999992396
3050.78099999989134
3654.69699999982482
3865.74599999980158
5257.80099999964827
5736.34099999959556
6421.19499999952014
0
0
5000
0
0
0
0
7200
0
0
0
0
0
31
0
7200.00099999943437
778.90600000000065
1800
0
91
0
1
4
7
10
13
16
19
22
25
28
31
34
37
40
43
46
49
52
55
58
61
64
67
70
73
76
79
82
85
88
91
94
97
100
103
106
109
112
115
118
121
124
127
130
133
136
139
142
145
148
151
154
157
160
163
166
169
172
175
178
181
184
187
190
193
196
199
202
205
208
211
214
217
220
223
226
229
232
235
238
241
244
247
250
253
256
259
262
265
268
271
274
277
280
283
286
289
292
295
298
301
304
307
310
313
316
319
322
325
328
331
334
337
340
343
346
349
352
355
358
361
364
367
370
373
376
379
382
385
388
391
394
397
400
403
406
409
412
415
418
421
424
427
430
433
436
439
442
445
448
451
454
457
460
463
466
469
472
475
478
481
484
487
490
493
496
499
502
505
508
511
514
517
520
523
526
529
532
535
538
541
544
547
550
