3
14
19
3
14
19
PPR2.11
FR2_day1
0
3
10
15
55
11
07
28
24
2
.3
1
20
1
9
1
1
1
1
1
1
1
1
1
1
1
1
1
1
1
1
1
1
1
1
1
1
19
-1
347.811000000000267
538.183000000000436
657.920000000000543
659.216000000000544
679.695000000000562
791.009000000000661
798.450000000000668
810.875000000000678
844.011000000000708
850.162000000000713
855.017000000000718
855.523000000000718
1551.83400000000134
1660.29700000000143
1686.03700000000146
1690.72900000000146
1691.46200000000146
1726.42400000000149
1773.89500000000153
8
-1
538.183000000000436
659.216000000000544
791.009000000000661
810.875000000000678
850.162000000000713
1551.83400000000134
1686.03700000000146
1726.42400000000149
2
0
5000
0
0
0
0
2700
99
0
0
0
0
0
0
2700.79599999992988
0
0
0
0
0
0
