3
20
19
3
20
19
PPR2.11
FR5_day1
0
3
10
21
26
11
07
40
24
2
.3
1
195
1
39
1
1
1
1
1
1
1
1
1
1
1
1
1
1
1
1
1
1
1
1
1
1
194
-1
2.95800000000000005
7.64100000000000015
114.5290000000000601
117.796000000000063
119.5000000000000645
131.387000000000075
133.376000000000077
134.618000000000078
138.199000000000081
142.677000000000085
189.763000000000127
192.453000000000129
194.991000000000132
196.822000000000133
197.123000000000133
202.945000000000139
207.096000000000142
207.481000000000143
209.503000000000144
211.320000000000146
221.348000000000155
223.453000000000157
226.032000000000159
229.505000000000162
231.390000000000164
231.623000000000164
241.797000000000173
243.560000000000175
247.553000000000178
249.20700000000018
250.674000000000181
260.27700000000019
261.972000000000191
263.319000000000192
265.616000000000194
267.374000000000196
271.9070000000002
278.760000000000206
279.818000000000207
281.985000000000209
283.78900000000021
289.995000000000216
373.63700000000029
375.686000000000292
377.839000000000294
379.332000000000295
380.452000000000296
673.363000000000556
677.38300000000056
679.607000000000562
680.348000000000563
684.178000000000566
692.543000000000573
694.145000000000575
695.126000000000576
702.118000000000582
704.149000000000584
711.65400000000059
712.937000000000592
714.021000000000592
714.510000000000593
717.344000000000595
726.989000000000604
730.870000000000607
731.738000000000608
736.009000000000612
736.689000000000613
742.198000000000618
743.873000000000619
746.650000000000622
753.912000000000628
757.237000000000631
773.111000000000645
776.623000000000648
778.71200000000065
782.682000000000653
785.068000000000656
791.750000000000662
803.714000000000672
807.398000000000675
809.155000000000677
812.63700000000068
822.934000000000689
824.779000000000691
826.779000000000693
828.439000000000694
829.578000000000695
837.748000000000702
841.541000000000706
844.785000000000709
847.680000000000711
850.694000000000714
861.690000000000724
863.480000000000725
865.673000000000727
873.322000000000734
875.199000000000736
1059.0710000000009
1060.7730000000009
1062.2440000000009
1064.7890000000009
1066.21200000000091
1070.54000000000091
1079.67400000000092
1081.12100000000092
1082.86500000000092
1085.60300000000092
1086.82400000000092
1100.98700000000094
1102.62100000000094
1102.88600000000094
1104.41100000000094
1105.09700000000094
1113.41000000000095
1115.47600000000095
1120.33700000000095
1121.95400000000095
1122.38300000000096
1134.00200000000097
1136.57000000000097
1141.08100000000097
1142.73500000000097
1144.29300000000097
1157.21000000000099
1159.26100000000099
1161.62000000000099
1163.85500000000099
1165.27900000000099
1173.974000000001
1174.935000000001
1176.263000000001
1178.089000000001
1179.65800000000101
1191.89200000000102
1193.64000000000102
1197.10400000000102
1198.69500000000102
1200.56700000000102
1208.61900000000103
1212.69800000000104
1213.51200000000104
1215.15600000000104
1217.99100000000104
1236.90800000000106
1240.27200000000106
1242.30900000000106
1245.39500000000106
1246.16500000000106
1259.93100000000108
1262.33800000000108
1263.51400000000108
1265.63000000000108
1268.33800000000108
1280.6040000000011
1283.3840000000011
1284.8610000000011
1285.2790000000011
1287.9430000000011
1305.29800000000112
1312.70100000000112
1313.91200000000113
1315.48100000000113
1319.72500000000113
1320.27200000000113
1329.77200000000114
1330.67400000000114
1342.21400000000115
1343.93200000000115
1349.78400000000116
1379.93200000000118
1381.54900000000119
1487.95100000000128
1492.64500000000128
1494.22800000000129
1508.7560000000013
1513.4260000000013
1515.5790000000013
1517.12300000000131
1519.58800000000131
1536.29500000000132
1538.38900000000132
1539.73800000000133
1541.79800000000133
1543.47300000000133
1548.76900000000133
1550.68600000000134
1550.90400000000134
1552.53000000000134
1555.60100000000134
1569.45400000000135
1577.00900000000136
1578.51300000000136
1579.29000000000136
1581.96200000000136
38
-1
119.5000000000000645
142.677000000000085
197.123000000000133
211.320000000000146
231.390000000000164
250.674000000000181
267.374000000000196
289.995000000000216
380.452000000000296
684.178000000000566
704.149000000000584
717.344000000000595
736.689000000000613
757.237000000000631
785.068000000000656
812.63700000000068
829.578000000000695
850.694000000000714
875.199000000000736
1066.21200000000091
1086.82400000000092
1105.09700000000094
1122.38300000000096
1144.29300000000097
1165.27900000000099
1179.65800000000101
1200.56700000000102
1217.99100000000104
1246.16500000000106
1268.33800000000108
1287.9430000000011
1319.72500000000113
1349.78400000000116
1494.22800000000129
1519.58800000000131
1543.47300000000133
1555.60100000000134
1581.96200000000136
5
0
5000
0
0
0
0
2700
99
0
0
0
0
0
0
2700.79599999992988
0
0
0
0
0
0
