3
24
19
3
24
19
PPR2.10
FR5_day5
0
2
9
05
24
9
53
27
24
2
.3
1
185
1
33
1
1
1
1
1
1
1
1
1
1
1
1
1
1
1
1
1
1
1
1
1
1
184
-1
27.3719999999999907
28.3519999999999899
29.5949999999999888
30.1879999999999883
30.598999999999988
40.3659999999999942
42.0609999999999957
42.7769999999999963
45.4959999999999988
46.2609999999999994
58.8670000000000106
59.6900000000000114
60.2470000000000119
61.0620000000000126
67.0360000000000179
67.6110000000000184
73.920000000000024
74.9340000000000249
75.7380000000000256
77.0710000000000268
77.4270000000000271
116.1960000000000616
116.9190000000000622
117.3990000000000626
118.945000000000064
119.5220000000000645
122.2510000000000669
127.0190000000000712
127.5900000000000717
128.335000000000072
129.172000000000073
130.935000000000075
131.489000000000075
142.516000000000085
143.081000000000085
145.059000000000087
146.435000000000088
153.292000000000094
160.250000000000101
162.005000000000102
163.112000000000103
164.159000000000104
164.880000000000105
176.870000000000115
178.280000000000117
178.674000000000117
179.908000000000118
181.52200000000012
196.638000000000133
197.398000000000134
198.869000000000135
201.272000000000137
202.917000000000139
204.87600000000014
237.379000000000169
239.944000000000171
242.498000000000174
242.901000000000174
243.265000000000174
251.515000000000182
252.863000000000183
253.582000000000184
254.901000000000185
256.357000000000186
272.1520000000002
273.577000000000201
274.070000000000202
275.421000000000203
278.325000000000206
278.742000000000206
294.81100000000022
295.911000000000221
296.580000000000222
299.340000000000224
300.983000000000226
301.628000000000226
452.46100000000036
452.834000000000361
453.528000000000361
453.962000000000362
454.416000000000362
454.796000000000362
455.041000000000362
469.964000000000376
471.049000000000377
471.427000000000377
472.929000000000378
475.29700000000038
475.831000000000381
493.961000000000397
494.959000000000398
495.397000000000398
496.180000000000399
497.0680000000004
497.7950000000004
518.059000000000418
518.961000000000419
519.68100000000042
520.23300000000042
520.553000000000421
520.962000000000421
529.747000000000429
531.09700000000043
531.40400000000043
533.102000000000432
534.079000000000433
549.299000000000446
549.974000000000447
550.306000000000447
550.622000000000447
550.797000000000448
551.318000000000448
572.356000000000467
572.993000000000467
573.404000000000468
574.850000000000469
575.82800000000047
589.955000000000482
590.963000000000483
591.369000000000484
592.989000000000485
594.342000000000486
594.790000000000487
615.412000000000505
616.663000000000506
617.107000000000506
618.879000000000508
620.59900000000051
621.22900000000051
634.530000000000522
637.776000000000525
639.125000000000526
639.922000000000527
640.563000000000527
659.992000000000544
662.845000000000547
663.870000000000548
664.431000000000548
664.815000000000549
665.139000000000549
675.682000000000558
677.40200000000056
678.03400000000056
678.260000000000561
681.020000000000563
681.571000000000564
694.813000000000575
695.997000000000576
696.529000000000577
697.947000000000578
700.577000000000581
701.226000000000581
716.623000000000595
717.941000000000596
719.365000000000597
720.850000000000599
722.3660000000006
722.9410000000006
735.042000000000611
735.924000000000612
736.545000000000612
737.608000000000613
738.367000000000614
753.114000000000627
753.980000000000628
755.227000000000629
755.85900000000063
756.19900000000063
756.64300000000063
1003.80900000000085
1016.905000000000862
1018.023000000000862
1018.545000000000863
1019.493000000000864
1020.531000000000865
1021.923000000000866
1022.266000000000866
1023.789000000000868
1024.88300000000087
1025.26800000000087
1026.05800000000087
1116.76100000000095
1119.19900000000095
1195.01700000000102
32
-1
30.598999999999988
46.2609999999999994
67.0360000000000179
77.4270000000000271
119.5220000000000645
130.935000000000075
153.292000000000094
164.880000000000105
181.52200000000012
202.917000000000139
243.265000000000174
256.357000000000186
278.325000000000206
300.983000000000226
454.416000000000362
475.29700000000038
497.0680000000004
520.553000000000421
534.079000000000433
550.797000000000448
575.82800000000047
594.342000000000486
620.59900000000051
640.563000000000527
664.815000000000549
681.020000000000563
700.577000000000581
722.3660000000006
738.367000000000614
756.19900000000063
1019.493000000000864
1119.19900000000095
5
0
5000
0
0
0
0
2700
99
0
0
0
0
0
0
2700.79599999992988
0
0
0
0
0
0
