3
09
19
3
09
19
PPR2.16
FR1_day1
0
2
10
39
04
11
25
15
24
2
.3
1
12
1
9
1
1
1
1
1
1
1
1
1
1
1
1
1
1
1
1
1
1
1
1
1
1
11
-1
58.13800000000001
248.462000000000179
524.738000000000424
1101.76000000000094
1216.17900000000104
1217.77600000000104
1218.29000000000104
1382.21100000000119
1383.81800000000119
1422.86500000000122
1539.74200000000133
8
-1
58.13800000000001
248.462000000000179
524.738000000000424
1101.76000000000094
1216.17900000000104
1382.21100000000119
1422.86500000000122
1539.74200000000133
1
0
5000
0
0
0
0
2700
99
0
0
0
0
0
0
2700.79699999992988
0
0
0
0
0
0
