3
28
19
3
28
19
PPR2.15
PR3_day4
0
1
11
04
10
12
03
36
23
3
.3
1
747
1
23
1
1
1
1
1
1
1
1
1
1
1
1
1
1
1
1
1
1
1
1
1
184
746
-1
4.73800000000000009
4.83400000000000009
7.13600000000000014
8.75100000000000017
11.37400000000000022
12.38500000000000024
12.70900000000000025
13.06500000000000026
17.517999999999999
17.8339999999999988
36.8449999999999911
36.9049999999999911
38.3969999999999925
38.6909999999999927
39.3539999999999933
39.8319999999999937
40.2119999999999941
44.2559999999999977
44.8479999999999982
45.3419999999999986
45.9429999999999992
46.7889999999999999
47.5090000000000005
47.7970000000000008
48.8610000000000017
49.7890000000000026
53.5050000000000059
53.9190000000000062
54.6200000000000069
58.3860000000000102
60.381000000000012
60.7600000000000123
61.0820000000000126
68.5420000000000192
69.1960000000000198
69.7840000000000203
70.1560000000000207
70.6830000000000211
73.2190000000000234
73.8200000000000239
74.1250000000000242
74.3790000000000244
74.6090000000000246
79.4050000000000289
79.8680000000000293
80.2640000000000296
95.9860000000000436
96.9870000000000445
99.1710000000000464
99.5610000000000468
99.850000000000047
100.4750000000000476
101.1450000000000482
102.023000000000049
102.8140000000000497
103.19500000000005
103.5470000000000503
105.5050000000000521
108.4770000000000547
109.2530000000000554
112.0050000000000578
121.3640000000000662
121.6300000000000664
122.0150000000000667
122.6700000000000673
124.8650000000000692
125.71700000000007
127.2490000000000714
127.6330000000000717
128.648000000000073
129.863000000000074
131.374000000000075
131.786000000000075
132.164000000000076
132.812000000000076
133.147000000000077
135.684000000000079
135.991000000000079
136.81700000000008
136.92600000000008
144.883000000000087
144.973000000000087
145.408000000000088
147.280000000000089
154.945000000000096
155.222000000000096
155.559000000000097
155.786000000000097
156.085000000000097
156.802000000000098
157.532000000000098
158.776000000000099
159.4130000000001
159.9270000000001
160.084000000000101
161.217000000000102
163.290000000000103
164.462000000000104
164.692000000000105
165.180000000000105
166.061000000000106
166.654000000000106
178.046000000000116
178.674000000000117
179.512000000000118
179.949000000000118
182.835000000000121
183.329000000000121
184.478000000000122
185.502000000000123
185.920000000000123
188.553000000000126
189.018000000000126
190.804000000000128
191.236000000000128
192.450000000000129
192.70700000000013
193.27200000000013
193.74300000000013
194.039000000000131
196.239000000000133
196.550000000000133
196.867000000000133
200.869000000000137
202.414000000000138
202.818000000000138
203.644000000000139
211.822000000000146
212.332000000000147
214.104000000000149
214.542000000000149
214.892000000000149
216.721000000000151
217.094000000000151
217.548000000000152
217.848000000000152
219.025000000000153
219.334000000000153
220.363000000000154
221.263000000000155
222.509000000000156
277.886000000000205
279.395000000000206
281.239000000000208
281.896000000000209
282.595000000000209
283.15200000000021
283.924000000000211
285.566000000000212
285.986000000000212
286.935000000000213
291.872000000000218
296.872000000000222
297.376000000000222
297.910000000000223
305.79000000000023
307.001000000000231
307.437000000000231
307.922000000000232
308.325000000000232
308.664000000000232
308.850000000000233
309.115000000000233
309.941000000000234
312.072000000000236
312.516000000000236
313.151000000000236
313.590000000000237
314.132000000000237
314.561000000000238
339.66900000000026
340.595000000000261
341.039000000000261
341.552000000000262
345.209000000000265
346.084000000000266
346.671000000000266
347.025000000000267
347.381000000000267
348.677000000000268
348.971000000000268
349.322000000000269
349.912000000000269
350.86900000000027
351.38700000000027
353.154000000000272
362.46600000000028
363.082000000000281
363.313000000000281
363.819000000000281
365.193000000000283
370.219000000000287
371.079000000000288
374.909000000000291
375.626000000000292
377.399000000000294
377.540000000000294
378.263000000000294
378.680000000000295
378.944000000000295
379.255000000000295
385.883000000000301
386.239000000000301
386.542000000000302
387.732000000000303
388.124000000000303
388.289000000000303
389.152000000000304
389.628000000000304
393.038000000000307
393.952000000000308
394.905000000000309
395.36500000000031
395.85700000000031
396.26900000000031
397.506000000000311
398.845000000000313
399.488000000000313
399.791000000000313
400.118000000000314
408.755000000000321
408.992000000000322
409.373000000000322
409.926000000000322
413.689000000000326
414.087000000000326
414.619000000000327
414.956000000000327
415.357000000000327
416.147000000000328
416.838000000000329
417.786000000000329
418.23400000000033
420.058000000000331
420.971000000000332
421.190000000000332
421.421000000000333
421.859000000000333
422.912000000000334
423.206000000000334
427.549000000000338
427.892000000000338
428.413000000000339
431.049000000000341
431.651000000000342
434.153000000000344
434.730000000000344
435.609000000000345
436.531000000000346
436.870000000000346
439.403000000000349
439.998000000000349
440.60000000000035
441.31500000000035
441.601000000000351
442.501000000000351
442.829000000000352
447.049000000000355
451.100000000000359
451.593000000000359
453.349000000000361
453.887000000000361
455.805000000000363
456.252000000000364
457.264000000000364
457.797000000000365
484.426000000000389
485.178000000000389
485.68100000000039
486.25900000000039
487.221000000000391
487.583000000000391
488.072000000000392
488.509000000000392
489.923000000000393
490.057000000000394
490.897000000000394
491.492000000000395
491.855000000000395
492.229000000000396
494.215000000000397
494.724000000000398
494.982000000000398
495.459000000000398
496.490000000000399
497.6950000000004
497.963000000000401
499.206000000000402
501.689000000000404
502.562000000000405
502.660000000000405
503.272000000000405
503.780000000000406
505.632000000000407
510.266000000000412
510.621000000000412
511.147000000000412
511.402000000000413
516.649000000000417
518.097000000000418
518.562000000000419
518.895000000000419
519.192000000000419
519.27100000000042
521.615000000000422
521.818000000000422
522.230000000000422
522.652000000000423
523.579000000000423
524.707000000000424
525.229000000000425
525.592000000000425
526.989000000000426
527.522000000000427
528.467000000000428
529.050000000000428
531.55800000000043
532.028000000000431
533.011000000000432
533.290000000000432
534.050000000000433
534.971000000000433
548.676000000000446
549.060000000000446
549.841000000000447
551.030000000000448
551.515000000000448
553.20400000000045
553.86700000000045
554.573000000000451
554.757000000000451
555.196000000000451
555.453000000000452
555.772000000000452
556.311000000000452
557.037000000000453
557.522000000000454
558.163000000000454
561.166000000000457
562.083000000000458
562.820000000000458
571.593000000000466
572.138000000000466
573.374000000000468
573.906000000000468
574.222000000000468
574.346000000000468
575.79100000000047
579.196000000000473
579.964000000000473
581.723000000000475
590.139000000000482
591.616000000000484
592.149000000000484
596.519000000000488
597.041000000000489
597.416000000000489
597.849000000000489
598.63600000000049
600.730000000000492
602.307000000000493
608.272000000000499
608.565000000000499
610.2340000000005
610.766000000000501
613.373000000000503
613.923000000000504
619.057000000000508
619.783000000000509
620.59600000000051
624.014000000000513
625.950000000000514
626.381000000000515
627.772000000000516
630.063000000000518
631.226000000000519
632.36100000000052
635.712000000000523
637.809000000000525
638.762000000000526
639.282000000000526
641.964000000000528
642.717000000000529
643.27100000000053
643.92000000000053
646.151000000000532
646.632000000000533
648.134000000000534
648.582000000000534
669.590000000000553
671.074000000000554
674.587000000000557
675.169000000000558
675.435000000000558
676.611000000000559
677.11000000000056
678.843000000000561
679.710000000000562
680.199000000000562
682.041000000000564
682.961000000000565
687.113000000000569
690.069000000000571
690.470000000000572
691.287000000000572
691.439000000000572
692.418000000000573
696.836000000000577
697.181000000000578
697.735000000000578
702.386000000000582
702.496000000000582
702.762000000000582
703.678000000000583
704.240000000000584
705.747000000000585
706.257000000000586
707.106000000000586
708.038000000000587
708.498000000000588
711.51400000000059
711.968000000000591
715.487000000000594
716.169000000000594
717.594000000000596
718.855000000000597
719.693000000000598
721.154000000000599
782.802000000000654
783.582000000000654
784.585000000000655
785.975000000000656
787.029000000000657
787.781000000000658
788.460000000000659
789.036000000000659
790.09800000000066
792.003000000000662
802.023000000000671
806.060000000000674
807.253000000000675
807.866000000000676
808.329000000000676
814.352000000000682
814.673000000000682
815.085000000000682
817.321000000000684
818.177000000000685
818.999000000000686
825.251000000000691
850.814000000000714
857.94900000000072
860.066000000000722
860.511000000000723
861.222000000000723
863.386000000000725
867.676000000000729
869.43300000000073
872.461000000000733
876.621000000000737
877.666000000000738
879.97300000000074
882.974000000000743
883.249000000000743
884.377000000000744
885.807000000000745
888.727000000000748
890.744000000000749
891.934000000000751
897.479000000000755
900.599000000000758
902.31400000000076
902.73700000000076
903.06500000000076
903.17100000000076
903.495000000000761
942.238000000000795
945.924000000000798
948.428000000000801
984.372000000000833
991.245000000000839
996.006000000000843
1001.687000000000848
1005.600000000000851
1007.315000000000853
1008.838000000000854
1009.464000000000855
1013.039000000000858
1020.408000000000865
1021.335000000000865
1022.010000000000866
1032.23300000000088
1032.85700000000088
1033.45700000000088
1033.77300000000088
1034.85900000000088
1036.40600000000088
1037.29200000000088
1037.72800000000088
1038.66900000000088
1039.01500000000088
1062.2000000000009
1063.1290000000009
1063.9680000000009
1066.08800000000091
1066.63800000000091
1067.47700000000091
1068.42500000000091
1069.04100000000091
1069.27000000000091
1070.85400000000091
1073.89500000000091
1074.53100000000091
1074.93200000000091
1077.19700000000091
1077.94000000000092
1078.44300000000092
1089.60200000000093
1091.77900000000093
1093.10900000000093
1093.61600000000093
1094.30800000000093
1094.96300000000093
1095.25400000000093
1095.78600000000093
1099.83900000000094
1100.88900000000094
1102.14700000000094
1106.01400000000094
1107.31700000000094
1108.08600000000094
1109.39600000000094
1109.96400000000094
1110.81400000000094
1111.77500000000095
1112.57400000000095
1113.33800000000095
1114.98400000000095
1115.81700000000095
1116.08900000000095
1116.59100000000095
1116.94900000000095
1118.48700000000095
1120.41600000000095
1122.29600000000096
1122.71300000000096
1129.60200000000096
1148.75300000000098
1149.42600000000098
1150.72200000000098
1151.10300000000098
1155.99000000000098
1156.39200000000099
1157.51800000000099
1158.14700000000099
1165.12900000000099
1166.26600000000099
1167.12200000000099
1168.178000000001
1168.883000000001
1170.194000000001
1171.354000000001
1173.253000000001
1173.608000000001
1174.351000000001
1174.956000000001
1175.328000000001
1177.344000000001
1178.95400000000101
1179.15100000000101
1179.66400000000101
1180.51800000000101
1181.02300000000101
1181.64600000000101
1182.39600000000101
1183.53500000000101
1184.06100000000101
1184.23500000000101
1184.82000000000101
1185.23300000000101
1185.37500000000101
1185.63300000000101
1186.37200000000101
1187.15100000000101
1188.71000000000101
1189.31100000000101
1190.54200000000102
1193.28500000000102
1194.15000000000102
1196.69400000000102
1197.44600000000102
1198.15100000000102
1199.00400000000102
1199.60900000000102
1200.50600000000102
1206.32800000000103
1207.26400000000103
1208.64400000000103
1208.91700000000103
1209.61500000000103
1212.07800000000103
1212.63200000000104
1213.28000000000104
1213.75800000000104
1249.15700000000107
1249.82300000000107
1251.56100000000107
1252.19800000000107
1252.85500000000107
1253.74100000000107
1254.75500000000107
1327.56100000000114
1329.96700000000114
1333.51700000000114
1335.55600000000114
1336.62600000000115
1338.66400000000115
1343.63300000000115
1344.76400000000115
1346.18600000000115
1346.63800000000115
1347.21800000000115
1351.87800000000116
1352.46200000000116
1353.45500000000116
1353.92600000000116
1354.43800000000116
1354.73400000000116
1355.12300000000116
1356.71100000000116
1357.34200000000116
1357.81100000000116
1359.90700000000117
1360.21700000000117
1360.71700000000117
1361.59600000000117
1362.96200000000117
1363.44800000000117
1364.12800000000117
1364.96000000000117
1365.93400000000117
1366.07300000000117
1366.71400000000117
1369.18100000000117
1369.78000000000117
1370.36500000000118
1370.74600000000118
1372.65800000000118
1374.71600000000118
1375.26200000000118
1375.70300000000118
1379.32900000000118
1380.91500000000118
1381.51400000000119
1382.05500000000119
1383.15800000000119
1384.89100000000119
1387.43300000000119
1388.02100000000119
1402.7080000000012
1410.97000000000121
1415.67400000000122
1416.63900000000122
1417.59000000000122
1426.12500000000122
1438.21900000000124
1442.01400000000124
1442.97500000000124
1443.75500000000124
1453.27600000000125
1459.98000000000126
1487.22300000000128
1487.79100000000128
1489.10000000000128
1491.62400000000128
1495.63800000000129
1497.08700000000129
1497.77000000000129
1498.48000000000129
1500.81200000000129
1501.77100000000129
1502.31800000000129
1538.33700000000132
1539.12600000000133
1554.20400000000134
1557.62900000000134
1558.80800000000134
1563.03500000000135
1566.70700000000135
1568.66800000000135
1576.41200000000136
1581.05100000000136
1592.31200000000137
1593.26300000000137
1593.87700000000137
1594.74800000000137
1595.77900000000138
1597.19200000000138
1598.78400000000138
1599.91400000000138
1601.30600000000138
1601.76600000000138
1602.35300000000138
1602.46300000000138
1604.14100000000138
1604.45400000000138
1605.48700000000138
1605.89200000000138
1606.87300000000139
1609.91700000000139
1610.12200000000139
1610.76800000000139
1611.39300000000139
1611.81300000000139
1612.39700000000139
1612.72000000000139
1613.50100000000139
1614.71500000000139
1615.38500000000139
1616.64500000000139
1617.23200000000139
1618.0070000000014
1618.2360000000014
1618.6800000000014
1620.9890000000014
1634.86400000000141
1636.52800000000141
1638.89500000000141
1639.88900000000141
1653.51000000000143
1654.23800000000143
1655.56100000000143
1656.30900000000143
1660.01300000000143
1660.50200000000143
1665.68500000000144
1667.93000000000144
1668.36100000000144
1668.85600000000144
1669.46100000000144
1671.84800000000144
1675.34000000000145
1675.89900000000145
1676.29000000000145
1677.30800000000145
1678.51400000000145
22
-1
4.73900000000000009
13.06600000000000026
40.2129999999999941
54.6210000000000069
74.6100000000000246
109.2540000000000554
136.92700000000008
166.655000000000106
203.645000000000139
297.911000000000223
353.155000000000272
400.119000000000314
442.830000000000352
511.403000000000413
562.821000000000458
646.633000000000533
792.004000000000662
1021.336000000000866
1122.71400000000096
1213.75900000000104
1426.12600000000122
1639.89000000000141
0
0
5000
0
0
0
0
7200
0
0
0
0
0
23
0
3439.99099999984847
1800.00000000000156
1800
0
67
0
1
4
7
10
13
16
19
22
25
28
31
34
37
40
43
46
49
52
55
58
61
64
67
70
73
76
79
82
85
88
91
94
97
100
103
106
109
112
115
118
121
124
127
130
133
136
139
142
145
148
151
154
157
160
163
166
169
172
175
178
181
184
187
190
193
196
199
202
205
208
211
214
217
220
223
226
229
232
235
238
241
244
247
250
253
256
259
262
265
268
271
274
277
280
283
286
289
292
295
298
301
304
307
310
313
316
319
322
325
328
331
334
337
340
343
346
349
352
355
358
361
364
367
370
373
376
379
382
385
388
391
394
397
400
403
406
409
412
415
418
421
424
427
430
433
436
439
442
445
448
451
454
457
460
463
466
469
472
475
478
481
484
487
490
493
496
499
502
505
508
511
514
517
520
523
526
529
532
535
538
541
544
547
550
