3
12
19
3
12
19
PPR2.14
FR1_day4
0
4
11
11
10
11
57
04
24
2
.3
1
62
1
59
1
1
1
1
1
1
1
1
1
1
1
1
1
1
1
1
1
1
1
1
1
1
61
-1
76.5220000000000263
86.4700000000000352
94.0800000000000419
103.6300000000000504
108.7020000000000549
111.9800000000000578
189.627000000000127
198.474000000000135
208.479000000000144
214.518000000000149
289.980000000000216
297.818000000000223
303.018000000000227
318.441000000000241
338.808000000000259
344.681000000000264
354.903000000000274
375.232000000000292
443.647000000000352
451.85800000000036
467.672000000000374
473.888000000000379
483.827000000000388
497.5340000000004
516.595000000000417
525.830000000000425
544.179000000000442
589.791000000000482
590.386000000000483
598.85800000000049
620.384000000000509
620.88700000000051
640.033000000000527
647.438000000000533
672.991000000000556
729.843000000000607
751.305000000000626
766.274000000000639
777.530000000000649
798.532000000000668
806.251000000000674
817.032000000000684
830.464000000000696
853.159000000000716
863.547000000000725
874.925000000000735
889.638000000000748
904.233000000000761
915.896000000000772
929.693000000000784
938.748000000000792
948.819000000000801
965.219000000000816
1051.61100000000089
1070.33600000000091
1128.94900000000096
1188.10800000000101
1198.27900000000102
1213.32900000000104
1224.70900000000105
1275.97400000000109
58
-1
76.5220000000000263
86.4700000000000352
94.0800000000000419
103.6300000000000504
111.9800000000000578
189.627000000000127
198.474000000000135
208.479000000000144
214.518000000000149
289.980000000000216
297.818000000000223
303.018000000000227
318.441000000000241
338.808000000000259
344.681000000000264
354.903000000000274
375.232000000000292
443.647000000000352
451.85800000000036
467.672000000000374
473.888000000000379
483.827000000000388
497.5340000000004
516.595000000000417
525.830000000000425
544.179000000000442
589.791000000000482
598.85800000000049
620.384000000000509
640.033000000000527
647.438000000000533
672.991000000000556
729.843000000000607
751.305000000000626
766.274000000000639
777.530000000000649
798.532000000000668
806.251000000000674
817.032000000000684
830.464000000000696
853.159000000000716
863.547000000000725
874.925000000000735
889.638000000000748
904.233000000000761
915.896000000000772
929.693000000000784
938.748000000000792
948.819000000000801
965.219000000000816
1051.61100000000089
1070.33600000000091
1128.94900000000096
1188.10800000000101
1198.27900000000102
1213.32900000000104
1224.70900000000105
1275.97400000000109
1
0
5000
0
0
0
0
2700
99
0
0
0
0
0
0
2700.79699999992988
0
0
0
0
0
0
