3
18
19
3
18
19
PPR2.10
FR2_day4
0
2
9
22
28
10
09
02
24
2
.3
1
99
1
42
1
1
1
1
1
1
1
1
1
1
1
1
1
1
1
1
1
1
1
1
1
1
98
-1
6.35800000000000012
7.91800000000000015
9.87200000000000019
12.01800000000000024
18.9079999999999979
22.7309999999999946
23.2749999999999942
23.9859999999999936
106.1270000000000526
111.096000000000057
120.4530000000000653
121.8100000000000665
131.989000000000076
137.907000000000081
143.426000000000086
145.085000000000087
155.475000000000096
157.052000000000098
169.621000000000109
170.37000000000011
181.65300000000012
184.182000000000122
204.17000000000014
204.87600000000014
212.645000000000147
213.814000000000148
221.229000000000155
226.87500000000016
228.585000000000161
234.901000000000167
235.775000000000168
245.337000000000176
251.737000000000182
252.380000000000183
263.060000000000192
270.011000000000198
282.342000000000209
282.81200000000021
349.694000000000269
452.05200000000036
453.619000000000361
460.934000000000368
473.757000000000379
486.608000000000391
498.476000000000401
510.443000000000412
519.087000000000419
526.927000000000426
530.160000000000429
541.056000000000439
542.30500000000044
550.158000000000447
551.033000000000448
567.692000000000463
569.045000000000464
582.523000000000476
584.354000000000477
596.373000000000488
597.644000000000489
610.3280000000005
611.164000000000501
637.015000000000524
637.429000000000524
639.188000000000526
659.288000000000544
660.775000000000545
671.543000000000555
672.184000000000555
673.099000000000556
685.636000000000567
691.081000000000572
691.413000000000572
703.380000000000583
709.243000000000588
709.719000000000589
719.695000000000598
721.082000000000599
740.666000000000616
746.077000000000621
760.933000000000634
762.961000000000636
763.456000000000636
778.42800000000065
786.875000000000657
787.250000000000658
808.917000000000677
816.238000000000683
818.658000000000685
819.965000000000687
824.42700000000069
825.506000000000692
839.787000000000704
840.369000000000705
841.642000000000706
846.38300000000071
848.605000000000712
856.068000000000719
1170.001000000001
41
-1
7.91800000000000015
22.7309999999999946
111.096000000000057
121.8100000000000665
137.907000000000081
145.085000000000087
157.052000000000098
170.37000000000011
184.183000000000122
204.87600000000014
213.814000000000148
226.87500000000016
235.775000000000168
251.737000000000182
270.011000000000198
282.81200000000021
452.05200000000036
473.757000000000379
498.476000000000401
519.087000000000419
530.160000000000429
542.30500000000044
551.033000000000448
569.045000000000464
584.354000000000477
597.644000000000489
611.164000000000501
637.429000000000524
660.775000000000545
672.184000000000555
691.081000000000572
709.243000000000588
721.082000000000599
746.077000000000621
762.961000000000636
786.875000000000657
816.238000000000683
825.506000000000692
840.369000000000705
848.605000000000712
1170.001000000001
2
0
5000
0
0
0
0
2700
99
0
0
0
0
0
0
2700.79599999992988
0
0
0
0
0
0
