3
18
19
3
18
19
PPR2.16
FR2_day4
0
2
11
04
39
11
50
54
24
2
.3
1
75
1
31
1
1
1
1
1
1
1
1
1
1
1
1
1
1
1
1
1
1
1
1
1
1
74
-1
4.22900000000000008
5.6180000000000001
15.89100000000000032
18.1989999999999985
26.2199999999999917
28.5099999999999897
36.4779999999999908
37.5439999999999917
56.0710000000000082
56.5330000000000086
64.0380000000000152
64.8380000000000159
78.5650000000000281
79.4370000000000289
90.9830000000000392
93.100000000000041
93.3210000000000412
101.5480000000000486
102.8650000000000497
111.034000000000057
111.9110000000000578
123.1000000000000677
123.9250000000000684
136.63600000000008
137.09500000000008
137.711000000000081
197.972000000000134
198.517000000000135
208.753000000000144
209.346000000000144
210.962000000000146
212.114000000000147
585.942000000000479
587.07600000000048
605.041000000000496
605.725000000000496
622.917000000000512
623.925000000000512
643.98600000000053
646.420000000000532
659.601000000000544
660.974000000000545
674.853000000000558
675.576000000000558
694.718000000000575
696.835000000000577
697.464000000000578
713.801000000000592
714.389000000000593
726.286000000000603
727.046000000000604
740.785000000000616
741.708000000000617
754.973000000000629
755.427000000000629
756.941000000000631
757.299000000000631
760.274000000000634
760.841000000000634
775.617000000000647
890.174000000000749
1432.02200000000123
1487.81300000000128
1532.48200000000132
1532.83000000000132
1533.72300000000132
1536.28100000000132
1539.21000000000133
1540.22100000000133
1541.77100000000133
1542.09300000000133
1544.42000000000133
1586.30800000000137
2458.42599999995658
30
-1
5.6180000000000001
18.1989999999999985
28.5099999999999897
37.5439999999999917
56.5330000000000086
64.8380000000000159
79.4370000000000289
93.100000000000041
102.8650000000000497
111.9110000000000578
123.9250000000000684
137.09500000000008
198.517000000000135
209.346000000000144
587.07600000000048
605.725000000000496
623.925000000000512
646.420000000000532
660.974000000000545
675.576000000000558
696.835000000000577
714.389000000000593
727.046000000000604
741.708000000000617
755.427000000000629
775.617000000000647
1432.02200000000123
1532.48200000000132
1540.22100000000133
2458.42599999995658
2
0
5000
0
0
0
0
2700
99
0
0
0
0
0
0
2700.79599999992988
0
0
0
0
0
0
