3
26
19
3
26
19
PPR2.14
PR3_day3
0
4
10
41
23
11
42
39
23
3
.3
1
279
1
14
1
1
1
1
1
1
1
1
1
1
1
1
1
1
1
1
1
1
1
1
1
184
278
-1
3.11300000000000005
11.35200000000000022
11.91700000000000024
71.0720000000000215
88.3010000000000368
95.1320000000000428
95.5460000000000432
98.1300000000000455
98.2680000000000456
111.6170000000000575
112.6920000000000584
113.0970000000000588
126.798000000000071
131.404000000000075
132.607000000000076
141.966000000000084
142.832000000000085
146.661000000000089
147.103000000000089
148.06900000000009
149.551000000000091
150.188000000000092
153.564000000000095
156.308000000000097
156.878000000000098
157.224000000000098
157.666000000000098
158.030000000000099
158.637000000000099
159.1990000000001
190.903000000000128
192.608000000000129
193.48700000000013
193.966000000000131
194.888000000000131
196.345000000000133
201.148000000000137
201.574000000000137
202.049000000000138
202.981000000000139
203.491000000000139
203.891000000000139
208.584000000000144
209.295000000000144
209.771000000000145
212.687000000000147
213.167000000000148
213.579000000000148
213.981000000000148
214.420000000000149
214.715000000000149
215.25300000000015
218.169000000000152
237.279000000000169
237.668000000000169
238.05000000000017
238.63700000000017
239.282000000000171
239.587000000000171
246.420000000000177
246.944000000000178
247.197000000000178
248.047000000000179
253.665000000000184
256.172000000000186
257.274000000000187
257.987000000000187
258.405000000000188
258.673000000000188
259.129000000000188
259.657000000000189
261.25600000000019
265.662000000000194
266.506000000000195
268.058000000000196
268.318000000000197
268.720000000000197
269.284000000000198
289.713000000000216
290.650000000000216
291.334000000000217
291.593000000000217
293.460000000000219
294.29300000000022
305.58100000000023
306.17300000000023
307.168000000000231
308.396000000000232
312.445000000000236
314.258000000000237
317.47200000000024
318.313000000000241
318.835000000000242
324.286000000000246
326.436000000000248
330.540000000000252
331.141000000000252
332.404000000000254
338.282000000000259
338.979000000000259
339.63100000000026
340.349000000000261
340.589000000000261
341.096000000000261
408.472000000000321
408.942000000000322
409.427000000000322
409.669000000000322
414.183000000000326
414.787000000000327
416.230000000000328
416.696000000000328
418.01400000000033
419.104000000000331
433.406000000000343
433.649000000000343
434.940000000000345
435.576000000000345
437.608000000000347
440.221000000000349
444.758000000000353
445.390000000000354
454.775000000000362
455.949000000000363
457.522000000000365
458.292000000000365
461.638000000000368
462.767000000000369
463.91100000000037
464.464000000000371
464.923000000000371
466.672000000000373
467.482000000000374
470.805000000000376
476.120000000000381
476.844000000000382
477.675000000000383
478.338000000000383
536.944000000000435
537.871000000000436
538.413000000000436
538.831000000000437
544.857000000000442
545.727000000000443
546.763000000000444
547.914000000000445
548.536000000000446
551.759000000000448
552.355000000000449
554.220000000000451
563.156000000000458
563.342000000000459
564.261000000000459
565.29900000000046
565.954000000000461
591.112000000000483
593.273000000000485
607.708000000000498
607.952000000000498
612.440000000000502
638.454000000000525
639.845000000000527
649.404000000000535
668.067000000000552
672.173000000000555
678.440000000000561
681.471000000000564
694.403000000000575
739.956000000000616
740.726000000000616
741.207000000000617
743.921000000000619
744.41800000000062
745.03900000000062
745.27000000000062
748.173000000000623
750.948000000000625
752.168000000000626
752.917000000000627
753.216000000000627
754.241000000000628
765.711000000000638
768.396000000000641
794.903000000000664
879.81700000000074
880.891000000000741
882.781000000000742
885.171000000000744
886.992000000000746
957.547000000000809
958.78900000000081
969.049000000000819
969.430000000000819
970.31600000000082
970.69600000000082
974.346000000000824
974.995000000000824
975.726000000000825
976.279000000000825
978.130000000000827
978.773000000000828
979.115000000000828
979.964000000000829
982.426000000000831
988.165000000000836
989.389000000000837
990.904000000000838
992.87500000000084
1007.958000000000854
1008.466000000000854
1009.035000000000854
1009.443000000000855
1010.091000000000855
1020.422000000000865
1021.448000000000866
1038.54600000000088
1039.22500000000088
1039.65100000000088
1040.12900000000088
1040.57500000000088
1042.54900000000088
1043.56900000000089
1046.64400000000089
1047.68800000000089
1048.43000000000089
1050.38500000000089
1050.76200000000089
1051.19700000000089
1051.63600000000089
1054.7610000000009
1055.1690000000009
1055.7060000000009
1056.6530000000009
1278.19600000000109
1279.08400000000109
1280.0320000000011
1283.5650000000011
1284.2280000000011
1284.5680000000011
1286.1710000000011
1287.5440000000011
1289.1350000000011
1291.89600000000111
1295.32400000000111
1308.63100000000112
1309.62000000000112
1316.22800000000113
1317.07600000000113
1797.42700000000155
1799.03300000000156
1799.99200000000156
1801.89400000000156
1809.58400000000157
1810.16600000000157
1810.89600000000157
1814.99700000000157
1816.19200000000157
1818.24800000000157
1820.34600000000158
1820.56700000000158
1822.37200000000158
1823.66000000000158
2968.84599999990036
2969.86599999990025
2972.50599999989996
2974.51599999989974
2986.19199999989845
2987.28299999989833
2988.55099999989819
2990.43799999989798
3002.85399999989662
3003.68299999989652
3004.48799999989644
3005.07099999989637
3005.85299999989628
3007.81099999989607
3009.07499999989593
3021.1729999998946
13
-1
3.11400000000000005
88.3020000000000368
113.0980000000000588
150.189000000000092
196.346000000000133
218.170000000000152
261.25700000000019
326.437000000000248
445.391000000000354
554.221000000000451
754.242000000000628
1021.449000000000866
1801.89500000000156
0
0
5000
0
0
0
0
7200
0
0
0
0
0
14
0
3601.99599999983063
1800.00000000000156
1800
0
40
0
1
4
7
10
13
16
19
22
25
28
31
34
37
40
43
46
49
52
55
58
61
64
67
70
73
76
79
82
85
88
91
94
97
100
103
106
109
112
115
118
121
124
127
130
133
136
139
142
145
148
151
154
157
160
163
166
169
172
175
178
181
184
187
190
193
196
199
202
205
208
211
214
217
220
223
226
229
232
235
238
241
244
247
250
253
256
259
262
265
268
271
274
277
280
283
286
289
292
295
298
301
304
307
310
313
316
319
322
325
328
331
334
337
340
343
346
349
352
355
358
361
364
367
370
373
376
379
382
385
388
391
394
397
400
403
406
409
412
415
418
421
424
427
430
433
436
439
442
445
448
451
454
457
460
463
466
469
472
475
478
481
484
487
490
493
496
499
502
505
508
511
514
517
520
523
526
529
532
535
538
541
544
547
550
