3
14
19
3
14
19
PPR2.13
FR2_day1
0
3
12
02
43
12
49
18
24
2
.3
1
236
1
92
1
1
1
1
1
1
1
1
1
1
1
1
1
1
1
1
1
1
1
1
1
1
235
-1
2.09000000000000003
2.67400000000000004
2.78900000000000005
32.242999999999987
33.2569999999999879
73.5260000000000237
75.1500000000000251
79.1110000000000286
80.0140000000000294
85.0910000000000339
87.0430000000000357
109.1340000000000553
109.5390000000000556
112.8530000000000586
115.559000000000061
120.5680000000000654
122.9110000000000675
124.3580000000000688
126.1160000000000704
126.4190000000000706
130.618000000000074
131.340000000000075
133.687000000000077
136.092000000000079
141.301000000000084
144.633000000000087
167.989000000000108
170.47600000000011
174.222000000000113
179.366000000000118
180.922000000000119
186.591000000000124
188.071000000000125
197.108000000000133
230.810000000000163
244.510000000000176
246.666000000000177
251.126000000000181
254.064000000000184
255.906000000000186
262.432000000000191
263.318000000000192
308.770000000000233
311.306000000000235
311.662000000000235
316.78300000000024
319.549000000000242
325.280000000000247
328.03900000000025
332.954000000000254
334.652000000000256
334.858000000000256
335.081000000000256
340.05700000000026
346.445000000000266
349.442000000000269
356.998000000000275
357.986000000000276
363.709000000000281
365.714000000000283
552.007000000000449
554.08600000000045
554.573000000000451
563.188000000000458
563.707000000000459
572.174000000000466
575.255000000000469
583.059000000000476
585.547000000000478
593.397000000000485
594.233000000000486
602.718000000000494
605.763000000000496
612.189000000000502
614.245000000000504
621.03600000000051
623.463000000000512
628.238000000000516
705.790000000000585
706.092000000000585
721.8930000000006
784.393000000000655
790.39600000000066
793.169000000000663
800.640000000000669
804.469000000000673
810.436000000000678
811.040000000000679
818.347000000000685
820.793000000000687
826.482000000000692
828.535000000000694
837.121000000000702
838.308000000000703
848.197000000000712
849.132000000000712
854.355000000000717
856.602000000000719
864.613000000000726
865.845000000000727
867.039000000000728
910.452000000000767
910.989000000000767
922.266000000000777
923.999000000000779
929.202000000000784
930.993000000000785
931.907000000000786
938.124000000000792
938.705000000000792
945.458000000000798
948.0340000000008
953.695000000000805
957.438000000000809
973.538000000000823
978.563000000000828
999.640000000000846
1082.69000000000092
1097.79100000000093
1100.13100000000094
1101.20500000000094
1102.91100000000094
1103.38900000000094
1104.31000000000094
1105.79100000000094
1106.79900000000094
1107.62100000000094
1107.98100000000094
1109.03700000000094
1109.68800000000094
1110.85000000000094
1111.14400000000095
1111.35600000000095
1119.53000000000095
1120.71100000000095
1121.65600000000095
1123.61600000000096
1166.00800000000099
1168.072000000001
1171.220000000001
1172.057000000001
1217.57900000000104
1221.36100000000104
1232.61100000000105
1235.93400000000106
1236.17600000000106
1242.69400000000106
1247.01800000000107
1252.37900000000107
1254.20300000000107
1263.35700000000108
1265.68700000000108
1278.54700000000109
1280.1620000000011
1286.7180000000011
1287.6370000000011
1297.54900000000111
1298.56600000000111
1311.62200000000112
1381.13600000000118
1381.72800000000119
1383.33800000000119
1384.18400000000119
1389.28400000000119
1392.5800000000012
1453.26300000000125
1454.81800000000125
1456.69000000000125
1460.69200000000126
1538.62100000000132
1581.99800000000136
1582.55000000000136
1583.59500000000136
1584.56500000000137
1585.41000000000137
1587.74700000000137
1592.13100000000137
1597.01100000000138
1597.71900000000138
1599.23200000000138
1601.13800000000138
1603.59200000000138
1664.58500000000144
1673.45500000000144
1675.39900000000145
1676.26200000000145
1678.68700000000145
1679.97100000000145
1680.15700000000145
1680.44200000000145
1683.55100000000145
2233.35399999998136
2235.07599999998117
2245.86399999997999
2262.0329999999782
2275.40099999997673
2280.18499999997621
2289.66899999997516
2292.17599999997488
2306.61599999997329
2309.08499999997302
2332.19299999997048
2334.25199999997025
2361.29999999996727
2365.90499999996677
2385.22399999996464
2389.26799999996419
2412.07399999996168
2412.75299999996161
2434.31099999995923
2438.59399999995876
2460.30999999995637
2461.08899999995628
2471.74099999995511
2474.49699999995481
2486.49199999995348
2487.18699999995341
2502.56599999995171
2503.24999999995164
2515.4229999999503
2519.87199999994981
2531.63999999994851
2532.72299999994839
2537.56099999994786
2543.88699999994716
2544.86599999994706
2559.65199999994543
2560.42199999994534
2579.99899999994319
2582.36899999994292
2591.11099999994196
2592.18699999994184
2599.53599999994103
2600.19499999994096
2616.51099999993916
91
-1
2.67400000000000004
33.2569999999999879
75.1500000000000251
87.0430000000000357
109.5390000000000556
120.5680000000000654
126.4190000000000706
136.092000000000079
144.633000000000087
170.47600000000011
180.922000000000119
188.071000000000125
230.810000000000163
246.666000000000177
255.906000000000186
263.318000000000192
311.306000000000235
319.549000000000242
328.03900000000025
334.858000000000256
349.442000000000269
357.986000000000276
365.714000000000283
554.08600000000045
563.707000000000459
575.255000000000469
585.547000000000478
594.233000000000486
605.763000000000496
614.245000000000504
623.463000000000512
706.092000000000585
784.393000000000655
793.169000000000663
804.469000000000673
811.040000000000679
820.793000000000687
828.535000000000694
838.308000000000703
849.132000000000712
856.602000000000719
865.845000000000727
910.989000000000767
923.999000000000779
931.907000000000786
938.705000000000792
948.0340000000008
957.438000000000809
978.563000000000828
1082.69000000000092
1100.13100000000094
1106.79900000000094
1120.71100000000095
1168.072000000001
1221.36100000000104
1235.93400000000106
1247.01800000000107
1254.20300000000107
1265.68700000000108
1280.1620000000011
1287.6370000000011
1298.56600000000111
1381.13600000000118
1392.5800000000012
1454.81800000000125
1538.62100000000132
1582.55000000000136
1597.01100000000138
1664.58500000000144
1675.39900000000145
2233.35399999998136
2262.0329999999782
2280.18499999997621
2292.17599999997488
2309.08499999997302
2334.25199999997025
2365.90499999996677
2389.26799999996419
2412.75299999996161
2438.59399999995876
2461.08899999995628
2474.49699999995481
2487.18699999995341
2503.24999999995164
2519.87199999994981
2532.72299999994839
2544.86599999994706
2560.42199999994534
2582.36899999994292
2592.18699999994184
2600.19499999994096
2
0
5000
0
0
0
0
2700
99
0
0
0
0
0
0
2700.79599999992988
0
0
0
0
0
0
