3
24
19
3
24
19
PPR2.13
FR5_day5
0
3
10
48
25
11
35
15
24
2
.3
1
398
1
59
1
1
1
1
1
1
1
1
1
1
1
1
1
1
1
1
1
1
1
1
1
1
397
-1
5.4700000000000001
5.69900000000000011
6.58700000000000012
6.84300000000000013
7.04300000000000013
7.18500000000000014
28.4409999999999898
28.6299999999999896
29.374999999999989
29.5939999999999888
29.7999999999999886
33.6869999999999883
33.8829999999999884
34.1569999999999887
34.4049999999999889
34.9339999999999894
35.1099999999999895
35.3479999999999897
35.7419999999999901
35.9569999999999903
36.9129999999999911
58.3000000000000101
58.5010000000000103
58.7160000000000105
58.9230000000000107
59.292000000000011
61.2960000000000128
62.648000000000014
63.0050000000000143
63.1910000000000145
63.4210000000000147
63.6610000000000149
63.9100000000000151
64.2820000000000154
64.4370000000000156
65.1730000000000162
65.4700000000000165
65.6250000000000166
66.003000000000017
66.3420000000000173
87.8950000000000364
88.580000000000037
89.0380000000000374
89.3670000000000377
89.710000000000038
108.5280000000000547
108.865000000000055
109.0850000000000552
109.2460000000000554
109.7290000000000558
112.2750000000000581
113.291000000000059
113.9590000000000596
114.1530000000000597
114.3670000000000599
115.3300000000000608
115.7570000000000612
116.0010000000000614
116.2830000000000616
116.8290000000000621
117.0430000000000623
119.6900000000000646
120.103000000000065
120.5410000000000654
121.5580000000000663
122.370000000000067
122.5560000000000672
122.8600000000000675
123.0500000000000676
123.2070000000000678
132.560000000000076
132.731000000000076
134.175000000000078
134.458000000000078
134.652000000000078
134.817000000000078
137.914000000000081
138.332000000000081
138.755000000000082
139.233000000000082
139.428000000000082
139.683000000000082
140.078000000000083
140.595000000000083
142.560000000000085
142.756000000000085
143.160000000000086
146.345000000000088
146.989000000000089
147.420000000000089
148.56500000000009
148.840000000000091
149.020000000000091
149.380000000000091
149.989000000000092
150.096000000000092
150.268000000000092
154.465000000000096
154.794000000000096
155.459000000000096
155.892000000000097
157.561000000000098
158.099000000000099
158.300000000000099
158.814000000000099
162.083000000000102
162.375000000000103
166.102000000000106
167.179000000000107
167.374000000000107
167.673000000000107
167.873000000000107
181.51800000000012
181.79200000000012
182.00800000000012
182.31400000000012
182.44800000000012
191.064000000000128
191.620000000000129
191.840000000000129
192.036000000000129
192.367000000000129
196.777000000000133
196.952000000000133
197.241000000000134
197.480000000000134
197.985000000000134
198.153000000000134
198.619000000000135
199.005000000000135
199.882000000000136
203.321000000000139
204.91000000000014
205.708000000000141
205.987000000000141
206.219000000000142
206.571000000000142
207.897000000000143
208.005000000000143
213.135000000000148
213.666000000000148
214.039000000000148
215.084000000000149
215.79200000000015
219.410000000000153
220.452000000000154
222.312000000000156
222.728000000000156
222.943000000000156
223.736000000000157
224.144000000000157
227.996000000000161
229.298000000000162
230.369000000000163
230.710000000000163
231.008000000000164
231.334000000000164
231.653000000000164
234.626000000000167
236.009000000000168
236.273000000000168
236.583000000000168
236.913000000000169
237.284000000000169
237.464000000000169
237.72300000000017
238.29600000000017
263.400000000000192
264.069000000000193
264.474000000000193
265.373000000000194
265.783000000000194
270.213000000000198
270.892000000000199
271.430000000000199
271.8540000000002
272.0830000000002
272.850000000000201
274.050000000000202
279.133000000000206
279.693000000000207
281.102000000000208
281.315000000000208
281.588000000000208
281.797000000000209
287.198000000000213
289.346000000000215
289.572000000000216
289.828000000000216
290.130000000000216
294.69900000000022
295.856000000000221
296.219000000000221
296.666000000000222
297.947000000000223
298.157000000000223
298.578000000000224
302.275000000000227
304.796000000000229
305.079000000000229
305.84600000000023
306.05800000000023
306.29300000000023
306.497000000000231
322.816000000000245
323.314000000000246
323.723000000000246
324.035000000000246
324.314000000000246
324.458000000000246
328.45200000000025
328.65200000000025
329.700000000000251
330.056000000000251
330.291000000000252
330.484000000000252
330.731000000000252
334.077000000000255
334.528000000000255
334.701000000000256
335.162000000000256
335.612000000000256
335.943000000000257
336.254000000000257
337.030000000000258
337.314000000000258
338.785000000000259
338.913000000000259
408.950000000000322
409.340000000000322
409.595000000000322
409.858000000000322
410.163000000000323
415.052000000000327
415.408000000000327
415.849000000000328
416.026000000000328
416.293000000000328
416.565000000000328
422.788000000000334
423.008000000000334
424.083000000000335
424.320000000000335
424.489000000000335
429.75700000000034
430.28000000000034
430.619000000000341
431.189000000000341
431.740000000000342
436.834000000000346
437.311000000000347
437.708000000000347
438.057000000000347
438.676000000000348
439.996000000000349
443.339000000000352
443.539000000000352
443.723000000000352
444.090000000000353
444.303000000000353
444.584000000000353
445.134000000000354
445.415000000000354
445.543000000000354
445.692000000000354
445.969000000000354
446.457000000000355
450.532000000000358
450.860000000000359
451.371000000000359
451.602000000000359
451.82100000000036
452.16800000000036
453.476000000000361
454.931000000000362
455.217000000000363
460.372000000000367
460.588000000000367
460.885000000000368
461.180000000000368
461.647000000000368
461.876000000000369
468.009000000000374
468.479000000000374
468.653000000000375
468.879000000000375
469.093000000000375
473.420000000000379
473.866000000000379
475.453000000000381
475.673000000000381
475.872000000000381
476.120000000000381
476.530000000000382
483.696000000000388
484.724000000000389
484.926000000000389
485.284000000000389
485.71200000000039
499.394000000000402
499.631000000000402
499.818000000000402
500.001000000000402
500.223000000000403
556.540000000000453
556.822000000000453
556.995000000000453
557.292000000000453
557.562000000000454
558.030000000000454
564.109000000000459
564.63500000000046
566.339000000000461
566.653000000000462
566.944000000000462
572.292000000000467
575.063000000000469
575.389000000000469
575.70300000000047
575.86300000000047
580.067000000000474
584.233000000000477
584.456000000000477
584.701000000000478
584.882000000000478
585.179000000000478
585.341000000000478
641.883000000000528
642.153000000000529
642.513000000000529
644.05000000000053
644.431000000000531
650.523000000000536
651.076000000000537
651.531000000000537
651.811000000000537
652.188000000000538
658.482000000000543
659.754000000000544
659.969000000000544
660.331000000000545
660.791000000000545
667.863000000000552
668.029000000000552
669.531000000000553
669.761000000000553
670.018000000000553
676.006000000000559
677.41100000000056
677.68800000000056
678.052000000000561
679.603000000000562
744.73300000000062
745.45500000000062
745.705000000000621
745.879000000000621
746.592000000000621
751.989000000000626
753.919000000000628
755.180000000000629
755.399000000000629
755.592000000000629
760.689000000000634
762.631000000000636
762.819000000000636
762.980000000000636
763.227000000000636
763.616000000000637
767.78200000000064
768.466000000000641
768.866000000000641
769.132000000000641
769.476000000000642
769.837000000000642
770.193000000000642
949.815000000000802
950.326000000000802
951.511000000000803
951.681000000000804
953.095000000000805
954.702000000000806
955.505000000000807
955.725000000000807
956.269000000000808
956.591000000000808
956.778000000000808
957.004000000000808
957.202000000000808
957.405000000000809
957.648000000000809
958.027000000000809
958.46500000000081
959.21200000000081
960.144000000000811
960.399000000000811
960.654000000000812
974.974000000000824
58
-1
7.04300000000000013
29.7999999999999886
36.9129999999999911
59.292000000000011
66.3420000000000173
89.710000000000038
109.7290000000000558
116.8290000000000621
123.2070000000000678
134.652000000000078
143.160000000000086
149.989000000000092
158.300000000000099
167.873000000000107
182.44800000000012
192.367000000000129
199.882000000000136
207.897000000000143
215.79200000000015
224.144000000000157
231.653000000000164
238.29600000000017
265.783000000000194
274.050000000000202
281.797000000000209
290.130000000000216
298.157000000000223
306.29300000000023
324.314000000000246
330.731000000000252
338.785000000000259
410.163000000000323
416.565000000000328
424.489000000000335
431.740000000000342
439.996000000000349
446.457000000000355
455.217000000000363
461.876000000000369
469.093000000000375
476.530000000000382
485.71200000000039
500.223000000000403
557.562000000000454
566.944000000000462
575.86300000000047
585.179000000000478
644.431000000000531
652.188000000000538
660.791000000000545
670.018000000000553
679.603000000000562
746.592000000000621
755.592000000000629
763.616000000000637
770.193000000000642
953.095000000000805
960.654000000000812
5
0
5000
0
0
0
0
2700
99
0
0
0
0
0
0
2700.79599999992988
0
0
0
0
0
0
