3
19
19
3
19
19
1PPR2.14
FR2_day5
0
4
11
08
11
11
54
51
24
2
.3
1
111
1
50
1
1
1
1
1
1
1
1
1
1
1
1
1
1
1
1
1
1
1
1
1
1
110
-1
13.45900000000000027
16.1270000000000002
24.4329999999999932
24.691999999999993
31.8769999999999869
46.1969999999999994
67.6300000000000184
71.9390000000000222
76.4870000000000263
76.7260000000000265
77.6800000000000274
81.768000000000031
82.8200000000000319
84.2970000000000332
101.7860000000000488
105.7450000000000523
164.681000000000105
165.667000000000106
168.931000000000108
172.643000000000112
179.402000000000118
184.267000000000122
185.278000000000123
190.260000000000127
214.365000000000149
214.610000000000149
222.282000000000156
224.556000000000158
229.254000000000162
231.425000000000164
233.958000000000166
238.78800000000017
241.745000000000173
242.191000000000173
249.78200000000018
250.203000000000181
265.980000000000195
266.741000000000195
273.346000000000201
276.592000000000204
282.681000000000209
284.318000000000211
291.803000000000218
292.052000000000218
314.643000000000238
319.371000000000242
325.448000000000247
326.425000000000248
344.123000000000264
345.151000000000265
350.60400000000027
351.22500000000027
357.952000000000276
360.519000000000279
368.253000000000285
392.831000000000307
399.357000000000313
399.690000000000313
405.989000000000319
407.74600000000032
414.496000000000326
431.631000000000342
437.014000000000346
437.382000000000347
443.751000000000352
447.465000000000356
453.419000000000361
453.776000000000361
468.848000000000375
480.310000000000385
486.829000000000391
487.641000000000391
491.942000000000395
492.596000000000396
492.910000000000396
494.876000000000398
505.194000000000407
506.023000000000408
514.677000000000415
515.276000000000416
526.098000000000426
526.750000000000426
543.837000000000441
544.128000000000442
550.989000000000448
551.287000000000448
702.151000000000582
703.782000000000583
708.662000000000588
711.01400000000059
711.48200000000059
721.567000000000599
721.794000000000599
722.1980000000006
735.441000000000612
735.809000000000612
743.846000000000619
746.555000000000621
758.948000000000632
759.318000000000633
767.52500000000064
767.91600000000064
778.80200000000065
779.447000000000651
788.090000000000658
788.400000000000659
811.467000000000679
811.898000000000679
822.207000000000689
823.73800000000069
49
-1
16.1270000000000002
24.691999999999993
46.1969999999999994
71.9390000000000222
81.768000000000031
105.7450000000000523
165.667000000000106
179.402000000000118
190.260000000000127
214.610000000000149
224.556000000000158
233.958000000000166
242.191000000000173
250.203000000000181
266.741000000000195
276.592000000000204
284.318000000000211
292.052000000000218
319.371000000000242
326.425000000000248
345.151000000000265
351.22500000000027
360.519000000000279
392.831000000000307
399.690000000000313
407.74600000000032
431.631000000000342
437.382000000000347
447.465000000000356
453.776000000000361
480.310000000000385
487.641000000000391
494.876000000000398
506.023000000000408
515.276000000000416
526.750000000000426
544.128000000000442
551.287000000000448
703.782000000000583
711.48200000000059
721.794000000000599
735.809000000000612
746.555000000000621
759.318000000000633
767.91600000000064
779.447000000000651
788.400000000000659
811.898000000000679
823.73800000000069
2
0
5000
0
0
0
0
2700
99
0
0
0
0
0
0
2700.79599999992988
0
0
0
0
0
0
