3
11
19
3
11
19
PPR2.10
FR1_day3
0
2
9
01
21
9
47
55
24
2
.3
1
77
1
62
1
1
1
1
1
1
1
1
1
1
1
1
1
1
1
1
1
1
1
1
1
1
76
-1
132.042000000000076
554.349000000000451
603.959000000000495
645.625000000000532
647.997000000000534
650.813000000000536
676.832000000000559
717.146000000000595
734.25800000000061
750.958000000000625
754.666000000000629
790.54200000000066
802.644000000000671
816.410000000000683
832.803000000000698
848.446000000000712
864.409000000000726
879.56200000000074
895.308000000000754
897.262000000000755
898.714000000000756
912.171000000000768
931.816000000000786
945.793000000000798
963.005000000000814
1027.44600000000087
1029.71600000000087
1031.91400000000087
1073.63300000000091
1089.58000000000093
1108.94500000000094
1122.41900000000096
1138.03100000000097
1170.961000000001
1183.68000000000101
1195.74800000000102
1208.85100000000103
1210.11400000000103
1211.79900000000103
1230.78800000000105
1233.07100000000105
1245.88800000000106
1257.94200000000108
1260.81100000000108
1276.29600000000109
1287.6310000000011
1302.11200000000111
1322.92500000000113
1335.73500000000114
1509.5080000000013
1561.77500000000135
1587.23100000000137
1620.4640000000014
1648.66600000000142
1670.11400000000144
1692.56900000000146
1698.36000000000147
1718.29800000000148
1737.5730000000015
1783.33700000000154
1821.99800000000158
1829.91700000000158
1851.9550000000016
1859.44300000000161
1983.69000000000172
1985.95200000000172
1991.06800000000173
1997.21900000000173
2001.02900000000174
2002.55300000000174
2015.10000000000175
2588.9889999999422
2590.10099999994207
2591.81999999994188
2595.49299999994148
2599.20799999994107
61
-1
132.042000000000076
554.349000000000451
603.959000000000495
645.625000000000532
650.813000000000536
676.832000000000559
717.146000000000595
734.25800000000061
750.958000000000625
790.54200000000066
802.644000000000671
816.410000000000683
832.803000000000698
848.446000000000712
864.409000000000726
879.56200000000074
895.308000000000754
912.171000000000768
931.816000000000786
945.793000000000798
963.005000000000814
1027.44600000000087
1073.63300000000091
1089.58000000000093
1108.94500000000094
1122.41900000000096
1138.03100000000097
1170.961000000001
1183.68000000000101
1195.74800000000102
1208.85100000000103
1230.78800000000105
1245.88800000000106
1257.94200000000108
1276.29600000000109
1287.6310000000011
1302.11200000000111
1322.92500000000113
1335.73500000000114
1509.5080000000013
1561.77500000000135
1587.23100000000137
1620.4640000000014
1648.66600000000142
1670.11400000000144
1692.56900000000146
1698.36000000000147
1718.29800000000148
1737.5730000000015
1783.33700000000154
1821.99800000000158
1829.91700000000158
1851.9550000000016
1859.44300000000161
1983.69000000000172
1991.06800000000173
1997.21900000000173
2002.55300000000174
2015.10000000000175
2588.9889999999422
2595.49299999994148
1
0
5000
0
0
0
0
2700
99
0
0
0
0
0
0
2700.79699999992988
0
0
0
0
0
0
