3
26
19
3
26
19
PPR2.11
PR3_day2
0
3
10
36
08
11
24
19
23
3
.3
1
120
1
9
1
1
1
1
1
1
1
1
1
1
1
1
1
1
1
1
1
1
1
1
1
184
119
-1
2.89000000000000005
105.5690000000000521
109.6130000000000557
112.4640000000000582
117.3850000000000626
166.464000000000106
170.54400000000011
172.635000000000112
174.201000000000113
180.151000000000118
182.16700000000012
183.364000000000121
184.312000000000122
236.418000000000168
240.503000000000172
241.482000000000173
243.411000000000175
244.313000000000175
246.236000000000177
305.114000000000229
309.431000000000233
314.433000000000238
317.10300000000024
332.402000000000254
333.719000000000255
337.966000000000258
339.89500000000026
340.15900000000026
347.166000000000267
350.33600000000027
352.008000000000271
353.890000000000273
355.118000000000274
360.351000000000278
372.173000000000289
373.56300000000029
380.112000000000296
381.036000000000297
382.214000000000298
388.217000000000303
389.248000000000304
391.420000000000306
391.700000000000306
392.853000000000307
393.280000000000308
395.54500000000031
396.00000000000031
399.330000000000313
400.390000000000314
402.209000000000316
402.823000000000316
408.492000000000321
508.08500000000041
509.04400000000041
510.813000000000412
512.289000000000413
521.193000000000421
524.494000000000424
524.773000000000424
526.408000000000426
530.57400000000043
536.261000000000435
538.849000000000437
540.694000000000439
544.568000000000442
546.204000000000443
546.875000000000444
548.136000000000445
550.902000000000448
556.176000000000452
557.835000000000454
558.751000000000455
561.441000000000457
571.103000000000466
571.580000000000466
665.262000000000549
665.95900000000055
668.555000000000552
691.946000000000573
707.711000000000587
708.298000000000587
709.760000000000589
710.95600000000059
711.994000000000591
713.170000000000592
717.767000000000596
718.508000000000596
720.999000000000599
721.194000000000599
722.2730000000006
723.468000000000601
724.282000000000602
726.106000000000603
730.088000000000607
1052.64500000000089
1071.86700000000091
1074.07200000000091
1074.65200000000091
1077.10500000000091
1081.67300000000092
1088.58300000000093
1092.30300000000093
1093.84000000000093
1094.78200000000093
1097.70900000000093
1099.36600000000093
1109.81400000000094
1115.08500000000095
1116.82100000000095
1121.09800000000095
1124.05100000000096
1129.27900000000096
1130.49100000000096
1132.84800000000096
1136.84900000000097
1144.04400000000097
1146.84900000000098
1149.37500000000098
1151.44500000000098
8
-1
2.89100000000000005
117.3860000000000626
183.365000000000121
317.10400000000024
373.56400000000029
408.493000000000321
557.836000000000454
1052.64600000000089
0
0
5000
0
0
0
0
7200
0
0
0
0
0
9
0
2852.74699999991315
1800.00000000000156
1800
0
25
0
1
4
7
10
13
16
19
22
25
28
31
34
37
40
43
46
49
52
55
58
61
64
67
70
73
76
79
82
85
88
91
94
97
100
103
106
109
112
115
118
121
124
127
130
133
136
139
142
145
148
151
154
157
160
163
166
169
172
175
178
181
184
187
190
193
196
199
202
205
208
211
214
217
220
223
226
229
232
235
238
241
244
247
250
253
256
259
262
265
268
271
274
277
280
283
286
289
292
295
298
301
304
307
310
313
316
319
322
325
328
331
334
337
340
343
346
349
352
355
358
361
364
367
370
373
376
379
382
385
388
391
394
397
400
403
406
409
412
415
418
421
424
427
430
433
436
439
442
445
448
451
454
457
460
463
466
469
472
475
478
481
484
487
490
493
496
499
502
505
508
511
514
517
520
523
526
529
532
535
538
541
544
547
550
