3
22
19
3
22
19
PPR2.10
FR5_day3
0
2
9
27
10
10
12
59
24
2
.3
1
106
1
21
1
1
1
1
1
1
1
1
1
1
1
1
1
1
1
1
1
1
1
1
1
1
105
-1
11.33400000000000022
15.0930000000000003
112.201000000000058
115.7590000000000612
116.4730000000000618
131.205000000000075
133.686000000000077
134.309000000000078
136.80900000000008
144.144000000000086
156.988000000000098
157.699000000000098
161.220000000000102
162.841000000000103
166.080000000000106
173.147000000000112
177.719000000000116
185.575000000000123
189.955000000000127
190.528000000000128
210.137000000000145
217.840000000000152
317.50300000000024
319.829000000000242
320.971000000000243
334.353000000000255
335.586000000000256
336.171000000000257
338.502000000000259
344.915000000000265
359.648000000000278
361.288000000000279
362.11900000000028
362.963000000000281
365.350000000000283
376.395000000000293
377.876000000000294
378.645000000000295
380.626000000000296
381.834000000000297
405.601000000000319
408.300000000000321
408.701000000000321
419.247000000000331
419.922000000000331
432.706000000000343
434.102000000000344
434.677000000000344
437.282000000000347
441.52300000000035
453.733000000000361
454.665000000000362
458.972000000000366
462.372000000000369
464.118000000000371
479.874000000000385
482.928000000000387
483.959000000000388
488.429000000000392
496.9290000000004
506.686000000000408
507.537000000000409
511.303000000000412
512.879000000000414
516.073000000000417
541.591000000000439
543.519000000000441
547.692000000000445
554.12900000000045
561.086000000000457
562.005000000000458
562.269000000000458
579.117000000000473
581.404000000000475
587.970000000000481
588.456000000000481
591.069000000000483
591.894000000000484
650.103000000000536
651.786000000000537
653.600000000000539
654.332000000000539
654.70900000000054
670.683000000000554
671.689000000000555
674.797000000000558
677.82600000000056
678.929000000000561
694.757000000000575
695.941000000000576
699.48300000000058
700.00600000000058
703.625000000000583
704.309000000000584
725.174000000000602
726.564000000000604
730.440000000000607
777.468000000000649
782.048000000000653
782.704000000000654
796.137000000000665
797.880000000000667
799.236000000000668
801.67600000000067
802.354000000000671
20
-1
116.4730000000000618
144.144000000000086
166.080000000000106
190.528000000000128
320.971000000000243
344.915000000000265
365.350000000000283
381.834000000000297
419.922000000000331
441.52300000000035
464.118000000000371
496.9290000000004
516.073000000000417
561.086000000000457
591.069000000000483
654.70900000000054
678.929000000000561
703.625000000000583
782.048000000000653
802.354000000000671
5
0
5000
0
0
0
0
2700
99
0
0
0
0
0
0
2700.79599999992988
0
0
0
0
0
0
