3
25
19
3
25
19
PPR2.13
PR3_day1
0
3
12
31
27
14
32
35
23
3
.3
1
1443
1
32
1
1
1
1
1
1
1
1
1
1
1
1
1
1
1
1
1
1
1
1
1
184
1442
-1
10.57200000000000021
12.20400000000000024
13.05600000000000026
13.24000000000000026
15.0210000000000003
15.1470000000000003
44.9659999999999983
45.2959999999999986
45.6599999999999989
46.0129999999999992
50.8360000000000035
51.0880000000000037
51.358000000000004
51.6190000000000042
51.8290000000000044
51.9660000000000045
52.2040000000000047
52.4520000000000049
53.1250000000000055
55.4960000000000076
74.1000000000000242
74.2930000000000243
75.7300000000000256
75.8830000000000258
76.160000000000026
76.3650000000000262
76.6130000000000264
77.2160000000000269
77.6050000000000273
77.8670000000000275
100.3630000000000475
100.5230000000000476
100.7260000000000478
101.1880000000000482
101.5830000000000486
102.105000000000049
102.2620000000000492
102.3880000000000493
102.8600000000000497
103.4160000000000502
103.6100000000000504
103.8700000000000506
104.6290000000000513
108.5810000000000548
109.3020000000000554
111.7100000000000576
112.205000000000058
112.8180000000000586
112.9940000000000587
113.7800000000000594
114.42200000000006
115.4890000000000609
116.5840000000000619
117.3820000000000626
117.6880000000000629
118.4960000000000636
118.7830000000000638
119.3170000000000643
119.5770000000000646
120.4580000000000653
121.5330000000000663
121.6720000000000664
149.175000000000091
149.479000000000091
150.059000000000092
150.263000000000092
150.523000000000092
150.850000000000092
151.288000000000093
151.965000000000093
152.166000000000094
153.183000000000094
154.080000000000095
154.516000000000096
155.385000000000096
155.737000000000097
156.027000000000097
156.252000000000097
156.472000000000097
156.886000000000098
157.278000000000098
157.511000000000098
177.342000000000116
177.488000000000116
177.742000000000116
178.165000000000117
178.556000000000117
179.215000000000118
179.980000000000118
180.470000000000119
180.763000000000119
180.950000000000119
181.372000000000119
184.204000000000122
184.665000000000122
184.857000000000123
188.741000000000126
188.965000000000126
194.521000000000131
194.786000000000131
194.908000000000131
195.110000000000132
195.340000000000132
195.476000000000132
200.269000000000136
200.388000000000136
200.992000000000137
202.121000000000138
202.410000000000138
203.777000000000139
204.33600000000014
204.69600000000014
205.01500000000014
205.263000000000141
205.581000000000141
205.756000000000141
206.232000000000142
206.514000000000142
206.634000000000142
206.761000000000142
207.173000000000142
207.942000000000143
208.631000000000144
208.987000000000144
209.673000000000145
210.202000000000145
210.297000000000145
211.799000000000146
278.616000000000206
279.245000000000206
282.236000000000209
287.438000000000214
287.763000000000214
287.964000000000214
289.859000000000216
290.038000000000216
290.268000000000216
290.545000000000216
291.255000000000217
291.600000000000217
292.049000000000218
292.398000000000218
292.620000000000218
293.695000000000219
294.12200000000022
295.542000000000221
295.984000000000221
296.252000000000221
296.412000000000222
296.619000000000222
297.368000000000222
297.738000000000223
297.868000000000223
298.285000000000223
298.806000000000224
309.206000000000233
309.424000000000233
311.706000000000235
312.019000000000235
320.956000000000243
321.905000000000244
322.173000000000244
322.615000000000245
323.142000000000245
323.290000000000246
323.818000000000246
390.601000000000305
391.966000000000306
392.379000000000307
392.735000000000307
394.990000000000309
395.88400000000031
397.891000000000312
399.344000000000313
400.697000000000314
400.915000000000314
401.589000000000315
402.331000000000316
403.234000000000316
403.387000000000317
404.355000000000317
404.783000000000318
405.205000000000318
405.561000000000319
406.162000000000319
406.64000000000032
406.99100000000032
407.23100000000032
407.40800000000032
407.68400000000032
411.011000000000323
414.867000000000327
415.711000000000328
415.953000000000328
417.069000000000329
417.479000000000329
418.83900000000033
421.186000000000332
421.421000000000333
421.674000000000333
422.476000000000334
425.266000000000336
425.462000000000336
425.769000000000336
425.917000000000337
426.203000000000337
426.389000000000337
426.562000000000337
426.726000000000337
427.279000000000338
427.772000000000338
428.203000000000339
430.10200000000034
508.28500000000041
509.174000000000411
509.803000000000411
511.051000000000412
512.046000000000413
512.759000000000414
513.771000000000415
514.133000000000415
518.080000000000418
518.199000000000419
520.475000000000421
521.225000000000421
531.949000000000431
532.400000000000431
533.254000000000432
535.290000000000434
537.912000000000436
538.585000000000437
538.884000000000437
539.698000000000438
810.003000000000678
810.891000000000678
811.076000000000679
811.845000000000679
812.17500000000068
813.08000000000068
864.212000000000726
869.13700000000073
951.479000000000803
952.897000000000805
953.176000000000805
953.363000000000805
975.487000000000825
977.248000000000826
978.350000000000827
978.837000000000828
979.740000000000829
980.113000000000829
981.68200000000083
981.95000000000083
983.289000000000832
983.567000000000832
984.131000000000832
986.981000000000835
1034.19800000000088
1034.61600000000088
1045.75900000000089
1046.22500000000089
1046.51700000000089
1052.83500000000089
1053.30300000000089
1053.67000000000089
1072.42800000000091
1076.86100000000091
1077.23300000000092
1077.36600000000092
1080.49700000000092
1080.62200000000092
1083.81200000000092
1084.33700000000092
1084.61200000000092
1084.92900000000092
1085.24300000000092
1085.46600000000092
1085.64800000000092
1086.13200000000092
1086.89800000000092
1102.93700000000094
1103.71900000000094
1104.44000000000094
1104.81200000000094
1105.53200000000094
1106.58700000000094
1106.84100000000094
1107.33500000000094
1107.55400000000094
1108.35100000000094
1108.63500000000094
1108.87600000000094
1109.35300000000094
1110.14300000000094
1110.92400000000094
1111.44000000000095
1111.73600000000095
1112.12700000000095
1112.44100000000095
1112.57600000000095
1113.30500000000095
1113.82800000000095
1113.98000000000095
1119.11100000000095
1121.50400000000095
1121.74300000000095
1121.92500000000095
1122.22600000000096
1122.45400000000096
1123.29400000000096
1125.16400000000096
1126.49300000000096
1126.87400000000096
1127.19300000000096
1128.22100000000096
1128.35700000000096
1131.33200000000096
1131.48900000000096
1133.40500000000096
1134.36800000000097
1134.47900000000097
1134.84400000000097
1135.62800000000097
1135.94200000000097
1136.31600000000097
1136.89500000000097
1137.16500000000097
1137.79200000000097
1138.10200000000097
1138.52200000000097
1138.64900000000097
1139.68200000000097
1140.52000000000097
1140.69100000000097
1140.93200000000097
1174.229000000001
1174.389000000001
1176.936000000001
1177.368000000001
1178.87900000000101
1182.43000000000101
1183.08400000000101
1183.26300000000101
1183.51700000000101
1184.72700000000101
1190.63200000000102
1245.04800000000106
1245.79500000000106
1245.94100000000106
1247.54100000000107
1247.88000000000107
1248.31900000000107
1248.93700000000107
1250.09200000000107
1250.48800000000107
1251.57800000000107
1252.56300000000107
1254.08700000000107
1254.78800000000107
1257.09800000000107
1257.44600000000108
1257.85400000000108
1260.62600000000108
1261.18500000000108
1261.57200000000108
1261.98000000000108
1262.40600000000108
1262.91800000000108
1263.16700000000108
1263.58400000000108
1263.74000000000108
1264.02700000000108
1264.17500000000108
1264.37500000000108
1265.44100000000108
1266.41000000000108
1267.15300000000108
1268.31200000000108
1289.7670000000011
1332.94300000000114
1338.47300000000115
1339.75200000000115
1340.71200000000115
1341.20700000000115
1341.44700000000115
1343.55000000000115
1344.68200000000115
1346.96100000000115
1347.42600000000116
1350.50600000000116
1351.18500000000116
1376.62300000000118
1388.04000000000119
1388.93500000000119
1390.97700000000119
1391.26000000000119
1391.50700000000119
1392.07000000000119
1392.33100000000119
1392.5980000000012
1393.8980000000012
1394.1180000000012
1394.4610000000012
1418.87400000000122
1420.30700000000122
1420.84800000000122
1421.27300000000122
1424.23100000000122
1424.34600000000122
1424.73700000000122
1425.91800000000122
1426.36600000000123
1426.91400000000123
1427.14400000000123
1427.87600000000123
1486.70400000000128
1635.18100000000141
1636.92400000000141
1638.37900000000141
1639.09800000000141
1639.48700000000141
1639.89900000000141
1640.15600000000142
1640.48900000000142
1641.49300000000142
1642.15200000000142
1642.35300000000142
1642.83700000000142
1643.11000000000142
1643.65500000000142
1645.40600000000142
1705.69400000000147
1706.54300000000147
1707.01000000000147
1708.08900000000148
1710.08900000000148
1711.27000000000148
1711.83700000000148
1714.04800000000148
1714.23300000000148
1714.42800000000148
1723.53800000000149
1724.13900000000149
1725.98000000000149
1726.42600000000149
1727.01800000000149
1727.79600000000149
1729.02900000000149
1729.22600000000149
1729.52700000000149
1729.71300000000149
1730.07900000000149
1730.4210000000015
1733.4930000000015
1733.9620000000015
1735.9070000000015
1736.9130000000015
1737.4590000000015
1738.5400000000015
1738.7870000000015
1739.0060000000015
1739.3370000000015
1739.9490000000015
1740.4740000000015
1743.03100000000151
1743.74800000000151
1743.92300000000151
1744.21800000000151
1744.55900000000151
1744.76900000000151
1744.88800000000151
1745.14400000000151
1746.72800000000151
1747.16100000000151
1747.43200000000151
1748.42000000000151
1748.68500000000151
1750.25600000000151
1751.31900000000151
1752.47200000000151
1754.84900000000152
1755.12300000000152
1755.38800000000152
1755.60300000000152
1755.98800000000152
1756.93700000000152
1757.43000000000152
1757.72900000000152
1758.77400000000152
1759.09800000000152
1811.84000000000157
1815.41500000000157
1847.3950000000016
1854.89100000000161
1855.76200000000161
1856.53100000000161
1859.25300000000161
1860.86700000000161
1864.95500000000161
1867.36000000000162
1871.25300000000162
1871.97600000000162
1873.16300000000162
1892.35100000000164
1892.94200000000164
1893.11200000000164
1912.39300000000166
1920.95400000000166
1921.63500000000166
1925.07400000000167
2003.67000000000174
2003.82900000000174
2004.33300000000174
2004.65600000000174
2004.96000000000174
2005.59300000000174
2006.09600000000174
2007.08600000000174
2007.42700000000174
2008.13000000000174
2027.32400000000176
2027.63600000000176
2027.93300000000176
2029.15200000000176
2029.59700000000176
2030.54600000000176
2031.11200000000176
2031.28300000000176
2031.58800000000176
2033.24200000000176
2033.85600000000176
2034.05000000000176
2034.32300000000176
2036.48600000000177
2036.75200000000177
2037.19900000000177
2037.96400000000177
2039.30300000000177
2062.04900000000023
2064.36799999999997
2064.64999999999994
2065.85599999999981
2067.7729999999996
2068.07999999999957
2068.29099999999954
2068.56999999999951
2069.88799999999937
2070.26099999999933
2076.64199999999862
2079.17099999999834
2079.40699999999832
2079.92299999999826
2081.22399999999812
2082.01299999999803
2082.47699999999798
2082.69099999999796
2083.12599999999791
2084.35199999999777
2085.66999999999763
2086.33599999999756
2086.90899999999749
2087.18999999999746
2088.85699999999728
2089.44399999999721
2120.32199999999381
2232.50099999998146
2234.35699999998125
2235.86799999998109
2237.5679999999809
2238.31099999998082
2239.71299999998066
2308.86299999997305
2309.46699999997298
2332.9129999999704
2333.50499999997033
2334.7069999999702
2335.82199999997008
2336.19599999997004
2336.52499999997
2338.20499999996982
2338.94599999996973
2339.78499999996964
2343.12199999996927
2343.86999999996919
2344.85499999996908
2345.32599999996903
2345.70699999996899
2346.38199999996892
2346.57699999996889
2349.55499999996857
2350.48899999996846
2350.76399999996843
2352.43899999996825
2416.77699999996116
2424.72099999996029
2426.31799999996011
2427.24799999996001
2427.79899999995995
2428.34999999995989
2428.57699999995986
2430.0729999999597
2430.47299999995965
2430.86099999995961
2431.53499999995954
2432.98599999995938
2433.55999999995931
2449.92599999995751
2452.36699999995724
2454.32999999995703
2454.75799999995698
2455.20499999995693
2457.39999999995669
2457.81499999995664
2458.46299999995657
2458.94199999995652
2459.30699999995648
2460.0379999999564
2461.09199999995628
2461.31699999995626
2461.68399999995622
2463.48099999995602
2464.49999999995591
2465.16599999995583
2465.68699999995578
2467.10099999995562
2470.17199999995528
2471.64499999995512
2472.37599999995504
2472.78199999995499
2473.45999999995492
2474.40199999995482
2475.82399999995466
2486.74699999995346
2487.73699999995335
2488.07099999995331
2490.57199999995304
2492.21099999995285
2493.44899999995272
2498.32799999995218
2499.0279999999521
2499.76299999995202
2500.19599999995198
2501.24299999995186
2601.6809999999408
2602.82299999994067
2603.12999999994064
2603.68199999994058
2604.51899999994049
2605.2609999999404
2606.10599999994031
2606.87099999994023
2607.54199999994015
2608.0259999999401
2609.07099999993998
2609.24399999993997
2609.89499999993989
2616.88699999993912
2617.22799999993909
2617.88999999993901
2619.12599999993888
2619.67899999993882
2624.3409999999383
2625.2859999999382
2625.44499999993818
2635.31299999993709
2729.10699999992676
2729.81899999992669
2743.60199999992517
2745.32099999992498
2745.97299999992491
2751.59999999992429
2752.09499999992423
2753.19299999992411
2754.04799999992402
2755.63499999992384
2756.0519999999238
2756.45399999992375
2767.88499999992249
2768.67699999992241
2769.47499999992232
2770.26499999992223
2771.62699999992208
2772.371999999922
2772.84199999992195
2773.89199999992183
2774.39799999992178
2776.67499999992153
2779.6419999999212
2780.00699999992116
2804.55599999991845
2805.73099999991833
2806.27399999991827
2807.10199999991817
2807.94499999991808
2808.18799999991805
2808.36799999991803
2808.55999999991801
2808.83999999991798
2873.62899999991085
2875.58099999991063
2875.81699999991061
2882.46899999990987
2882.66999999990985
2884.66599999990963
2886.09499999990947
2895.39999999990845
2895.70099999990842
2896.10199999990837
2898.01399999990816
2898.43799999990812
2898.91299999990806
2899.27299999990802
2900.09799999990793
2901.2669999999078
2937.37599999990383
2940.09499999990353
2941.50099999990337
2941.79999999990334
2943.9439999999031
2944.27499999990307
2944.78299999990301
2955.51599999990183
2955.98799999990178
2958.80099999990147
2959.12599999990143
2959.4059999999014
2959.75699999990136
2960.61299999990127
2960.94499999990123
2961.54499999990116
2961.73299999990114
2971.42399999990008
2972.17699999989999
2972.55999999989995
2973.27699999989987
2975.59999999989962
2976.83999999989948
2977.23299999989944
2977.40899999989942
2977.81299999989937
2978.15299999989934
2979.05499999989924
2980.2659999998991
2980.63099999989906
2980.79499999989904
2981.07899999989901
2982.32499999989888
2982.71999999989883
2984.04399999989869
2984.20699999989867
2984.64699999989862
2984.8429999998986
2985.15899999989856
2987.08499999989835
2987.22399999989834
2987.38099999989832
2987.49299999989831
2993.23999999989767
2997.46099999989721
2998.65699999989708
3000.2549999998969
3001.67999999989674
3052.51999999989115
3053.61799999989102
3053.88599999989099
3054.33699999989095
3054.52999999989092
3054.7749999998909
3055.26999999989084
3055.74099999989079
3056.16699999989074
3056.87699999989067
3058.62699999989047
3058.90599999989044
3059.89599999989033
3115.70199999988419
3117.09299999988403
3117.58899999988398
3252.07299999986917
3253.97399999986896
3255.61899999986878
3257.30199999986859
3258.21299999986849
3258.61099999986845
3259.16799999986839
3259.56899999986834
3260.29899999986826
3260.46099999986824
3268.75799999986733
3269.72199999986722
3270.72499999986711
3271.51299999986703
3288.43599999986516
3289.50299999986505
3289.960999999865
3290.27399999986496
3391.17199999985385
3400.22799999985285
3415.27099999985119
3416.18199999985109
3425.10099999985011
3425.66199999985005
3426.13099999985
3426.78499999984993
3427.22799999984988
3430.03499999984957
3430.77299999984949
3431.39899999984942
3431.86699999984937
3442.79499999984816
3443.01899999984814
3447.52399999984764
3449.81499999984739
3450.80099999984728
3452.19199999984713
3453.89299999984694
3459.40499999984633
3463.86199999984584
3464.53599999984577
3465.75499999984563
3471.89299999984496
3472.24399999984492
3473.46799999984478
3474.07199999984472
3474.58599999984466
3475.08899999984461
3475.48199999984456
3476.0769999998445
3476.77999999984442
3478.7449999998442
3479.32499999984414
3479.93799999984407
3783.29699999981066
3786.16299999981035
3786.72899999981028
3786.99799999981025
3788.44999999981009
3789.60699999980997
3791.53299999980976
3793.11399999980958
3793.76899999980951
3794.55199999980942
3799.58799999980887
3801.1069999998087
3801.37899999980867
3802.57599999980854
3803.19299999980847
3890.66199999979884
3892.61899999979862
3893.63399999979851
3894.93999999979837
3896.56399999979819
3897.3209999997981
3898.74699999979795
3899.96099999979781
3900.31199999979777
3902.42699999979754
3903.24899999979745
3903.7019999997974
3904.6339999997973
3906.4099999997971
3907.50499999979698
3907.87599999979694
3909.31399999979678
3910.84699999979661
3911.61399999979653
3911.8809999997965
3918.83199999979574
3947.21399999979261
3985.4459999997884
3986.40999999978829
3990.32399999978786
4005.71599999978617
4006.65899999978606
4009.21799999978578
4010.21899999978567
4013.08099999978535
4015.62699999978507
4016.70499999978496
4026.02399999978393
4026.13299999978392
4026.89799999978383
4032.69999999978319
4033.16499999978314
4035.08999999978293
4035.65699999978287
4036.88799999978273
4440.44199999973829
4524.27399999972906
4525.20199999972895
4526.28299999972883
4534.7939999997279
4536.98899999972765
4537.27599999972762
4538.27799999972751
4538.4199999997275
4538.54599999972748
4538.85799999972745
4539.55999999972737
4543.70299999972692
4544.82799999972679
4592.47099999972154
4594.07499999972137
4596.04199999972115
4598.03399999972093
4599.39199999972078
4600.50799999972066
4606.10599999972004
4607.07599999971994
4607.54799999971988
4609.65399999971965
4610.52399999971956
4613.34199999971925
4615.52099999971901
4616.69799999971888
4617.76499999971876
4627.77299999971766
4629.89999999971742
4633.18699999971706
4633.80699999971699
4635.16399999971684
4635.27599999971683
4637.66999999971657
4721.8329999997073
4723.02399999970717
4723.48199999970712
4724.67099999970698
4732.28099999970615
4741.45599999970514
4742.21699999970505
4743.79899999970488
4745.03399999970474
4750.72999999970411
4751.08899999970408
4752.48999999970392
4755.29799999970361
4755.90799999970354
4757.2039999997034
4760.28299999970306
4761.56999999970292
4763.21399999970274
4797.60899999969895
4798.62299999969884
4799.26399999969877
4799.68699999969872
4800.88899999969859
4801.14899999969856
4802.69299999969839
4803.01399999969836
4803.71699999969828
4808.0509999996978
4809.20499999969767
4809.42999999969765
4810.7669999996975
4811.02799999969747
4811.91599999969738
4813.08999999969725
4814.23799999969712
4814.85799999969705
4816.2779999996969
4819.80099999969651
4893.60199999968838
4923.64299999968507
4934.2419999996839
4974.38699999967948
4975.83799999967932
4976.9739999996792
4977.8439999996791
4978.19499999967906
4983.60599999967847
4984.41899999967838
4985.1229999996783
4990.42799999967772
4991.57599999967759
4992.05499999967754
4994.48999999967727
4994.97699999967721
4995.68599999967714
4996.14899999967709
4996.61599999967703
4997.49199999967694
4998.20699999967686
5000.93699999967656
5002.50999999967638
5002.85299999967635
5037.00199999967259
5038.24099999967245
5042.52799999967198
5058.42399999967023
5059.89299999967007
5140.32099999966121
5141.79599999966104
5143.42499999966087
5143.72299999966083
5144.56699999966074
5144.99399999966069
5145.35799999966065
5145.63999999966062
5145.91699999966059
5146.28799999966055
5150.03699999966014
5150.3729999996601
5152.40099999965988
5152.72099999965984
5154.31199999965967
5159.76199999965907
5161.2479999996589
5162.1679999996588
5162.73799999965874
5197.38799999965492
5198.00799999965485
5198.4739999996548
5199.08099999965474
5200.3539999996546
5200.90599999965453
5201.85399999965443
5202.1069999996544
5214.14399999965308
5214.67799999965302
5215.49399999965293
5215.66399999965291
5216.84999999965278
5266.22399999964734
5267.23499999964723
5267.40599999964721
5268.96499999964704
5269.88199999964694
5270.47199999964687
5271.02499999964681
5271.40899999964677
5272.59999999964664
5272.75899999964662
5275.37299999964633
5275.81599999964628
5277.17399999964614
5277.67499999964608
5278.54299999964598
5279.52699999964588
5288.75499999964486
5289.97999999964472
5292.82299999964441
5294.62399999964421
5296.70999999964398
5297.27299999964392
5298.54699999964378
5302.65599999964333
5303.36099999964325
5304.53399999964312
5305.36399999964303
5305.87899999964297
5310.38599999964248
5315.6239999996419
5320.55799999964136
5320.95999999964131
5321.35699999964127
5322.55099999964114
5322.98399999964109
5323.46699999964104
5323.94399999964098
5325.51499999964081
5326.29199999964073
5326.79599999964067
5326.92499999964066
5329.98099999964032
5330.36899999964028
5331.35599999964017
5333.88299999963989
5334.6939999996398
5342.25999999963897
5343.16399999963887
5343.71399999963881
5344.03299999963877
5344.73399999963869
5345.69199999963859
5347.21699999963842
5347.84099999963835
5348.80699999963825
5353.07999999963778
5353.30499999963775
5353.56399999963772
5354.20799999963765
5354.89099999963758
5357.52899999963729
5357.91899999963724
5367.63399999963617
5372.22599999963567
5373.67199999963551
5380.37399999963477
5380.64199999963474
5380.9919999996347
5381.29399999963467
5381.71899999963462
5381.8779999996346
5384.94399999963427
5385.16099999963424
5385.5469999996342
5403.86399999963218
5404.94399999963206
5405.473999999632
5406.02599999963194
5406.96099999963184
5407.45799999963179
5407.72999999963176
5408.2869999996317
5410.0969999996315
5411.17299999963138
5412.7599999996312
5413.15299999963116
5413.86299999963108
5418.82799999963053
5419.51799999963046
5419.92399999963041
5420.62699999963034
5421.29899999963026
5423.25799999963005
5447.76099999962735
5467.35499999962519
5469.072999999625
5469.88399999962491
5470.72699999962482
5471.93099999962469
5473.16799999962455
5473.6299999996245
5474.36899999962442
5476.03499999962423
5477.89799999962403
5534.31699999961781
5536.2599999996176
5537.12399999961751
5537.77199999961743
5538.83599999961732
5648.68299999960522
5650.28199999960504
5651.06799999960496
5661.5789999996038
5662.19299999960373
5663.13599999960363
5664.20799999960351
5664.92999999960343
5665.50699999960337
5667.9119999996031
5668.44199999960304
5669.01899999960298
5669.54399999960292
5670.24799999960284
5670.6629999996028
5671.36599999960272
5672.36799999960261
5719.95699999959737
5723.83999999959694
5724.03999999959692
5724.56199999959686
5725.43299999959677
5726.55499999959664
5727.01899999959659
5731.98899999959604
5732.388999999596
5732.87699999959595
5734.2449999995958
5767.8469999995921
5769.6649999995919
5770.5459999995918
5771.48699999959169
5772.12199999959162
5772.66699999959156
5773.00899999959153
5774.07999999959141
5774.43099999959137
5778.64199999959091
5779.30599999959083
5957.5419999995712
5960.41199999957089
5961.77799999957074
5963.42499999957056
5966.12299999957026
5966.71799999957019
5967.5649999995701
5967.95899999957006
5996.71599999956689
6019.12099999956442
6019.86199999956434
6020.48999999956427
6020.95699999956422
6021.51499999956416
6021.9959999995641
6030.36999999956318
6030.99899999956311
6033.40899999956285
6034.51299999956273
6035.32699999956264
6097.21299999955582
6098.3079999995557
6099.54999999955556
6100.76799999955543
6102.51399999955524
6103.16399999955517
6103.50099999955513
6104.96599999955497
6105.64099999955489
6106.63099999955478
6107.13599999955473
6108.93899999955453
6110.22499999955439
6112.7949999995541
6113.00099999955408
6113.84499999955399
6114.17099999955395
6114.89299999955387
6115.26599999955383
6138.92899999955123
6140.63599999955104
6141.25799999955097
6143.92599999955068
6144.55699999955061
6145.25999999955053
6146.36999999955041
6147.43399999955029
6148.74399999955015
6149.1459999995501
6149.50499999955006
6150.13099999954999
6152.50099999954973
6152.83899999954969
6153.19899999954965
6154.42599999954952
6154.93299999954946
6155.23199999954943
6156.60499999954928
6158.08799999954912
6158.2679999995491
6158.60399999954906
6158.91399999954903
6160.81299999954882
6164.6319999995484
6165.95799999954825
6168.84299999954793
6169.30599999954788
6169.44899999954786
6187.13499999954592
6204.20499999954404
6207.12799999954372
6213.39899999954302
6217.2179999995426
6218.47399999954247
6220.69799999954222
6222.12399999954206
6224.30599999954182
6224.4879999995418
6225.62899999954168
6228.82099999954133
6231.68899999954101
6233.49699999954081
6234.89299999954066
6236.51799999954048
6240.41299999954005
6240.53699999954004
6241.14999999953997
6241.53399999953993
6242.14699999953986
6245.68799999953947
6246.47199999953938
6246.80899999953934
6247.55699999953926
6277.179999999536
6281.01799999953558
6281.50199999953552
6284.31799999953521
6287.48999999953486
6287.60799999953485
6293.84399999953416
6297.31299999953378
6298.0839999995337
6298.82899999953362
6299.8729999995335
6301.75999999953329
6302.36799999953323
6304.60299999953298
6309.38199999953245
6477.15399999951398
6477.90599999951389
6478.7579999995138
6480.23199999951364
6480.6159999995136
6481.4839999995135
6485.84899999951302
6486.61999999951293
6486.9049999995129
6487.45899999951284
6487.8679999995128
6488.82299999951269
6489.29499999951264
6489.74299999951259
6490.16299999951254
6490.5099999995125
6490.81899999951247
6516.41799999950965
6517.67499999950951
6518.35899999950944
6519.70699999950929
6521.03099999950914
6521.73699999950907
6523.46499999950888
6523.78899999950884
6524.31999999950878
6525.57799999950864
6527.07499999950848
6527.45999999950844
6528.27399999950835
6528.47599999950832
6528.6689999995083
6528.81199999950829
6528.93599999950827
6530.74499999950807
6531.08899999950804
6532.09799999950792
6532.60799999950787
6532.88299999950784
6533.08599999950782
6534.45199999950767
6534.86799999950762
6535.18399999950758
6588.67599999950169
6589.30999999950162
6589.77699999950157
6590.17299999950153
6590.70799999950147
6591.01599999950144
6601.3289999995003
6602.56999999950016
6603.03099999950011
6603.56499999950005
6604.32999999949997
6607.06599999949967
6608.66599999949949
6609.23399999949943
6609.70099999949938
6612.2769999994991
6613.29599999949898
6614.12499999949889
6617.75099999949849
6617.92599999949847
6618.89799999949837
6619.60299999949829
6619.92299999949825
6620.4149999994982
6622.15999999949801
6623.78099999949783
6625.18399999949767
6641.15999999949591
6641.55799999949587
6642.08599999949581
6647.6539999994952
6648.15999999949514
6649.02999999949505
6649.21699999949503
6649.95799999949494
6725.28699999948665
6726.86699999948647
6766.02499999948216
6767.67199999948198
6768.99699999948183
6769.68899999948176
6771.1189999994816
6772.80699999948142
6773.52199999948134
6776.05699999948106
6778.28999999948081
6779.89899999948063
6780.28099999948059
6781.1339999994805
6785.74299999947999
6791.26499999947938
6792.57899999947924
6792.78799999947921
6796.27799999947883
6871.84899999947051
6873.22099999947036
6877.01599999946994
6877.68099999946986
6878.02799999946983
6879.01499999946972
6879.24099999946969
6880.25899999946958
6881.27299999946947
6881.8909999994694
6884.45199999946912
6932.10399999946387
6934.12399999946365
6938.64099999946315
6944.63499999946249
6945.4159999994624
6946.46899999946229
6946.96799999946223
6947.79499999946214
6948.2169999994621
6948.97199999946201
6950.42099999946185
6950.80499999946181
6953.24099999946154
6953.44199999946152
6954.5219999994614
6954.93299999946136
6956.61099999946117
6957.60999999946106
6959.1239999994609
6960.35299999946076
6964.14399999946034
6964.88299999946026
6965.4299999994602
6966.28199999946011
7086.63699999944685
7087.0739999994468
7087.86599999944672
7088.57799999944664
7090.11699999944647
7090.55399999944642
7091.06799999944636
7091.83999999944628
7113.02499999944394
7115.60899999944366
7116.08699999944361
7116.95399999944351
7118.42299999944335
7119.26599999944326
7119.54999999944323
7119.98099999944318
7120.64399999944311
7121.567999999443
7186.52899999943585
7187.05599999943579
7187.50099999943574
7187.97799999943569
7188.41299999943564
7189.43199999943553
7190.23899999943544
7190.71499999943539
7191.32199999943532
7194.50999999943497
7195.44699999943487
7197.31299999943466
7197.8999999994346
7198.32499999943455
31
-1
10.57300000000000021
46.0139999999999992
53.1260000000000055
77.8680000000000275
104.6300000000000513
121.5340000000000663
157.279000000000098
195.477000000000132
282.237000000000209
312.020000000000235
407.68500000000032
521.226000000000421
1046.51800000000089
1113.82900000000095
1190.63300000000102
1376.62400000000118
1714.42900000000148
1847.3960000000016
2070.26199999999933
2433.56099999995931
2729.81999999992669
2961.73399999990114
3400.22899999985285
3918.83299999979573
4763.21499999970274
5202.1079999996544
5385.5479999996342
5967.95999999957006
6247.55799999953926
6642.08699999949581
7198.32599999943455
0
0
5000
0
0
0
0
7200
0
0
0
0
0
31
0
7200.00099999943437
1.77500000000000002
1800
0
91
0
1
4
7
10
13
16
19
22
25
28
31
34
37
40
43
46
49
52
55
58
61
64
67
70
73
76
79
82
85
88
91
94
97
100
103
106
109
112
115
118
121
124
127
130
133
136
139
142
145
148
151
154
157
160
163
166
169
172
175
178
181
184
187
190
193
196
199
202
205
208
211
214
217
220
223
226
229
232
235
238
241
244
247
250
253
256
259
262
265
268
271
274
277
280
283
286
289
292
295
298
301
304
307
310
313
316
319
322
325
328
331
334
337
340
343
346
349
352
355
358
361
364
367
370
373
376
379
382
385
388
391
394
397
400
403
406
409
412
415
418
421
424
427
430
433
436
439
442
445
448
451
454
457
460
463
466
469
472
475
478
481
484
487
490
493
496
499
502
505
508
511
514
517
520
523
526
529
532
535
538
541
544
547
550
