3
11
19
3
11
19
PPR2.13
FR1_day3
0
3
10
47
29
11
34
33
24
2
.3
1
85
1
57
1
1
1
1
1
1
1
1
1
1
1
1
1
1
1
1
1
1
1
1
1
1
84
-1
37.3869999999999916
47.6830000000000007
85.134000000000034
98.635000000000046
162.686000000000103
169.791000000000109
175.049000000000114
202.722000000000138
213.258000000000148
220.506000000000154
420.544000000000332
428.206000000000339
438.522000000000348
446.371000000000355
447.204000000000356
470.709000000000376
476.544000000000382
483.548000000000388
485.240000000000389
488.535000000000392
498.393000000000401
506.910000000000409
520.15800000000042
525.397000000000425
537.257000000000435
626.440000000000515
637.236000000000524
645.371000000000532
656.601000000000542
663.654000000000548
672.254000000000555
679.422000000000562
685.865000000000568
703.454000000000583
718.836000000000597
787.645000000000658
792.741000000000662
798.460000000000668
807.973000000000676
819.542000000000686
820.754000000000687
822.216000000000689
823.162000000000689
823.76900000000069
824.473000000000691
833.556000000000699
858.14700000000072
870.010000000000731
880.40200000000074
892.435000000000751
906.028000000000763
1083.28600000000092
1098.76900000000093
1100.52900000000094
1137.84100000000097
1143.39900000000097
1650.85400000000142
1654.21100000000143
1656.60200000000143
1657.31400000000143
1661.60000000000143
1662.86800000000144
1665.51700000000144
1666.61200000000144
1667.47400000000144
1667.98800000000144
1669.91500000000144
1670.57800000000144
1670.85300000000144
1671.44200000000144
1672.59000000000144
1674.79100000000145
1677.48500000000145
1689.43100000000146
1922.11700000000167
1925.02000000000167
1925.39500000000167
1928.07700000000167
1928.30300000000167
1932.36700000000167
1933.67800000000168
1936.51700000000168
1946.56300000000169
1948.68100000000169
56
-1
37.3869999999999916
47.6830000000000007
85.134000000000034
98.635000000000046
162.686000000000103
169.791000000000109
175.049000000000114
202.722000000000138
213.258000000000148
220.506000000000154
420.544000000000332
428.206000000000339
438.522000000000348
446.371000000000355
470.709000000000376
476.544000000000382
483.548000000000388
498.393000000000401
506.910000000000409
520.15800000000042
525.397000000000425
537.257000000000435
626.440000000000515
637.236000000000524
645.371000000000532
656.601000000000542
663.654000000000548
672.254000000000555
679.422000000000562
685.865000000000568
703.454000000000583
718.836000000000597
787.645000000000658
798.460000000000668
807.973000000000676
819.542000000000686
833.556000000000699
858.14700000000072
870.010000000000731
880.40200000000074
892.435000000000751
906.028000000000763
1083.28600000000092
1098.76900000000093
1137.84100000000097
1143.39900000000097
1650.85400000000142
1656.60200000000143
1662.86800000000144
1667.98800000000144
1674.79100000000145
1689.43100000000146
1922.11700000000167
1928.07700000000167
1933.67800000000168
1946.56300000000169
1
0
5000
0
0
0
0
2700
99
0
0
0
0
0
0
2700.79699999992988
0
0
0
0
0
0
