3
25
19
3
25
19
PPR2.10
PR3_day1
0
2
9
16
59
10
51
21
23
3
.3
1
430
1
17
1
1
1
1
1
1
1
1
1
1
1
1
1
1
1
1
1
1
1
1
1
184
429
-1
59.1210000000000109
67.112000000000018
68.8660000000000195
69.44700000000002
70.0200000000000205
70.2860000000000208
134.460000000000078
134.897000000000078
135.335000000000079
135.872000000000079
136.354000000000079
140.544000000000083
140.918000000000084
141.499000000000084
150.999000000000092
151.541000000000093
152.438000000000094
152.824000000000094
153.356000000000095
153.783000000000095
154.147000000000095
154.763000000000096
155.209000000000096
155.762000000000097
171.369000000000111
171.994000000000111
172.509000000000112
176.604000000000115
178.389000000000117
179.036000000000117
180.293000000000118
181.073000000000119
181.363000000000119
181.69500000000012
184.033000000000122
184.704000000000122
185.262000000000123
226.364000000000159
226.77600000000016
228.110000000000161
228.759000000000162
231.587000000000164
232.354000000000165
233.878000000000166
234.777000000000167
235.183000000000167
237.78300000000017
238.69300000000017
239.325000000000171
239.873000000000171
240.475000000000172
240.905000000000172
243.357000000000174
251.541000000000182
252.127000000000182
257.364000000000187
258.068000000000188
258.478000000000188
258.875000000000188
259.671000000000189
265.693000000000194
266.048000000000195
266.564000000000195
267.724000000000196
267.983000000000196
274.514000000000202
274.936000000000203
275.310000000000203
275.850000000000203
280.209000000000207
280.702000000000208
281.059000000000208
291.121000000000217
291.658000000000217
293.034000000000219
293.543000000000219
296.126000000000221
297.675000000000223
298.633000000000224
298.986000000000224
346.471000000000266
347.322000000000267
349.380000000000269
349.730000000000269
354.083000000000273
354.725000000000273
354.917000000000274
361.505000000000279
362.06200000000028
362.778000000000281
363.147000000000281
365.795000000000283
366.207000000000284
366.801000000000284
367.301000000000285
541.185000000000439
544.337000000000442
545.386000000000443
549.182000000000446
549.785000000000447
557.926000000000454
558.550000000000454
559.219000000000455
559.506000000000455
559.940000000000456
560.484000000000456
562.741000000000458
563.635000000000459
563.921000000000459
564.069000000000459
564.39100000000046
564.55100000000046
565.40300000000046
566.594000000000462
569.349000000000464
569.956000000000464
570.321000000000465
570.633000000000465
570.952000000000465
573.969000000000468
575.488000000000469
942.455000000000795
943.291000000000796
944.091000000000797
946.795000000000799
955.635000000000807
957.028000000000808
957.515000000000809
961.050000000000812
962.176000000000813
962.412000000000813
963.003000000000814
965.818000000000816
970.03100000000082
970.40100000000082
970.755000000000821
971.166000000000821
971.663000000000821
971.993000000000822
974.963000000000824
975.386000000000825
977.356000000000826
980.98700000000083
982.00400000000083
982.289000000000831
982.702000000000831
982.894000000000831
985.026000000000833
985.589000000000834
996.241000000000843
996.739000000000844
998.283000000000845
998.981000000000846
1002.005000000000848
1002.490000000000849
1002.677000000000849
1012.609000000000858
1014.72800000000086
1015.24000000000086
1020.090000000000864
1020.788000000000865
1032.01600000000087
1032.62300000000088
1033.41200000000088
1033.60600000000088
1054.9570000000009
1067.29000000000091
1068.71600000000091
1070.90200000000091
1074.84400000000091
1075.61800000000091
1075.82500000000091
1076.94700000000091
1080.88500000000092
1081.77100000000092
1082.31800000000092
1083.70100000000092
1086.27000000000092
1086.67300000000092
1087.51300000000092
1100.91800000000094
1101.42700000000094
1104.40600000000094
1105.54700000000094
1106.10200000000094
1106.39700000000094
1106.61900000000094
1109.29700000000094
1110.68800000000094
1111.70200000000095
1112.40900000000095
1113.20200000000095
1116.02700000000095
1116.67200000000095
1117.15300000000095
1117.51500000000095
1126.26400000000096
1126.80900000000096
1127.19100000000096
1127.60000000000096
1135.51100000000097
1136.47400000000097
1139.83100000000097
1140.15600000000097
1140.73100000000097
1141.50400000000097
1142.02200000000097
1143.87300000000097
1146.14400000000098
1147.07000000000098
1148.51400000000098
1254.93000000000107
1275.85500000000109
1276.38500000000109
1293.90400000000111
1294.64500000000111
1295.07400000000111
1296.94300000000111
1297.30800000000111
1297.55200000000111
1298.07000000000111
1301.55900000000111
1302.10500000000111
1302.59200000000112
1304.75000000000112
1306.06400000000112
1306.59600000000112
1306.92000000000112
1307.36800000000112
1307.84200000000112
1308.03800000000112
1312.89300000000112
1313.53600000000112
1313.73000000000113
1340.20800000000115
1341.51700000000115
1342.21600000000115
1347.42000000000116
1347.90100000000116
1348.70200000000116
1350.64100000000116
1351.47300000000116
1352.00400000000116
1352.43100000000116
1352.69700000000116
1353.17100000000116
1353.35700000000116
1355.97400000000116
1370.14500000000118
1371.17700000000118
1371.41900000000118
1372.18700000000118
1374.51600000000118
1377.02300000000118
1379.00100000000118
1379.13400000000118
1380.23300000000118
1383.02400000000119
1383.74300000000119
1385.34100000000119
1388.64800000000119
1390.75800000000119
1392.5820000000012
1393.0730000000012
1393.5630000000012
1396.4520000000012
1397.9710000000012
1398.1800000000012
1398.8640000000012
1399.2630000000012
1399.5350000000012
1400.2230000000012
1400.6890000000012
1731.8810000000015
1733.8430000000015
1736.2860000000015
1736.6420000000015
1737.1850000000015
2240.71199999998055
2244.8319999999801
2245.23399999998006
2246.20199999997995
2246.88499999997987
2254.55499999997903
2261.73299999997824
2262.90499999997811
2263.31799999997806
2263.68699999997802
2266.6399999999777
2267.19399999997764
2267.4859999999776
2267.93299999997756
2269.80799999997735
2270.52399999997727
2284.02799999997578
2284.99699999997568
2287.06199999997545
2287.76799999997537
2288.61199999997528
2289.92699999997513
2291.67699999997494
2292.0519999999749
2292.28099999997487
2297.98099999997425
2299.38999999997409
2299.59399999997407
2323.65499999997142
2325.68599999997119
2326.02099999997116
2326.48099999997111
2332.15099999997048
2333.36199999997035
2333.67599999997031
2348.71699999996866
2349.38999999996858
2350.07099999996851
2350.70499999996844
2353.08099999996818
2354.77599999996799
2355.17199999996795
2355.99599999996786
2357.01199999996774
2358.10899999996762
2358.64299999996756
2361.39199999996726
2957.77599999990158
2959.16699999990143
2961.05199999990122
2963.9939999999009
2974.61199999989973
2977.08699999989945
2977.5509999998994
2980.65799999989906
2981.04299999989902
2981.64799999989895
2982.22199999989889
2984.93099999989859
3011.1869999998957
3014.8259999998953
3019.08499999989483
3019.72699999989476
3022.24299999989448
3022.90199999989441
3023.17799999989438
3032.56399999989334
3032.9289999998933
3041.02399999989241
3043.18299999989217
3044.15599999989207
3045.22499999989195
3046.39899999989182
3047.08999999989174
3050.83299999989133
3051.91599999989121
3052.32599999989117
3053.93699999989099
3055.39899999989083
3055.75999999989079
3157.07899999987963
3164.55599999987881
3166.10699999987864
3179.82499999987712
3180.78799999987702
3762.73899999981293
3763.56299999981284
3763.98999999981279
3766.87399999981247
3767.4769999998124
3767.80199999981237
3768.3799999998123
3775.61699999981151
3775.95599999981147
3776.6289999998114
3778.78499999981116
3786.27899999981033
3787.13599999981024
3788.3739999998101
3789.54199999980997
3790.33499999980989
3791.02199999980981
3791.68899999980974
3792.53899999980964
3827.20099999980583
3851.18499999980318
3851.87899999980311
3854.6969999998028
3860.76099999980213
3861.43699999980206
3911.72799999979652
3913.50699999979632
3913.78499999979629
3920.67599999979553
3921.35799999979546
3922.38699999979534
3923.07199999979527
3924.67199999979509
3926.66399999979487
3928.48499999979467
4087.64099999977714
4088.38099999977706
4094.67799999977637
4096.10899999977621
4098.8829999997759
4100.31599999977575
4100.92299999977568
4101.51799999977562
4102.70799999977548
4105.2829999997752
4105.92099999977513
4106.91599999977502
4378.64699999974509
4380.00099999974494
4383.82199999974452
4386.50899999974423
4387.99599999974406
4392.92399999974352
4440.96499999973823
4441.54399999973817
4441.76999999973814
4446.39299999973763
4446.99999999973757
4462.30499999973588
4463.11199999973579
4465.86299999973549
4468.74199999973517
4471.00999999973492
4471.42099999973488
4472.1279999997348
4472.29999999973478
16
-1
59.1220000000000109
70.0210000000000205
140.919000000000084
155.763000000000097
185.263000000000123
243.358000000000174
281.060000000000208
366.802000000000284
573.970000000000468
985.590000000000834
1087.51400000000092
1276.38600000000109
1371.42000000000118
2269.80899999997735
2984.93199999989859
3827.20199999980583
0
0
5000
0
0
0
0
7200
0
0
0
0
0
17
0
5627.30299999960757
1800.00000000000156
1800
0
49
0
1
4
7
10
13
16
19
22
25
28
31
34
37
40
43
46
49
52
55
58
61
64
67
70
73
76
79
82
85
88
91
94
97
100
103
106
109
112
115
118
121
124
127
130
133
136
139
142
145
148
151
154
157
160
163
166
169
172
175
178
181
184
187
190
193
196
199
202
205
208
211
214
217
220
223
226
229
232
235
238
241
244
247
250
253
256
259
262
265
268
271
274
277
280
283
286
289
292
295
298
301
304
307
310
313
316
319
322
325
328
331
334
337
340
343
346
349
352
355
358
361
364
367
370
373
376
379
382
385
388
391
394
397
400
403
406
409
412
415
418
421
424
427
430
433
436
439
442
445
448
451
454
457
460
463
466
469
472
475
478
481
484
487
490
493
496
499
502
505
508
511
514
517
520
523
526
529
532
535
538
541
544
547
550
