3
21
19
3
21
19
PPR2.13
FR5_day2
0
3
11
20
13
12
08
48
24
2
.3
1
495
1
78
1
1
1
1
1
1
1
1
1
1
1
1
1
1
1
1
1
1
1
1
1
1
494
-1
0.853
10.52800000000000021
10.68200000000000021
11.23500000000000022
11.56400000000000023
29.5309999999999889
29.7279999999999887
30.9359999999999877
31.3589999999999873
31.681999999999987
34.7539999999999892
36.5749999999999908
37.856999999999992
39.2599999999999932
39.4909999999999934
39.7229999999999936
40.7019999999999945
43.9439999999999974
44.1749999999999976
44.4829999999999979
45.4879999999999988
46.0459999999999992
47.0770000000000002
47.5440000000000006
70.4060000000000209
72.1090000000000224
72.2320000000000225
75.8300000000000257
76.8540000000000266
78.1050000000000277
78.5760000000000281
79.6670000000000291
79.9350000000000294
80.0940000000000295
83.3540000000000324
84.2200000000000332
84.3990000000000333
85.2290000000000341
102.9330000000000498
103.20500000000005
103.4100000000000502
103.6490000000000504
103.9610000000000507
107.7850000000000541
107.9910000000000543
108.3410000000000546
108.5570000000000548
109.0840000000000552
109.5560000000000557
110.5280000000000565
110.9440000000000569
111.2800000000000572
111.5520000000000574
116.5680000000000619
117.4130000000000626
118.5770000000000637
118.8130000000000639
119.6300000000000646
119.8540000000000648
149.252000000000091
150.033000000000092
150.418000000000092
150.825000000000092
151.232000000000093
155.673000000000097
155.861000000000097
156.075000000000097
156.269000000000097
156.575000000000097
157.303000000000098
157.592000000000098
158.050000000000099
158.9120000000001
159.0660000000001
161.993000000000102
162.435000000000103
162.800000000000103
162.973000000000103
163.185000000000103
163.422000000000104
163.761000000000104
164.312000000000104
164.701000000000105
166.361000000000106
167.112000000000107
177.291000000000116
184.042000000000122
184.243000000000122
184.381000000000122
184.810000000000122
185.350000000000123
189.680000000000127
189.970000000000127
190.495000000000128
191.372000000000128
191.755000000000129
193.988000000000131
194.248000000000131
194.920000000000131
195.040000000000132
197.989000000000134
199.350000000000135
199.604000000000136
200.447000000000136
200.730000000000137
200.925000000000137
237.110000000000169
237.465000000000169
241.210000000000173
241.409000000000173
241.651000000000173
242.098000000000173
242.514000000000174
243.329000000000174
243.593000000000175
244.495000000000176
244.763000000000176
245.043000000000176
254.520000000000184
254.665000000000185
255.147000000000185
255.920000000000186
256.348000000000186
260.58200000000019
260.93400000000019
262.136000000000191
262.667000000000192
263.031000000000192
264.279000000000193
264.776000000000194
269.496000000000198
270.552000000000199
270.776000000000199
271.175000000000199
272.2820000000002
273.453000000000201
305.56800000000023
306.29300000000023
306.783000000000231
308.145000000000232
309.306000000000233
313.695000000000237
314.021000000000237
314.659000000000238
314.941000000000238
316.453000000000239
317.12900000000024
317.26900000000024
319.938000000000242
320.302000000000243
329.157000000000251
329.705000000000251
329.826000000000251
332.777000000000254
333.034000000000254
337.680000000000258
338.012000000000259
338.336000000000259
338.673000000000259
339.16500000000026
339.85700000000026
340.875000000000261
344.980000000000265
345.164000000000265
345.499000000000265
362.39600000000028
363.920000000000282
364.718000000000282
365.242000000000283
365.510000000000283
379.607000000000296
383.478000000000299
384.051000000000299
384.4140000000003
386.742000000000302
391.930000000000306
392.116000000000307
392.534000000000307
392.894000000000307
394.000000000000308
394.253000000000308
405.591000000000319
405.759000000000319
406.98800000000032
407.64600000000032
407.856000000000321
414.066000000000326
414.271000000000326
414.802000000000327
415.123000000000327
415.583000000000327
420.946000000000332
421.310000000000333
422.491000000000334
424.196000000000335
424.482000000000335
432.577000000000343
432.850000000000343
433.050000000000343
433.378000000000343
433.860000000000344
438.678000000000348
438.889000000000348
439.059000000000348
439.859000000000349
440.044000000000349
441.630000000000351
441.963000000000351
442.282000000000351
446.142000000000355
446.336000000000355
447.292000000000356
447.601000000000356
447.941000000000356
448.196000000000356
448.975000000000357
449.608000000000358
453.092000000000361
453.425000000000361
453.699000000000361
454.798000000000362
454.957000000000362
455.146000000000363
455.402000000000363
457.139000000000364
457.666000000000365
460.826000000000368
461.046000000000368
461.595000000000368
461.939000000000369
462.103000000000369
462.619000000000369
462.98000000000037
463.59600000000037
463.80400000000037
465.214000000000372
466.360000000000373
473.210000000000379
497.3710000000004
497.7400000000004
499.211000000000402
499.776000000000402
504.844000000000407
505.331000000000407
505.533000000000407
506.070000000000408
506.604000000000408
507.99200000000041
508.17800000000041
513.569000000000414
513.751000000000415
514.211000000000415
515.504000000000416
517.045000000000418
523.996000000000424
524.389000000000424
524.839000000000424
525.251000000000425
525.738000000000425
529.015000000000428
529.651000000000429
529.861000000000429
530.60700000000043
530.91200000000043
531.777000000000431
532.054000000000431
532.973000000000432
533.241000000000432
534.372000000000433
552.248000000000449
552.499000000000449
552.864000000000449
553.29000000000045
554.290000000000451
560.310000000000456
560.500000000000456
560.835000000000456
561.787000000000457
562.057000000000458
567.611000000000462
567.967000000000463
570.600000000000465
571.081000000000466
571.314000000000466
579.618000000000473
580.096000000000474
581.187000000000474
582.228000000000475
582.726000000000476
588.623000000000481
589.008000000000481
590.209000000000482
590.546000000000483
590.819000000000483
594.774000000000487
620.57300000000051
620.96000000000051
621.35500000000051
622.153000000000511
622.833000000000512
627.233000000000515
627.405000000000516
627.752000000000516
629.115000000000517
629.250000000000517
629.824000000000518
630.312000000000518
630.719000000000518
635.723000000000523
635.926000000000523
636.244000000000523
636.743000000000524
638.567000000000526
638.765000000000526
642.908000000000529
643.12500000000053
643.66500000000053
643.94000000000053
644.629000000000531
646.004000000000532
646.381000000000532
647.059000000000533
647.872000000000534
652.277000000000538
652.520000000000538
653.186000000000538
653.529000000000539
655.27300000000054
655.37300000000054
655.940000000000541
659.031000000000544
660.434000000000545
660.826000000000545
661.956000000000546
663.551000000000548
664.069000000000548
664.892000000000549
666.02700000000055
669.739000000000553
671.282000000000554
671.536000000000555
672.258000000000555
672.579000000000556
673.029000000000556
682.687000000000565
683.460000000000565
683.658000000000566
684.040000000000566
689.818000000000571
689.964000000000571
694.773000000000575
694.972000000000576
696.530000000000577
696.753000000000577
697.611000000000578
698.022000000000578
698.739000000000579
701.952000000000582
702.236000000000582
704.075000000000584
704.347000000000584
705.284000000000585
706.248000000000586
706.722000000000586
706.897000000000586
712.094000000000591
713.759000000000592
714.114000000000593
714.515000000000593
836.073000000000701
841.544000000000706
841.902000000000706
842.238000000000706
842.502000000000707
843.876000000000708
850.686000000000714
851.137000000000714
852.219000000000715
852.432000000000715
852.734000000000716
859.517000000000722
859.782000000000722
860.261000000000722
889.633000000000748
890.120000000000749
896.869000000000755
897.559000000000756
897.993000000000756
899.296000000000757
899.722000000000757
905.682000000000763
908.310000000000765
908.547000000000765
909.199000000000766
909.558000000000766
916.382000000000772
916.790000000000773
917.108000000000773
917.653000000000773
918.155000000000774
1028.04200000000087
1030.10200000000087
1031.13900000000087
1032.35200000000088
1033.68700000000088
1039.77500000000088
1040.30200000000088
1041.26700000000088
1042.12000000000088
1044.03900000000089
1050.89900000000089
1051.19200000000089
1402.8500000000012
1403.3900000000012
1404.70900000000121
1413.03600000000121
1413.84900000000121
1414.51400000000121
1415.37500000000122
1415.79100000000122
1425.91300000000122
1428.58900000000123
1428.82400000000123
1429.07400000000123
1429.38100000000123
1440.16200000000124
1440.62500000000124
1441.40000000000124
1442.62400000000124
1443.45600000000124
1451.70600000000125
1451.86500000000125
1452.54400000000125
1452.96500000000125
1453.54200000000125
1458.55200000000125
1458.75700000000125
1461.80200000000126
1462.02300000000126
1462.32200000000126
1462.63300000000126
1462.91700000000126
1467.63600000000126
1471.10600000000126
1471.33800000000126
1471.53200000000127
1471.75100000000127
1471.96300000000127
1482.41700000000127
1482.59000000000128
1482.82400000000128
1483.02800000000128
1483.17700000000128
1496.86200000000129
1497.11200000000129
1497.44600000000129
1498.81100000000129
1499.00900000000129
1508.3630000000013
1508.7430000000013
1509.0890000000013
1509.7010000000013
1510.3790000000013
1544.11600000000133
1544.40400000000133
1545.40900000000133
1546.11400000000133
1546.58900000000133
1551.01000000000134
1551.22900000000134
1551.45100000000134
1551.78000000000134
1552.15500000000134
1552.59700000000134
1552.99600000000134
1553.25600000000134
1553.42200000000134
1927.05700000000167
1927.73200000000167
1928.85300000000167
1929.34300000000167
1930.07500000000167
2094.0619999999967
2096.40799999999645
2097.17699999999636
2097.83099999999629
2098.15699999999625
2100.05399999999604
2100.471999999996
2105.45599999999545
2105.75799999999542
2105.9399999999954
2106.7729999999953
2109.502999999995
77
-1
11.56400000000000023
31.681999999999987
40.7019999999999945
72.1090000000000224
80.0940000000000295
103.9610000000000507
111.5520000000000574
119.8540000000000648
151.232000000000093
158.9120000000001
177.291000000000116
185.350000000000123
194.920000000000131
237.465000000000169
245.043000000000176
256.348000000000186
264.776000000000194
273.453000000000201
309.306000000000233
317.26900000000024
333.034000000000254
340.875000000000261
365.510000000000283
386.742000000000302
394.253000000000308
407.856000000000321
415.583000000000327
424.482000000000335
433.860000000000344
442.282000000000351
449.608000000000358
457.666000000000365
466.360000000000373
499.776000000000402
507.99200000000041
517.045000000000418
525.738000000000425
534.372000000000433
554.290000000000451
562.057000000000458
571.314000000000466
582.726000000000476
590.819000000000483
622.833000000000512
630.719000000000518
638.765000000000526
647.872000000000534
655.940000000000541
666.02700000000055
673.029000000000556
689.818000000000571
698.739000000000579
706.722000000000586
836.073000000000701
843.876000000000708
852.734000000000716
890.120000000000749
899.722000000000757
909.558000000000766
918.155000000000774
1033.68700000000088
1044.03900000000089
1404.70900000000121
1415.79100000000122
1429.38100000000123
1443.45600000000124
1453.54200000000125
1462.63300000000126
1471.96300000000127
1483.17700000000128
1499.00900000000129
1510.3790000000013
1546.58900000000133
1553.42200000000134
1930.07500000000167
2098.15699999999625
2109.502999999995
5
0
5000
0
0
0
0
2700
99
0
0
0
0
0
0
2700.79599999992988
0
0
0
0
0
0
