3
26
19
3
26
19
PPR2.15
PR3_day2
0
1
12
20
24
13
06
01
23
3
.3
1
432
1
17
1
1
1
1
1
1
1
1
1
1
1
1
1
1
1
1
1
1
1
1
1
184
431
-1
20.2149999999999968
27.7159999999999904
28.3909999999999898
29.1379999999999892
29.8829999999999886
35.3439999999999897
36.9699999999999912
39.2249999999999932
39.9379999999999938
40.0589999999999939
40.6429999999999945
41.207999999999995
45.6999999999999989
48.011000000000001
48.6380000000000016
49.5380000000000024
50.8800000000000035
52.0950000000000046
52.6760000000000051
53.688000000000006
68.7390000000000194
72.782000000000023
73.0850000000000233
76.9450000000000267
80.8020000000000301
82.1390000000000313
83.4770000000000325
83.8300000000000328
84.1480000000000331
84.6620000000000336
85.203000000000034
87.2680000000000359
88.2590000000000367
88.9030000000000373
90.1940000000000385
91.0090000000000392
91.4870000000000396
96.5360000000000441
97.1520000000000446
119.1250000000000642
120.7650000000000656
121.5110000000000663
122.1320000000000668
124.2590000000000687
124.8370000000000692
125.1210000000000695
125.5890000000000699
125.8610000000000701
128.150000000000072
128.872000000000073
129.397000000000073
130.812000000000075
131.631000000000075
133.031000000000077
148.09300000000009
148.840000000000091
149.577000000000091
150.067000000000092
151.597000000000093
153.723000000000095
154.290000000000095
155.572000000000097
157.032000000000098
157.899000000000099
158.914000000000099
159.2490000000001
159.8240000000001
160.354000000000101
166.264000000000106
170.45900000000011
172.965000000000112
173.668000000000113
174.731000000000114
184.506000000000122
185.040000000000123
185.373000000000123
186.655000000000124
187.253000000000125
187.731000000000125
188.419000000000126
188.768000000000126
190.473000000000128
190.744000000000128
191.200000000000128
191.291000000000128
203.370000000000139
204.43900000000014
208.055000000000143
208.574000000000144
208.989000000000144
209.686000000000145
210.266000000000145
215.28500000000015
215.87300000000015
216.27900000000015
220.978000000000155
221.361000000000155
221.677000000000155
222.693000000000156
224.908000000000158
225.262000000000158
227.31000000000016
227.933000000000161
228.313000000000161
228.754000000000162
229.108000000000162
230.193000000000163
234.576000000000167
235.681000000000168
237.627000000000169
238.902000000000171
239.370000000000171
239.991000000000172
240.270000000000172
240.701000000000172
241.099000000000172
241.408000000000173
241.846000000000173
242.143000000000173
243.049000000000174
245.670000000000177
246.957000000000178
264.506000000000193
265.615000000000194
266.181000000000195
268.281000000000197
269.113000000000197
269.558000000000198
270.058000000000198
270.796000000000199
271.6270000000002
275.084000000000203
275.793000000000203
277.013000000000204
277.539000000000205
278.051000000000205
278.482000000000206
283.23800000000021
283.87000000000021
284.240000000000211
285.536000000000212
285.947000000000212
288.197000000000214
290.000000000000216
290.745000000000217
330.008000000000251
335.571000000000256
336.307000000000257
337.355000000000258
338.414000000000259
339.20000000000026
348.146000000000268
348.662000000000268
358.128000000000276
358.840000000000277
359.574000000000278
362.739000000000281
363.238000000000281
364.493000000000282
364.999000000000283
366.762000000000284
368.134000000000285
375.883000000000292
376.451000000000293
377.578000000000294
378.793000000000295
379.076000000000295
384.3180000000003
385.0940000000003
385.489000000000301
386.199000000000301
386.921000000000302
387.374000000000302
388.245000000000303
388.894000000000304
420.825000000000332
422.874000000000334
423.672000000000335
424.083000000000335
427.071000000000338
427.478000000000338
429.023000000000339
439.028000000000348
439.624000000000349
440.276000000000349
441.14000000000035
441.621000000000351
442.773000000000352
443.511000000000352
444.869000000000353
445.256000000000354
445.762000000000354
451.86700000000036
452.30900000000036
453.251000000000361
454.035000000000362
454.483000000000362
455.247000000000363
456.719000000000364
457.062000000000364
457.653000000000365
458.521000000000366
460.458000000000367
460.887000000000368
461.254000000000368
465.054000000000371
465.597000000000372
470.350000000000376
470.736000000000376
471.799000000000377
472.141000000000378
474.69400000000038
476.254000000000381
477.057000000000382
485.94200000000039
487.009000000000391
495.832000000000399
496.411000000000399
498.339000000000401
498.849000000000401
499.341000000000402
499.697000000000402
500.315000000000403
501.309000000000404
501.656000000000404
501.905000000000404
502.548000000000405
502.663000000000405
503.423000000000405
503.845000000000406
504.873000000000407
505.427000000000407
508.02400000000041
509.06000000000041
509.910000000000411
512.079000000000413
512.534000000000414
512.978000000000414
514.856000000000416
515.749000000000416
516.084000000000417
517.323000000000418
518.072000000000418
518.584000000000419
521.166000000000421
521.533000000000422
526.239000000000426
526.664000000000426
527.787000000000427
528.885000000000428
529.532000000000429
532.613000000000431
533.045000000000432
543.003000000000441
544.859000000000442
545.345000000000443
545.716000000000443
546.441000000000444
551.787000000000448
552.150000000000449
553.13700000000045
553.94600000000045
555.287000000000452
557.503000000000454
579.555000000000473
581.879000000000475
582.978000000000476
583.754000000000477
584.864000000000478
585.289000000000478
586.191000000000479
586.567000000000479
586.89100000000048
589.204000000000482
590.915000000000483
593.458000000000485
594.326000000000486
594.858000000000487
597.157000000000489
597.718000000000489
601.878000000000493
608.609000000000499
609.018000000000499
609.5090000000005
610.1640000000005
612.247000000000502
612.788000000000503
613.332000000000503
613.828000000000504
642.013000000000528
644.810000000000531
648.758000000000534
649.209000000000535
658.383000000000543
658.923000000000544
660.142000000000545
660.560000000000545
661.000000000000545
661.792000000000546
680.125000000000562
680.514000000000563
681.964000000000564
682.874000000000565
683.274000000000565
687.479000000000569
688.032000000000569
688.48100000000057
693.449000000000574
695.626000000000576
696.128000000000577
696.839000000000577
697.177000000000578
697.774000000000578
699.093000000000579
699.47000000000058
700.00100000000058
700.43000000000058
701.706000000000582
707.187000000000586
708.586000000000588
709.124000000000588
709.828000000000589
710.514000000000589
710.83300000000059
712.182000000000591
712.686000000000591
713.454000000000592
713.820000000000592
714.324000000000593
715.073000000000593
718.279000000000596
718.610000000000597
720.108000000000598
720.481000000000598
721.169000000000599
721.424000000000599
722.5750000000006
726.846000000000604
728.062000000000605
729.423000000000606
730.146000000000607
732.947000000000609
734.31000000000061
734.809000000000611
736.393000000000612
736.586000000000612
736.940000000000613
741.190000000000617
741.808000000000617
742.559000000000618
746.056000000000621
748.753000000000623
750.080000000000625
751.196000000000626
754.019000000000628
757.285000000000631
758.497000000000632
759.586000000000633
760.100000000000633
760.609000000000634
762.645000000000636
762.891000000000636
763.195000000000636
807.300000000000675
810.961000000000679
811.283000000000679
812.91600000000068
814.627000000000682
815.978000000000683
816.481000000000684
820.528000000000687
820.931000000000687
821.909000000000688
824.12400000000069
824.512000000000691
825.408000000000691
826.003000000000692
827.529000000000693
827.897000000000694
828.714000000000694
829.973000000000695
831.173000000000696
839.337000000000704
839.937000000000704
847.343000000000711
847.706000000000711
848.858000000000712
849.147000000000712
855.423000000000718
855.823000000000718
855.963000000000719
856.459000000000719
871.560000000000732
872.122000000000733
872.628000000000733
876.359000000000737
876.935000000000737
879.001000000000739
880.03100000000074
882.093000000000742
882.520000000000742
883.123000000000743
883.732000000000743
888.455000000000747
889.008000000000748
890.105000000000749
890.82400000000075
891.29500000000075
891.64300000000075
893.145000000000752
899.002000000000757
900.919000000000758
901.518000000000759
903.15600000000076
903.731000000000761
908.485000000000765
909.175000000000766
909.756000000000766
913.82500000000077
915.304000000000771
915.614000000000772
916.081000000000772
921.403000000000777
938.925000000000792
939.348000000000793
940.377000000000794
943.702000000000796
944.145000000000797
945.032000000000798
945.566000000000798
946.985000000000799
16
-1
20.2159999999999968
29.8839999999999886
41.208999999999995
73.0860000000000233
91.4880000000000396
133.032000000000077
174.732000000000114
216.28000000000015
246.958000000000178
338.415000000000259
429.024000000000339
487.010000000000391
533.046000000000432
649.210000000000535
721.425000000000599
839.338000000000704
0
0
5000
0
0
0
0
7200
0
0
0
0
0
17
0
2639.43899999993664
1800.00000000000156
1800
0
49
0
1
4
7
10
13
16
19
22
25
28
31
34
37
40
43
46
49
52
55
58
61
64
67
70
73
76
79
82
85
88
91
94
97
100
103
106
109
112
115
118
121
124
127
130
133
136
139
142
145
148
151
154
157
160
163
166
169
172
175
178
181
184
187
190
193
196
199
202
205
208
211
214
217
220
223
226
229
232
235
238
241
244
247
250
253
256
259
262
265
268
271
274
277
280
283
286
289
292
295
298
301
304
307
310
313
316
319
322
325
328
331
334
337
340
343
346
349
352
355
358
361
364
367
370
373
376
379
382
385
388
391
394
397
400
403
406
409
412
415
418
421
424
427
430
433
436
439
442
445
448
451
454
457
460
463
466
469
472
475
478
481
484
487
490
493
496
499
502
505
508
511
514
517
520
523
526
529
532
535
538
541
544
547
550
