3
23
19
3
23
19
PPR2.10
FR5_day4
0
2
9
17
42
10
06
10
24
2
.3
1
136
1
25
1
1
1
1
1
1
1
1
1
1
1
1
1
1
1
1
1
1
1
1
1
1
135
-1
5.15500000000000009
5.94000000000000011
13.33200000000000026
135.317000000000079
138.089000000000081
138.642000000000081
145.789000000000088
146.463000000000088
147.077000000000089
148.62100000000009
150.178000000000092
151.141000000000093
160.643000000000101
163.442000000000104
164.164000000000104
164.632000000000105
166.912000000000107
167.479000000000107
168.150000000000108
174.368000000000113
175.137000000000114
176.893000000000115
177.267000000000116
178.065000000000116
191.122000000000128
192.070000000000129
193.00800000000013
195.325000000000132
195.949000000000132
197.016000000000133
204.09600000000014
204.97500000000014
205.513000000000141
206.783000000000142
209.143000000000144
209.838000000000145
217.749000000000152
222.601000000000156
223.667000000000157
226.320000000000159
226.99200000000016
239.909000000000171
241.521000000000173
242.666000000000174
245.214000000000176
246.107000000000177
252.450000000000183
254.359000000000184
254.662000000000185
256.337000000000186
257.568000000000187
258.070000000000188
267.461000000000196
269.995000000000198
270.908000000000199
271.7080000000002
276.393000000000204
282.475000000000209
283.53300000000021
284.994000000000211
288.361000000000214
293.421000000000219
294.94100000000022
329.519000000000251
418.46400000000033
423.191000000000334
427.531000000000338
434.725000000000344
446.423000000000355
447.010000000000355
449.977000000000358
450.897000000000359
453.034000000000361
465.220000000000372
467.535000000000374
470.400000000000376
478.605000000000383
481.414000000000386
482.059000000000386
496.051000000000399
496.9770000000004
499.897000000000402
501.280000000000404
501.905000000000404
503.632000000000406
592.320000000000484
594.960000000000487
598.12800000000049
598.76000000000049
599.229000000000491
612.925000000000503
614.908000000000504
618.852000000000508
619.415000000000508
622.338000000000511
679.515000000000562
681.613000000000564
682.861000000000565
683.388000000000565
685.990000000000568
686.663000000000568
693.114000000000574
694.398000000000575
697.019000000000577
698.281000000000578
698.763000000000579
705.355000000000585
707.568000000000587
710.92500000000059
711.60900000000059
713.083000000000592
713.788000000000592
724.559000000000602
725.506000000000603
727.973000000000605
732.466000000000609
735.102000000000611
735.845000000000612
744.79300000000062
750.497000000000625
752.345000000000626
758.733000000000632
759.317000000000633
776.927000000000648
777.740000000000649
778.47900000000065
779.406000000000651
782.312000000000653
791.165000000000661
792.660000000000662
793.138000000000663
793.808000000000663
796.210000000000666
807.203000000000675
808.332000000000676
24
-1
138.089000000000081
150.178000000000092
166.912000000000107
178.065000000000116
195.949000000000132
209.143000000000144
226.99200000000016
246.107000000000177
257.568000000000187
276.393000000000204
293.421000000000219
434.725000000000344
453.034000000000361
481.414000000000386
501.905000000000404
599.229000000000491
622.338000000000511
685.990000000000568
698.763000000000579
713.083000000000592
735.102000000000611
759.317000000000633
782.312000000000653
796.210000000000666
5
0
5000
0
0
0
0
2700
99
0
0
0
0
0
0
2700.79599999992988
0
0
0
0
0
0
