3
22
19
3
22
19
PPR2.13
FR5_day3
0
3
11
07
59
11
54
11
24
2
.3
1
533
1
82
1
1
1
1
1
1
1
1
1
1
1
1
1
1
1
1
1
1
1
1
1
1
532
-1
1.07000000000000001
1.70800000000000002
3.33200000000000006
3.45400000000000006
3.68200000000000006
6.50700000000000012
6.66200000000000013
6.85200000000000013
7.00300000000000013
41.6919999999999954
68.9540000000000196
69.0830000000000197
69.39900000000002
70.7460000000000212
91.2680000000000394
91.87900000000004
91.95900000000004
92.5770000000000406
93.4820000000000414
101.1630000000000482
101.3810000000000484
101.5870000000000486
101.8840000000000488
102.4370000000000493
117.7350000000000629
117.9710000000000631
118.7570000000000638
119.9810000000000649
120.2220000000000651
122.9070000000000675
123.0470000000000676
123.2330000000000678
124.0990000000000686
124.4090000000000688
124.6760000000000691
125.0310000000000694
125.4940000000000698
125.71100000000007
126.3300000000000706
126.6580000000000708
127.0550000000000712
127.2480000000000714
131.099000000000075
131.219000000000075
131.394000000000075
131.715000000000075
132.158000000000076
132.576000000000076
132.956000000000076
133.978000000000077
143.939000000000086
144.875000000000087
161.174000000000102
161.645000000000102
162.168000000000102
162.991000000000103
164.820000000000105
167.829000000000107
196.346000000000133
196.665000000000133
196.909000000000133
197.259000000000134
197.666000000000134
201.057000000000137
201.320000000000137
201.516000000000137
203.079000000000139
203.245000000000139
203.496000000000139
204.55000000000014
205.192000000000141
223.196000000000157
223.316000000000157
223.676000000000157
224.268000000000158
224.961000000000158
228.237000000000161
228.433000000000161
230.458000000000163
231.163000000000164
231.365000000000164
231.659000000000164
231.946000000000164
236.874000000000169
237.076000000000169
237.372000000000169
237.75800000000017
239.127000000000171
239.834000000000171
240.861000000000172
245.708000000000177
246.156000000000177
246.425000000000177
247.007000000000178
247.352000000000178
247.665000000000178
251.522000000000182
285.418000000000212
286.107000000000212
287.029000000000213
287.904000000000214
288.294000000000214
293.061000000000219
293.183000000000219
293.422000000000219
293.697000000000219
293.959000000000219
294.44100000000022
294.70100000000022
295.385000000000221
299.175000000000224
299.506000000000224
301.130000000000226
302.136000000000227
302.361000000000227
303.167000000000228
303.488000000000228
306.40100000000023
306.647000000000231
307.591000000000232
307.950000000000232
308.213000000000232
311.374000000000235
312.116000000000236
312.391000000000236
312.551000000000236
313.100000000000236
317.33700000000024
317.69100000000024
318.426000000000241
318.646000000000241
318.849000000000242
319.424000000000242
320.517000000000243
331.045000000000252
331.384000000000253
331.881000000000253
332.079000000000253
332.495000000000254
336.087000000000257
352.972000000000272
353.121000000000272
353.661000000000272
354.021000000000273
354.216000000000273
357.225000000000276
357.494000000000276
358.461000000000277
358.725000000000277
358.949000000000277
359.195000000000277
359.532000000000278
360.167000000000278
360.469000000000278
360.832000000000279
361.373000000000279
364.297000000000282
364.712000000000282
365.457000000000283
365.719000000000283
366.625000000000284
367.809000000000285
368.585000000000286
369.309000000000286
372.427000000000289
372.675000000000289
377.357000000000294
377.816000000000294
378.019000000000294
378.225000000000294
424.497000000000335
425.212000000000336
429.69400000000034
430.808000000000341
431.082000000000341
431.610000000000342
431.999000000000342
432.278000000000342
443.024000000000352
443.402000000000352
443.823000000000352
444.372000000000353
445.019000000000354
453.261000000000361
455.040000000000362
455.753000000000363
456.439000000000364
457.140000000000364
616.215000000000506
616.681000000000506
617.246000000000507
617.733000000000507
618.222000000000507
624.892000000000513
625.134000000000514
625.610000000000514
625.917000000000514
626.685000000000515
634.404000000000522
634.911000000000522
635.263000000000522
635.711000000000523
636.381000000000524
639.729000000000526
639.997000000000527
640.486000000000527
641.156000000000528
641.452000000000528
641.649000000000528
641.838000000000528
642.456000000000529
642.760000000000529
643.21500000000053
647.108000000000533
647.447000000000533
647.787000000000534
648.311000000000534
649.333000000000535
650.402000000000536
650.837000000000536
651.087000000000537
651.827000000000537
657.140000000000542
657.428000000000542
657.993000000000543
658.218000000000543
658.581000000000543
663.728000000000548
664.342000000000548
665.036000000000549
665.256000000000549
666.63500000000055
667.258000000000551
671.587000000000555
671.950000000000555
672.398000000000556
673.227000000000556
673.781000000000557
674.129000000000557
675.480000000000558
675.903000000000559
680.675000000000563
681.244000000000563
681.643000000000564
681.820000000000564
682.204000000000564
683.173000000000565
683.472000000000565
687.102000000000569
687.388000000000569
687.646000000000569
687.884000000000569
688.22100000000057
688.69900000000057
689.314000000000571
689.630000000000571
689.958000000000571
690.665000000000572
694.139000000000575
696.068000000000577
696.445000000000577
701.832000000000582
702.311000000000582
705.165000000000585
705.282000000000585
709.540000000000588
709.804000000000589
710.315000000000589
710.535000000000589
712.082000000000591
713.096000000000592
714.036000000000592
715.472000000000594
719.447000000000597
720.471000000000598
720.711000000000598
721.320000000000599
721.495000000000599
722.2780000000006
723.339000000000601
727.128000000000604
727.524000000000604
727.889000000000605
728.138000000000605
728.369000000000605
728.734000000000606
729.654000000000606
730.099000000000607
730.554000000000607
732.335000000000609
765.188000000000638
765.389000000000638
765.995000000000639
766.547000000000639
766.99200000000064
768.587000000000641
772.535000000000644
774.283000000000646
774.855000000000647
775.234000000000647
776.322000000000648
781.072000000000652
781.389000000000652
781.983000000000653
782.343000000000653
783.018000000000654
785.896000000000656
786.254000000000657
790.29200000000066
811.637000000000679
811.937000000000679
812.22600000000068
813.476000000000681
815.180000000000682
819.427000000000686
819.840000000000686
820.111000000000687
821.114000000000688
821.692000000000688
822.601000000000689
823.97600000000069
824.977000000000691
834.8280000000007
835.1280000000007
835.5620000000007
835.769000000000701
837.198000000000702
849.547000000000713
849.977000000000713
850.221000000000713
850.522000000000714
851.122000000000714
854.787000000000718
855.945000000000719
856.095000000000719
856.551000000000719
857.000000000000719
857.76100000000072
859.146000000000721
860.027000000000722
864.130000000000726
864.946000000000726
865.184000000000727
865.811000000000727
866.150000000000728
866.728000000000728
867.985000000000729
868.74100000000073
931.774000000000786
932.629000000000787
934.036000000000788
935.043000000000789
937.056000000000791
942.357000000000795
943.050000000000796
943.644000000000796
944.196000000000797
944.808000000000797
950.576000000000803
952.086000000000804
952.577000000000804
953.669000000000805
956.124000000000808
959.18000000000081
959.671000000000811
960.140000000000811
960.581000000000811
961.556000000000812
962.849000000000814
963.324000000000814
963.806000000000814
964.034000000000815
1073.47200000000091
1074.09200000000091
1074.82000000000091
1075.91700000000091
1076.27700000000091
1095.75200000000093
1095.98100000000093
1096.38900000000093
1096.65100000000093
1097.78200000000093
1102.74200000000094
1103.51700000000094
1104.30400000000094
1107.43100000000094
1107.81400000000094
1147.06100000000098
1152.47400000000098
1152.99100000000098
1153.26500000000098
1154.08400000000098
1155.78600000000098
1160.26100000000099
1160.69400000000099
1161.22200000000099
1161.57800000000099
1161.74700000000099
1162.51600000000099
1163.59700000000099
1168.278000000001
1169.253000000001
1169.655000000001
1169.949000000001
1171.021000000001
1172.649000000001
1266.49900000000108
1267.35100000000108
1267.62400000000108
1269.46500000000109
1270.56900000000109
1275.77400000000109
1276.00000000000109
1276.40900000000109
1277.95600000000109
1278.67900000000109
1341.39200000000115
1347.46300000000116
1348.95600000000116
1350.99400000000116
1352.18100000000116
1354.05000000000116
1356.60600000000116
1356.98100000000116
1357.90000000000116
1359.00900000000117
1359.57400000000117
1360.41100000000117
1361.10000000000117
1361.41400000000117
1362.60000000000117
1393.7640000000012
1394.4160000000012
1395.0780000000012
1395.7650000000012
1396.2320000000012
1404.19000000000121
1405.73600000000121
1406.32100000000121
1407.29400000000121
1408.38300000000121
1415.03300000000122
1415.36400000000122
1416.35600000000122
1416.48400000000122
1417.01600000000122
1421.20500000000122
1423.69800000000122
1423.90300000000122
1424.93900000000122
1426.35500000000123
1427.63500000000123
1430.36600000000123
1430.89500000000123
1431.72100000000123
1433.02200000000123
1435.42800000000123
1435.92800000000123
1436.49600000000123
1437.15500000000123
1443.44700000000124
1443.89700000000124
1444.27300000000124
1444.58900000000124
1445.04900000000124
1445.43500000000124
1450.10500000000125
1450.36900000000125
1450.74300000000125
1451.07800000000125
1451.74000000000125
1452.69000000000125
1457.18700000000125
1457.89900000000125
1459.31300000000125
1459.87500000000125
1460.35900000000126
1460.76400000000126
1529.27400000000132
1529.60900000000132
1529.92000000000132
1530.57100000000132
1531.67600000000132
1538.54400000000132
1538.77200000000132
1539.29300000000133
1539.60800000000133
1539.84800000000133
1545.49600000000133
1547.35900000000133
1547.52900000000133
1548.23900000000133
1548.83100000000133
1556.01200000000134
1556.33700000000134
1556.80400000000134
1557.15800000000134
1558.30000000000134
1562.80200000000135
1563.26800000000135
1563.88100000000135
1564.15600000000135
1564.53300000000135
1564.84500000000135
1565.67800000000135
1679.43400000000145
1679.74400000000145
1680.19800000000145
1681.00000000000145
1682.23000000000145
1686.68800000000146
1687.25700000000146
1690.82600000000146
1691.49300000000146
1692.22500000000146
1693.55200000000146
1694.21500000000146
2206.58599999998431
2208.62999999998409
2208.89799999998406
2209.438999999984
2209.69499999998397
2209.94999999998394
2210.62199999998387
2215.50299999998333
2215.7589999999833
2218.68999999998298
2219.15699999998293
2220.91599999998273
2221.32899999998269
2224.62199999998233
2224.8469999999823
81
-1
3.68200000000000006
70.7460000000000212
93.4820000000000414
102.4370000000000493
120.2220000000000651
127.0550000000000712
144.875000000000087
164.820000000000105
197.666000000000134
205.192000000000141
224.961000000000158
231.946000000000164
240.861000000000172
247.665000000000178
288.294000000000214
295.385000000000221
303.488000000000228
313.100000000000236
320.517000000000243
332.495000000000254
354.216000000000273
361.373000000000279
372.427000000000289
425.212000000000336
432.278000000000342
445.019000000000354
457.140000000000364
618.222000000000507
626.685000000000515
636.381000000000524
643.21500000000053
651.827000000000537
658.581000000000543
667.258000000000551
675.903000000000559
683.173000000000565
690.665000000000572
705.165000000000585
715.472000000000594
723.339000000000601
732.335000000000609
766.99200000000064
776.322000000000648
786.254000000000657
815.180000000000682
824.977000000000691
837.198000000000702
851.122000000000714
860.027000000000722
868.74100000000073
937.056000000000791
944.808000000000797
956.124000000000808
964.034000000000815
1076.27700000000091
1097.78200000000093
1147.06100000000098
1155.78600000000098
1163.59700000000099
1172.649000000001
1270.56900000000109
1341.39200000000115
1354.05000000000116
1362.60000000000117
1396.2320000000012
1408.38300000000121
1417.01600000000122
1427.63500000000123
1437.15500000000123
1445.04900000000124
1452.69000000000125
1460.76400000000126
1531.67600000000132
1539.84800000000133
1548.83100000000133
1558.30000000000134
1565.67800000000135
1682.23000000000145
1694.21500000000146
2209.69499999998397
2220.91599999998273
5
0
5000
0
0
0
0
2700
99
0
0
0
0
0
0
2700.79599999992988
0
0
0
0
0
0
