3
29
19
3
29
19
PPR2.11
PR3_day5
0
3
10
29
04
11
19
13
23
3
.3
1
134
1
10
1
1
1
1
1
1
1
1
1
1
1
1
1
1
1
1
1
1
1
1
1
184
133
-1
170.60300000000011
179.880000000000118
182.842000000000121
192.171000000000129
195.305000000000132
195.597000000000132
207.972000000000143
213.927000000000148
215.165000000000149
218.213000000000152
219.837000000000154
220.722000000000154
221.316000000000155
222.000000000000156
228.338000000000161
231.792000000000164
233.795000000000166
237.297000000000169
238.13400000000017
244.484000000000176
245.556000000000176
248.869000000000179
250.09300000000018
252.160000000000182
262.891000000000192
263.425000000000192
264.281000000000193
268.875000000000197
271.060000000000199
271.451000000000199
272.4660000000002
274.427000000000202
276.601000000000204
277.518000000000205
279.678000000000207
280.143000000000207
280.651000000000208
289.658000000000216
290.885000000000217
296.023000000000221
499.207000000000402
501.262000000000404
504.235000000000406
514.893000000000416
515.917000000000417
517.184000000000418
517.912000000000418
519.43100000000042
520.35100000000042
522.790000000000423
526.215000000000426
529.000000000000428
529.715000000000429
536.635000000000435
538.414000000000436
540.154000000000438
545.968000000000443
548.382000000000445
549.464000000000446
552.574000000000449
556.001000000000452
560.773000000000456
562.873000000000458
567.845000000000463
568.987000000000464
570.704000000000465
572.604000000000467
574.258000000000468
575.434000000000469
580.652000000000474
582.063000000000475
588.712000000000481
598.78600000000049
600.243000000000491
601.257000000000492
603.965000000000495
604.440000000000495
606.110000000000497
607.231000000000498
608.816000000000499
610.625000000000501
611.633000000000502
614.928000000000504
616.508000000000506
617.706000000000507
621.02000000000051
624.917000000000513
627.507000000000516
627.853000000000516
629.571000000000518
630.117000000000518
637.081000000000524
637.679000000000525
639.477000000000526
659.543000000000544
664.944000000000549
666.37200000000055
673.150000000000556
895.917000000000754
899.599000000000757
903.572000000000761
910.331000000000767
959.648000000000811
963.641000000000814
973.127000000000823
974.437000000000824
978.119000000000827
979.690000000000828
985.639000000000834
990.594000000000838
992.92400000000084
994.888000000000842
1008.033000000000854
1008.329000000000854
1010.993000000000856
1015.57400000000086
1015.971000000000861
1018.067000000000863
1026.66800000000087
1038.17600000000088
1044.12300000000089
1047.91300000000089
1049.95500000000089
1051.92200000000089
1055.3020000000009
1060.9620000000009
1061.8670000000009
1071.19600000000091
1082.10200000000092
1083.08100000000092
1088.32000000000092
1089.33400000000093
1094.68500000000093
9
-1
170.60400000000011
195.306000000000132
221.317000000000155
252.161000000000182
280.652000000000208
529.716000000000429
588.713000000000481
639.478000000000526
1026.66900000000087
0
0
5000
0
0
0
0
7200
0
0
0
0
0
10
0
2826.76999999991601
1800.00000000000156
1800
0
28
0
1
4
7
10
13
16
19
22
25
28
31
34
37
40
43
46
49
52
55
58
61
64
67
70
73
76
79
82
85
88
91
94
97
100
103
106
109
112
115
118
121
124
127
130
133
136
139
142
145
148
151
154
157
160
163
166
169
172
175
178
181
184
187
190
193
196
199
202
205
208
211
214
217
220
223
226
229
232
235
238
241
244
247
250
253
256
259
262
265
268
271
274
277
280
283
286
289
292
295
298
301
304
307
310
313
316
319
322
325
328
331
334
337
340
343
346
349
352
355
358
361
364
367
370
373
376
379
382
385
388
391
394
397
400
403
406
409
412
415
418
421
424
427
430
433
436
439
442
445
448
451
454
457
460
463
466
469
472
475
478
481
484
487
490
493
496
499
502
505
508
511
514
517
520
523
526
529
532
535
538
541
544
547
550
