3
22
19
3
22
19
PPR2.16
FR5_day3
0
2
11
07
55
11
55
28
24
2
.3
1
156
1
30
1
1
1
1
1
1
1
1
1
1
1
1
1
1
1
1
1
1
1
1
1
1
155
-1
24.8539999999999928
26.7719999999999912
27.3739999999999907
27.9969999999999902
28.7899999999999895
35.9909999999999903
39.7619999999999937
40.4719999999999943
43.7689999999999972
43.9709999999999974
44.2769999999999977
58.0020000000000099
58.7670000000000106
59.1120000000000109
59.4000000000000111
59.9540000000000116
68.265000000000019
68.5560000000000192
69.3200000000000199
70.3990000000000209
72.3050000000000226
72.802000000000023
81.5840000000000308
85.4050000000000342
85.9460000000000347
86.329000000000035
86.6020000000000353
86.8050000000000354
87.0640000000000357
93.4610000000000414
96.0460000000000437
96.3570000000000439
97.581000000000045
99.4400000000000467
104.2510000000000509
105.1910000000000518
105.7090000000000522
107.5150000000000538
109.926000000000056
110.6670000000000566
111.017000000000057
119.4660000000000645
120.5430000000000654
124.4000000000000688
124.9230000000000693
126.2020000000000704
135.216000000000078
135.892000000000079
136.42700000000008
137.51800000000008
138.048000000000081
178.492000000000117
179.432000000000118
179.960000000000118
184.479000000000122
186.014000000000124
193.11400000000013
193.52200000000013
194.660000000000131
195.875000000000132
196.124000000000133
196.913000000000133
204.53200000000014
206.167000000000141
207.438000000000143
207.996000000000143
208.656000000000144
217.853000000000152
218.284000000000152
218.619000000000153
218.889000000000153
219.526000000000153
229.343000000000162
230.413000000000163
231.069000000000164
232.254000000000165
233.087000000000165
257.738000000000187
258.885000000000188
260.35300000000019
260.62900000000019
260.92500000000019
274.158000000000202
276.224000000000204
276.727000000000204
276.976000000000204
277.937000000000205
288.345000000000214
288.630000000000215
289.857000000000216
290.298000000000216
291.328000000000217
428.319000000000339
429.013000000000339
429.88500000000034
458.250000000000365
462.383000000000369
462.678000000000369
470.623000000000376
471.851000000000377
472.665000000000378
473.163000000000379
473.765000000000379
492.693000000000396
494.022000000000397
494.648000000000398
497.1330000000004
497.4890000000004
507.719000000000409
508.29700000000041
508.69300000000041
512.036000000000413
512.795000000000414
522.573000000000422
523.162000000000423
523.657000000000423
524.284000000000424
525.114000000000425
535.275000000000434
536.006000000000434
536.859000000000435
539.016000000000437
541.091000000000439
557.410000000000453
559.152000000000455
559.606000000000455
563.796000000000459
564.106000000000459
571.732000000000466
572.513000000000467
572.801000000000467
574.030000000000468
574.449000000000469
594.316000000000486
595.453000000000487
595.900000000000488
596.823000000000488
600.606000000000492
615.382000000000505
616.619000000000506
617.423000000000507
618.931000000000508
620.58600000000051
629.012000000000517
629.283000000000517
629.997000000000518
631.385000000000519
631.768000000000519
1040.70700000000088
1041.32600000000088
1042.61500000000088
1043.26700000000088
1045.62600000000089
1104.80000000000094
1304.09000000000112
29
-1
28.7899999999999895
43.9709999999999974
59.9540000000000116
72.3050000000000226
86.6020000000000353
99.4400000000000467
110.6670000000000566
126.2020000000000704
138.048000000000081
186.014000000000124
196.124000000000133
208.656000000000144
219.526000000000153
233.087000000000165
260.92500000000019
277.937000000000205
291.328000000000217
462.383000000000369
473.765000000000379
497.4890000000004
512.795000000000414
525.114000000000425
541.091000000000439
564.106000000000459
574.449000000000469
600.606000000000492
620.58600000000051
631.768000000000519
1045.62600000000089
5
0
5000
0
0
0
0
2700
99
0
0
0
0
0
0
2700.79599999992988
0
0
0
0
0
0
