3
22
19
3
22
19
PPR2.14
FR5_day3
0
4
11
08
02
11
54
45
24
2
.3
1
245
1
46
1
1
1
1
1
1
1
1
1
1
1
1
1
1
1
1
1
1
1
1
1
1
244
-1
36.2439999999999905
37.7019999999999918
38.8119999999999928
39.8249999999999937
41.0499999999999948
60.9580000000000125
65.8980000000000169
66.4140000000000173
93.8200000000000417
98.1240000000000455
100.7950000000000479
101.1820000000000482
101.9900000000000489
102.8900000000000497
103.3630000000000502
105.1980000000000518
106.0000000000000525
106.9200000000000533
108.9560000000000551
110.6760000000000566
111.9220000000000578
127.988000000000072
135.626000000000079
135.872000000000079
154.624000000000096
156.044000000000097
162.955000000000103
163.668000000000104
166.124000000000106
166.867000000000107
168.039000000000108
195.448000000000132
196.588000000000133
198.305000000000134
199.494000000000136
203.077000000000139
204.65600000000014
208.657000000000144
219.597000000000153
221.484000000000155
225.675000000000159
226.362000000000159
231.592000000000164
232.065000000000164
232.484000000000165
258.213000000000188
260.43500000000019
265.577000000000194
266.353000000000195
267.361000000000196
267.865000000000196
268.078000000000196
270.117000000000198
276.687000000000204
277.645000000000205
277.936000000000205
278.305000000000206
278.973000000000206
288.370000000000214
288.933000000000215
290.294000000000216
291.449000000000217
292.314000000000218
307.678000000000232
310.658000000000234
311.695000000000235
312.230000000000236
312.625000000000236
319.458000000000242
320.823000000000243
323.115000000000245
323.548000000000246
326.071000000000248
334.642000000000256
337.160000000000258
337.914000000000258
339.047000000000259
339.50700000000026
356.897000000000275
357.520000000000276
358.507000000000277
358.729000000000277
430.02500000000034
437.894000000000347
438.332000000000348
442.002000000000351
443.300000000000352
450.483000000000358
462.321000000000369
463.79000000000037
464.366000000000371
464.864000000000371
466.793000000000373
476.419000000000382
476.899000000000382
478.040000000000383
478.493000000000383
479.517000000000384
485.065000000000389
485.60600000000039
491.550000000000395
493.116000000000396
496.421000000000399
506.026000000000408
506.702000000000408
507.99600000000041
510.126000000000411
511.873000000000413
516.870000000000417
517.583000000000418
519.088000000000419
560.172000000000456
561.145000000000457
563.121000000000458
582.357000000000476
583.024000000000476
584.053000000000477
585.155000000000478
586.80400000000048
598.76300000000049
599.802000000000491
602.741000000000494
603.304000000000494
605.445000000000496
612.839000000000503
614.360000000000504
615.618000000000505
618.094000000000507
620.473000000000509
631.475000000000519
640.202000000000527
642.213000000000529
643.25100000000053
645.005000000000531
646.314000000000532
647.122000000000533
651.854000000000537
653.677000000000539
662.348000000000547
664.661000000000549
665.67500000000055
674.246000000000557
675.194000000000558
677.24600000000056
679.020000000000561
682.980000000000565
701.583000000000581
702.366000000000582
703.283000000000583
720.059000000000598
720.809000000000598
730.609000000000607
731.706000000000608
732.415000000000609
733.37200000000061
734.751000000000611
741.396000000000617
741.898000000000617
742.446000000000618
745.31500000000062
750.225000000000625
751.871000000000626
757.768000000000631
758.249000000000632
759.697000000000633
760.732000000000634
762.573000000000636
766.99200000000064
771.337000000000643
772.243000000000644
917.529000000000773
917.799000000000774
918.586000000000774
925.50600000000078
926.018000000000781
927.855000000000782
928.627000000000783
942.674000000000796
952.468000000000804
961.595000000000812
962.843000000000814
963.545000000000814
968.177000000000818
977.397000000000826
978.015000000000827
978.620000000000828
979.165000000000828
979.942000000000829
997.360000000000844
997.845000000000845
999.431000000000846
1000.104000000000847
1002.946000000000849
1014.369000000000859
1015.39800000000086
1022.376000000000866
1023.606000000000867
1025.89000000000087
1032.56300000000088
1033.05400000000088
1033.97000000000088
1036.13500000000088
1036.84000000000088
1106.01400000000094
1106.71500000000094
1115.04700000000095
1116.58600000000095
1117.91900000000095
1127.38000000000096
1128.66900000000096
1130.08200000000096
1131.05700000000096
1131.95700000000096
1132.93700000000096
1135.04600000000097
1137.97100000000097
1138.20800000000097
1141.82300000000097
1142.22300000000097
1142.46000000000097
1154.40400000000098
1154.88200000000098
1155.41200000000098
1156.76100000000099
1158.46400000000099
1165.53200000000099
1168.112000000001
1170.221000000001
1170.983000000001
1172.036000000001
1182.33200000000101
1182.62100000000101
1183.03100000000101
1183.47200000000101
1187.89700000000101
1197.23700000000102
1197.71000000000102
1198.19000000000102
1200.04400000000102
1200.76600000000102
2366.35099999996672
2373.7259999999659
2377.73499999996546
2378.53799999996537
45
-1
41.0499999999999948
98.1240000000000455
108.9560000000000551
156.044000000000097
168.039000000000108
203.077000000000139
226.362000000000159
260.43500000000019
270.117000000000198
278.973000000000206
292.314000000000218
312.625000000000236
326.071000000000248
339.50700000000026
430.02500000000034
450.483000000000358
466.793000000000373
479.517000000000384
496.421000000000399
511.873000000000413
563.121000000000458
586.80400000000048
605.445000000000496
620.473000000000509
645.005000000000531
665.67500000000055
682.980000000000565
720.809000000000598
734.751000000000611
750.225000000000625
762.573000000000636
918.586000000000774
942.674000000000796
968.177000000000818
979.942000000000829
1002.946000000000849
1025.89000000000087
1036.84000000000088
1117.91900000000095
1131.95700000000096
1142.46000000000097
1158.46400000000099
1172.036000000001
1187.89700000000101
1200.76600000000102
5
0
5000
0
0
0
0
2700
99
0
0
0
0
0
0
2700.79599999992988
0
0
0
0
0
0
