3
25
19
3
25
19
PPR2.15
PR3_day1
0
1
12
43
18
13
41
36
23
3
.3
1
536
1
19
1
1
1
1
1
1
1
1
1
1
1
1
1
1
1
1
1
1
1
1
1
184
535
-1
22.3859999999999949
25.3779999999999924
27.5109999999999906
27.8679999999999903
28.1109999999999901
29.9019999999999886
41.287999999999995
42.1589999999999958
43.487999999999997
44.8049999999999982
47.0400000000000001
47.3100000000000004
47.4660000000000005
64.5160000000000156
65.1470000000000162
66.4750000000000174
68.8220000000000195
69.7730000000000203
72.9690000000000232
73.6610000000000238
74.1840000000000242
77.7390000000000274
79.2060000000000287
79.6170000000000291
80.4920000000000298
93.059000000000041
93.7630000000000416
96.460000000000044
97.2080000000000447
99.0900000000000464
100.0110000000000472
102.8930000000000497
103.6010000000000504
106.1380000000000526
106.2930000000000528
107.7730000000000541
108.3820000000000546
108.6820000000000549
110.7640000000000567
111.1870000000000571
112.6220000000000584
123.5270000000000681
123.8690000000000684
124.2570000000000687
124.636000000000069
125.1000000000000695
125.4180000000000698
126.7180000000000709
128.260000000000072
128.800000000000073
129.326000000000073
131.372000000000075
131.922000000000076
133.619000000000077
134.376000000000078
145.542000000000088
146.281000000000088
164.847000000000105
165.353000000000105
165.946000000000106
166.170000000000106
167.370000000000107
167.972000000000108
168.198000000000108
168.646000000000108
169.134000000000109
170.27700000000011
171.444000000000111
172.366000000000111
174.118000000000113
174.569000000000113
175.425000000000114
176.662000000000115
176.775000000000115
179.380000000000118
180.147000000000118
188.816000000000126
192.85600000000013
193.860000000000131
194.333000000000131
194.454000000000131
195.393000000000132
196.328000000000133
199.191000000000135
199.798000000000136
199.929000000000136
200.148000000000136
211.212000000000146
211.860000000000147
212.469000000000147
216.410000000000151
216.742000000000151
217.454000000000151
218.037000000000152
220.276000000000154
221.372000000000155
223.187000000000157
224.249000000000158
228.267000000000161
229.240000000000162
231.334000000000164
236.269000000000168
236.942000000000169
237.432000000000169
251.738000000000182
251.938000000000182
252.535000000000183
253.249000000000183
253.912000000000184
276.809000000000204
277.835000000000205
279.010000000000206
279.467000000000207
351.811000000000271
362.03200000000028
363.198000000000281
363.646000000000281
366.105000000000284
367.335000000000285
367.989000000000285
369.227000000000286
371.500000000000288
372.260000000000289
389.741000000000304
394.054000000000308
403.115000000000316
404.347000000000317
404.745000000000318
406.497000000000319
409.086000000000322
409.676000000000322
410.352000000000323
410.456000000000323
411.010000000000323
411.888000000000324
413.085000000000325
416.678000000000328
417.708000000000329
419.311000000000331
420.277000000000332
436.564000000000346
436.987000000000346
438.942000000000348
439.856000000000349
440.286000000000349
447.225000000000356
448.176000000000356
448.255000000000356
448.546000000000357
450.249000000000358
450.815000000000359
453.538000000000361
454.212000000000362
458.699000000000366
459.335000000000366
460.081000000000367
460.839000000000368
461.065000000000368
464.02500000000037
464.445000000000371
466.354000000000373
467.644000000000374
468.823000000000375
469.092000000000375
469.394000000000375
472.699000000000378
473.161000000000379
475.657000000000381
478.090000000000383
481.244000000000386
481.836000000000386
482.157000000000387
483.425000000000388
485.48500000000039
511.069000000000412
517.125000000000418
518.093000000000418
520.576000000000421
523.560000000000423
526.298000000000426
526.651000000000426
526.728000000000426
531.40000000000043
532.638000000000431
533.525000000000432
538.969000000000437
540.203000000000438
544.774000000000442
545.673000000000443
547.844000000000445
548.636000000000446
549.815000000000447
550.435000000000447
552.769000000000449
553.45700000000045
554.170000000000451
555.165000000000451
555.455000000000452
556.212000000000452
557.672000000000454
558.867000000000455
559.950000000000456
561.143000000000457
561.533000000000457
566.715000000000462
568.388000000000463
568.715000000000463
569.636000000000464
569.905000000000464
570.592000000000465
571.512000000000466
574.210000000000468
574.848000000000469
587.75500000000048
590.267000000000483
591.277000000000484
591.772000000000484
597.003000000000489
597.666000000000489
603.532000000000494
604.521000000000495
607.167000000000498
609.283000000000499
614.028000000000504
616.577000000000506
618.232000000000507
619.053000000000508
622.424000000000511
622.620000000000511
623.455000000000512
623.903000000000512
624.558000000000513
625.387000000000514
626.447000000000515
627.107000000000515
627.730000000000516
629.089000000000517
630.026000000000518
633.365000000000521
634.754000000000522
641.799000000000528
643.69900000000053
645.069000000000531
647.194000000000533
648.404000000000534
649.500000000000535
651.411000000000537
652.555000000000538
658.794000000000543
659.298000000000544
660.764000000000545
661.183000000000546
663.510000000000548
664.482000000000548
666.04300000000055
666.798000000000551
671.919000000000555
673.010000000000556
673.238000000000556
673.757000000000557
678.773000000000561
679.254000000000562
679.872000000000562
681.156000000000563
681.681000000000564
682.703000000000565
683.251000000000565
683.797000000000566
684.931000000000567
687.431000000000569
693.082000000000574
693.619000000000574
694.607000000000575
695.216000000000576
695.875000000000576
696.704000000000577
699.83000000000058
700.35000000000058
704.644000000000584
706.009000000000585
706.220000000000586
706.923000000000586
708.822000000000588
709.143000000000588
709.529000000000588
710.74100000000059
711.29800000000059
712.115000000000591
712.888000000000592
715.420000000000594
716.188000000000594
727.130000000000604
727.541000000000604
728.883000000000606
729.267000000000606
729.676000000000606
735.837000000000612
736.475000000000612
737.507000000000613
739.329000000000615
740.016000000000616
740.607000000000616
742.868000000000618
744.47600000000062
782.061000000000653
784.505000000000655
784.809000000000655
789.94000000000066
793.686000000000663
796.621000000000666
797.095000000000666
797.391000000000667
797.945000000000667
799.170000000000668
840.399000000000705
841.172000000000705
843.479000000000707
847.088000000000711
849.153000000000712
849.627000000000713
850.096000000000713
850.529000000000714
861.320000000000723
863.729000000000725
885.484000000000745
887.053000000000746
887.515000000000747
892.558000000000751
893.746000000000752
895.146000000000753
896.709000000000755
897.663000000000756
900.320000000000758
916.288000000000772
916.893000000000773
918.146000000000774
918.532000000000774
921.035000000000776
943.884000000000797
954.370000000000806
956.191000000000808
959.681000000000811
960.233000000000811
961.629000000000812
962.478000000000813
965.500000000000816
965.731000000000816
966.720000000000817
967.299000000000817
992.84900000000084
993.278000000000841
996.266000000000843
998.286000000000845
1002.757000000000849
1004.985000000000851
1006.313000000000852
1006.994000000000853
1008.122000000000854
1009.365000000000855
1009.961000000000855
1011.304000000000856
1047.40900000000089
1048.67400000000089
1049.65500000000089
1050.25300000000089
1052.45400000000089
1053.52500000000089
1053.94100000000089
1054.37900000000089
1055.1600000000009
1056.0550000000009
1056.8570000000009
1058.1580000000009
1061.9790000000009
1062.7240000000009
1063.9790000000009
1066.55700000000091
1067.36200000000091
1068.29700000000091
1069.20300000000091
1070.19400000000091
1077.37400000000092
1078.01000000000092
1095.03700000000093
1106.63500000000094
1114.00700000000095
1115.72400000000095
1118.04500000000095
1123.60300000000096
1125.84600000000096
1127.22200000000096
1128.15500000000096
1130.22000000000096
1130.69400000000096
1131.24300000000096
1132.12300000000096
1133.96600000000097
1135.76000000000097
1137.81100000000097
1138.48100000000097
1139.65700000000097
1140.61000000000097
1149.76400000000098
1157.39200000000099
1159.74700000000099
1160.80400000000099
1161.75300000000099
1170.323000000001
1170.674000000001
1171.603000000001
1172.435000000001
1172.896000000001
1173.786000000001
1174.528000000001
1175.420000000001
1175.945000000001
1176.291000000001
1176.887000000001
1177.392000000001
1187.70800000000101
1188.29800000000101
1189.71100000000101
1190.89500000000102
1191.62700000000102
1192.97100000000102
1193.85300000000102
1194.85000000000102
1195.49200000000102
1197.25700000000102
1197.57100000000102
1205.57100000000103
1206.17200000000103
1209.22200000000103
1209.79000000000103
1217.78000000000104
1218.18700000000104
1219.39500000000104
1227.75300000000105
1228.87700000000105
1229.34400000000105
1230.30000000000105
1231.19000000000105
1231.93700000000105
1233.03800000000105
1233.50700000000105
1234.74500000000105
1235.08200000000106
1235.76800000000106
1237.53300000000106
1239.34600000000106
1246.42800000000107
1249.75900000000107
1252.85800000000107
1253.96300000000107
1255.07400000000107
1281.2020000000011
1285.0270000000011
1286.3040000000011
1295.69300000000111
1313.47800000000112
1315.14000000000113
1316.45700000000113
1317.70300000000113
1318.54300000000113
1319.38900000000113
1325.80800000000114
1334.43800000000114
1337.20800000000115
1344.77400000000115
1475.58500000000127
1476.87100000000127
1581.67300000000136
1583.63600000000136
1585.80000000000137
1587.86100000000137
1589.19500000000137
1599.26700000000138
1616.26800000000139
1617.03400000000139
1617.8540000000014
1619.6330000000014
1620.0920000000014
1620.8330000000014
1623.7060000000014
1624.5590000000014
1626.4290000000014
1639.57400000000141
1640.72300000000142
1644.46000000000142
1645.50000000000142
1646.26900000000142
1647.88200000000142
1649.08400000000142
1650.91800000000142
1652.72900000000143
1660.43200000000143
1662.54400000000143
1662.98700000000144
1663.27900000000144
1663.42300000000144
1664.92600000000144
1668.08000000000144
1669.76200000000144
1673.51300000000144
1674.65400000000145
1675.16500000000145
1676.11100000000145
1676.90000000000145
1678.00400000000145
1679.98300000000145
1683.30900000000145
1685.61400000000146
1686.14000000000146
1687.89200000000146
1688.37400000000146
1688.65000000000146
1689.15300000000146
1692.02400000000146
1692.64300000000146
1693.22700000000146
1696.42000000000146
1698.76400000000147
1699.65800000000147
1703.24200000000147
1707.49900000000147
1708.52500000000148
1710.06200000000148
1711.19700000000148
1715.85200000000148
1716.28300000000148
1719.32300000000149
1719.95100000000149
1720.57300000000149
1724.16100000000149
1726.88300000000149
18
-1
22.3869999999999949
29.9029999999999886
47.4670000000000005
79.2070000000000287
108.6830000000000549
146.282000000000088
180.148000000000118
224.250000000000158
394.055000000000308
454.213000000000362
533.526000000000432
597.667000000000489
666.799000000000551
729.677000000000606
943.885000000000797
1106.63600000000094
1209.79100000000103
1626.4300000000014
0
0
5000
0
0
0
0
7200
0
0
0
0
0
19
0
3426.53099999984995
1800.00000000000156
1800
0
55
0
1
4
7
10
13
16
19
22
25
28
31
34
37
40
43
46
49
52
55
58
61
64
67
70
73
76
79
82
85
88
91
94
97
100
103
106
109
112
115
118
121
124
127
130
133
136
139
142
145
148
151
154
157
160
163
166
169
172
175
178
181
184
187
190
193
196
199
202
205
208
211
214
217
220
223
226
229
232
235
238
241
244
247
250
253
256
259
262
265
268
271
274
277
280
283
286
289
292
295
298
301
304
307
310
313
316
319
322
325
328
331
334
337
340
343
346
349
352
355
358
361
364
367
370
373
376
379
382
385
388
391
394
397
400
403
406
409
412
415
418
421
424
427
430
433
436
439
442
445
448
451
454
457
460
463
466
469
472
475
478
481
484
487
490
493
496
499
502
505
508
511
514
517
520
523
526
529
532
535
538
541
544
547
550
