3
18
19
3
18
19
PPR2.15
FR2_day4
0
1
11
04
36
11
50
54
24
2
.3
1
51
1
22
1
1
1
1
1
1
1
1
1
1
1
1
1
1
1
1
1
1
1
1
1
1
50
-1
27.8199999999999903
28.7469999999999895
29.0299999999999893
40.177999999999994
41.5699999999999953
52.6680000000000051
57.4660000000000094
154.841000000000096
159.2670000000001
170.82800000000011
171.989000000000111
203.470000000000139
204.34200000000014
228.281000000000161
229.351000000000162
234.249000000000166
237.83100000000017
240.442000000000172
247.906000000000179
248.067000000000179
248.285000000000179
248.434000000000179
304.929000000000229
305.46000000000023
504.699000000000407
538.176000000000436
557.639000000000454
559.043000000000455
567.349000000000462
568.292000000000463
571.171000000000466
596.409000000000488
601.909000000000493
622.762000000000511
624.140000000000513
871.503000000000732
874.985000000000735
875.601000000000736
897.154000000000755
897.801000000000756
898.193000000000756
948.867000000000801
956.985000000000808
1297.92900000000111
1298.71500000000111
1300.87100000000111
1317.31700000000113
1322.08700000000113
1379.70000000000118
1385.73600000000119
21
-1
28.7469999999999895
41.5699999999999953
57.4660000000000094
159.2670000000001
171.989000000000111
204.34200000000014
229.351000000000162
240.442000000000172
248.067000000000179
305.46000000000023
538.176000000000436
559.043000000000455
568.292000000000463
601.909000000000493
624.140000000000513
874.985000000000735
897.801000000000756
956.985000000000808
1298.71500000000111
1322.08700000000113
1385.73600000000119
2
0
5000
0
0
0
0
2700
99
0
0
0
0
0
0
2700.79599999992988
0
0
0
0
0
0
