3
25
19
3
25
19
PPR2.12
PR3_day1
0
4
11
22
17
12
45
29
23
3
.3
1
700
1
22
1
1
1
1
1
1
1
1
1
1
1
1
1
1
1
1
1
1
1
1
1
184
699
-1
25.8929999999999919
30.4059999999999881
31.690999999999987
32.0569999999999868
32.4609999999999872
34.6529999999999891
44.1229999999999975
44.4989999999999979
138.012000000000081
138.235000000000081
141.424000000000084
141.940000000000084
142.141000000000085
148.18000000000009
148.69400000000009
148.977000000000091
150.335000000000092
150.707000000000092
150.898000000000092
152.154000000000093
153.977000000000095
154.262000000000095
154.462000000000096
159.4650000000001
161.020000000000101
161.211000000000102
161.471000000000102
161.743000000000102
162.121000000000102
162.448000000000103
162.960000000000103
163.470000000000104
163.731000000000104
164.351000000000104
165.615000000000105
166.209000000000106
168.154000000000108
172.667000000000112
173.394000000000112
175.224000000000114
176.465000000000115
179.627000000000118
180.891000000000119
181.229000000000119
181.92500000000012
182.25000000000012
183.404000000000121
183.756000000000122
184.091000000000122
184.384000000000122
185.140000000000123
186.122000000000124
186.547000000000124
186.830000000000124
191.106000000000128
191.491000000000128
191.705000000000129
192.100000000000129
192.430000000000129
192.94200000000013
193.17800000000013
194.870000000000131
195.491000000000132
200.292000000000136
201.737000000000138
202.285000000000138
202.998000000000139
203.406000000000139
204.97200000000014
206.524000000000142
206.860000000000142
207.438000000000143
207.810000000000143
209.115000000000144
210.720000000000146
211.298000000000146
212.119000000000147
212.467000000000147
215.31300000000015
218.544000000000152
218.683000000000153
234.761000000000167
236.015000000000168
237.547000000000169
237.94200000000017
238.32000000000017
239.404000000000171
239.522000000000171
246.087000000000177
295.875000000000221
297.737000000000223
298.007000000000223
298.594000000000224
301.067000000000226
301.323000000000226
301.537000000000226
301.896000000000226
302.080000000000227
302.741000000000227
303.330000000000228
304.526000000000229
315.016000000000238
316.86800000000024
318.343000000000241
319.005000000000242
319.412000000000242
321.211000000000244
323.381000000000246
323.634000000000246
323.968000000000246
324.452000000000247
325.154000000000247
327.86300000000025
328.39100000000025
328.69200000000025
329.044000000000251
333.300000000000254
337.393000000000258
340.641000000000261
341.423000000000262
408.688000000000321
409.139000000000322
409.621000000000322
409.827000000000322
411.621000000000324
412.374000000000325
418.02100000000033
418.39900000000033
420.450000000000332
420.787000000000332
421.342000000000333
424.022000000000335
424.642000000000336
432.121000000000342
432.254000000000342
434.322000000000344
434.762000000000344
438.533000000000348
441.886000000000351
442.152000000000351
442.587000000000351
445.286000000000354
446.237000000000355
448.475000000000357
449.465000000000358
450.412000000000358
450.832000000000359
456.744000000000364
456.978000000000364
457.258000000000364
458.309000000000365
458.632000000000366
462.292000000000369
463.29800000000037
465.308000000000372
467.355000000000373
467.853000000000374
485.87800000000039
487.375000000000391
489.232000000000393
498.614000000000401
498.943000000000402
551.242000000000448
551.659000000000448
552.505000000000449
553.59200000000045
554.384000000000451
557.615000000000454
558.492000000000454
561.177000000000457
561.451000000000457
562.055000000000458
562.696000000000458
569.434000000000464
569.976000000000465
570.380000000000465
570.838000000000465
570.951000000000465
574.849000000000469
575.090000000000469
587.21600000000048
591.147000000000483
610.709000000000501
612.108000000000502
613.676000000000503
615.156000000000505
615.511000000000505
615.926000000000505
624.994000000000513
625.265000000000514
625.867000000000514
626.248000000000515
626.558000000000515
627.733000000000516
629.442000000000517
631.337000000000519
632.89600000000052
633.246000000000521
633.870000000000521
636.994000000000524
638.629000000000526
642.599000000000529
645.193000000000531
646.881000000000533
647.479000000000533
650.889000000000536
651.492000000000537
651.766000000000537
652.957000000000538
653.409000000000539
654.33800000000054
655.13000000000054
657.658000000000542
686.882000000000568
688.57500000000057
689.02400000000057
690.076000000000571
692.926000000000574
693.420000000000574
693.992000000000575
698.453000000000579
721.322000000000599
729.931000000000607
730.371000000000607
731.364000000000608
732.841000000000609
735.470000000000612
735.608000000000612
736.150000000000612
737.636000000000613
739.757000000000615
742.829000000000618
743.327000000000619
745.13400000000062
745.641000000000621
752.947000000000627
755.72500000000063
756.39400000000063
797.131000000000666
798.070000000000667
798.206000000000667
798.778000000000668
798.852000000000668
800.80100000000067
806.719000000000675
810.792000000000678
812.11700000000068
812.84800000000068
813.951000000000681
814.838000000000682
815.253000000000682
817.122000000000684
817.942000000000685
818.663000000000685
819.350000000000686
838.470000000000703
839.820000000000704
840.921000000000705
843.635000000000708
856.443000000000719
856.589000000000719
856.977000000000719
863.050000000000725
863.576000000000725
863.927000000000726
871.774000000000733
872.288000000000733
872.938000000000734
1007.504000000000853
1008.753000000000854
1011.291000000000856
1011.870000000000857
1012.601000000000858
1013.933000000000859
1015.15400000000086
1015.62500000000086
1016.155000000000861
1057.1570000000009
1058.3410000000009
1060.3860000000009
1060.6210000000009
1063.4060000000009
1063.7280000000009
1064.2340000000009
1065.2320000000009
1065.6290000000009
1071.10900000000091
1071.63800000000091
1074.12100000000091
1176.494000000001
1176.986000000001
1177.915000000001
1179.27400000000101
1179.86100000000101
1208.70500000000103
1209.81700000000103
1212.19800000000103
1212.83500000000104
1213.50400000000104
1223.82000000000105
1225.19700000000105
1225.81600000000105
1228.64900000000105
1229.12500000000105
1229.40300000000105
1230.17600000000105
1232.57300000000105
1233.51700000000105
1234.85200000000106
1237.92700000000106
1238.30600000000106
1239.52300000000106
1240.85900000000106
1241.28300000000106
1248.41700000000107
1248.87100000000107
1249.83600000000107
1250.33500000000107
1251.46800000000107
1253.47500000000107
1256.99400000000107
1257.49700000000108
1258.64700000000108
1273.61200000000109
1274.17100000000109
1275.14500000000109
1278.70500000000109
1279.47400000000109
1279.9300000000011
1282.9830000000011
1285.8380000000011
1286.1840000000011
1286.9430000000011
1287.3350000000011
1298.97700000000111
1300.43400000000111
1301.25000000000111
1303.88900000000112
1304.80300000000112
1306.35300000000112
1306.78800000000112
1308.23100000000112
1318.48400000000113
1319.17100000000113
1320.99500000000113
1321.11300000000113
1321.51000000000113
1323.02100000000113
1323.31600000000113
1326.60200000000114
1326.90100000000114
1329.21900000000114
1330.37200000000114
1331.75100000000114
1337.01000000000115
1337.75900000000115
1339.78800000000115
1340.20800000000115
1340.65700000000115
1341.22100000000115
1341.75100000000115
1353.63100000000116
1354.28400000000116
1354.73400000000116
1355.00800000000116
1359.79400000000117
1361.07800000000117
1363.46100000000117
1366.79100000000117
1370.30300000000118
1371.01100000000118
1372.45100000000118
1374.64300000000118
1375.76100000000118
1377.29200000000118
1378.07300000000118
1402.9410000000012
1403.3670000000012
1405.77000000000121
1406.72500000000121
1408.89700000000121
1409.42600000000121
1411.48500000000121
1411.96300000000121
1412.53800000000121
1413.50300000000121
1415.84200000000122
1418.39600000000122
1427.49800000000123
1429.18700000000123
1430.25900000000123
1432.51700000000123
1433.63900000000123
1435.70700000000123
1436.40600000000123
1437.25700000000123
1442.31900000000124
1443.01900000000124
1445.08800000000124
1449.32800000000125
1449.81200000000125
1452.29700000000125
1453.69000000000125
1455.49900000000125
1457.35600000000125
1458.95700000000125
1460.24600000000126
1461.95400000000126
1462.43100000000126
1464.74300000000126
1466.11100000000126
1466.29500000000126
1467.04300000000126
1468.41000000000126
1475.09700000000127
1476.91400000000127
1488.89000000000128
1489.41800000000128
1490.44900000000128
1490.73300000000128
1491.11200000000128
1491.40400000000128
1492.86000000000128
1493.20100000000128
1493.92800000000129
1495.74300000000129
1503.06200000000129
1503.56000000000129
1504.48300000000129
1506.1460000000013
1506.5010000000013
1506.6790000000013
1511.8850000000013
1546.00400000000133
1546.57900000000133
1549.76500000000133
1550.73900000000134
1563.55400000000135
1564.23400000000135
1564.98100000000135
1567.58800000000135
1568.30300000000135
1569.02700000000135
1577.31500000000136
1581.52500000000136
1582.04400000000136
1582.76500000000136
1588.49700000000137
1590.22400000000137
1591.01500000000137
1734.8210000000015
1735.7770000000015
1736.9010000000015
1738.5240000000015
1739.0950000000015
1741.76800000000151
1742.79000000000151
1743.86600000000151
1744.59200000000151
1745.21500000000151
1751.54300000000151
1753.53300000000152
1757.76900000000152
1760.39000000000152
1764.76300000000153
1765.46400000000153
1767.25300000000153
1768.96600000000153
1769.86400000000153
1772.29000000000153
1772.80700000000153
1773.41400000000153
1775.82600000000154
1778.59800000000154
1780.72900000000154
1842.73500000000159
1844.8470000000016
1852.8740000000016
1853.6800000000016
1931.16100000000167
1931.90100000000167
1933.11200000000168
1934.08600000000168
1934.52500000000168
1935.45800000000168
1935.93200000000168
1936.84400000000168
1938.20200000000168
1991.46500000000173
2003.46100000000174
2007.33600000000174
2009.29300000000174
2010.19500000000174
2011.20800000000174
2012.29200000000175
2017.02400000000175
2018.83600000000175
2030.50300000000176
2066.31199999999976
2067.05099999999968
2070.77099999999927
2071.88199999999915
2074.02699999999891
2074.47999999999886
2079.5589999999983
2083.27699999999789
2083.94799999999782
2086.02799999999759
2087.45599999999743
2093.61099999999675
2096.14399999999647
2102.10099999999582
2102.80799999999574
2103.08099999999571
2103.41199999999567
2103.83699999999563
2106.62099999999532
2108.27799999999514
2111.66999999999476
2117.14199999999416
2122.2389999999936
2127.55599999999302
2128.80799999999288
2132.2439999999925
2133.56499999999235
2134.82999999999221
2135.50699999999214
2147.17999999999085
2148.74599999999068
2149.82499999999056
2151.12199999999042
2151.54199999999037
2152.2099999999903
2153.0819999999902
2154.84599999999001
2155.25199999998997
2165.02199999998889
2165.27299999998886
2169.03099999998845
2525.99299999994913
2527.14099999994901
2527.83999999994893
2528.87999999994882
2529.8949999999487
2543.36799999994722
2543.83399999994717
2545.30099999994701
2553.37199999994612
2557.58399999994565
2559.43999999994545
2560.00399999994539
2561.46699999994523
2563.43599999994501
2564.4809999999449
2565.3239999999448
2567.74299999994454
2569.15399999994438
2572.01299999994407
2587.80699999994233
2588.82499999994221
2591.7029999999419
2595.2689999999415
2596.01499999994142
2597.07099999994131
2599.38299999994105
2602.50099999994071
2603.99499999994054
2607.1149999999402
2609.8669999999399
2610.7489999999398
2611.55099999993971
2613.4679999999395
2613.82099999993946
2615.68799999993926
2683.3779999999318
2683.82899999993175
2685.09099999993161
2686.0699999999315
2686.9839999999314
2690.00599999993107
2691.71599999993088
2694.19899999993061
2697.06499999993029
2698.13899999993017
2699.62999999993001
2704.68599999992945
2705.60699999992935
2705.91199999992932
2706.55099999992925
2706.91799999992921
2724.94299999992722
2725.56699999992715
2727.33399999992696
2769.39899999992233
2771.4979999999221
2773.21399999992191
2775.52799999992165
2777.98999999992138
2779.92999999992117
2784.10699999992071
2816.15799999991718
2823.53599999991636
2833.39999999991528
2837.34899999991484
2838.80699999991468
2842.72099999991425
2845.06699999991399
2846.01899999991389
2849.24299999991353
2853.54999999991306
2854.87499999991291
2855.69899999991282
2856.94799999991268
2858.35199999991253
2876.04999999991058
2879.16399999991024
2881.34999999991
2967.36999999990052
2969.69699999990027
2972.76399999989993
2973.79699999989982
2975.21299999989966
2975.98299999989957
2980.17399999989911
2981.01399999989902
2985.08999999989857
2987.25799999989833
2988.69899999989817
2991.01299999989792
2995.7299999998974
2998.4769999998971
2999.07899999989703
3006.5909999998962
3014.16599999989537
3024.36899999989425
3028.54999999989378
3038.91699999989264
3045.6859999998919
3048.16999999989162
3048.63099999989157
3054.86799999989089
3058.25799999989051
3058.74199999989046
3060.76199999989024
3061.65099999989014
3063.7889999998899
3065.07499999988976
3066.79699999988957
3069.32799999988929
3073.74499999988881
3075.58199999988861
3076.5029999998885
3082.60199999988783
3086.90199999988736
3088.76799999988715
3094.04899999988657
3095.03199999988646
3118.90899999988383
3121.10099999988359
3122.51799999988344
3124.99599999988316
3130.24199999988259
3136.21399999988193
3169.70099999987824
3171.05999999987809
3171.97799999987799
3173.6809999998778
3174.07499999987776
3176.50599999987749
3179.73099999987714
3181.63499999987693
3182.25399999987686
3183.93399999987667
3184.16299999987665
3185.76599999987647
3186.4309999998764
3187.51399999987628
3200.25899999987487
3216.3859999998731
3217.20999999987301
3219.42699999987276
3222.65699999987241
3223.6149999998723
3226.05099999987203
3228.80399999987173
3234.19799999987114
3448.71599999984751
3450.00599999984737
3457.40699999984655
3462.87899999984595
3487.63199999984322
3489.09399999984306
3493.24399999984261
3498.05199999984208
3501.05299999984175
3502.45799999984159
3518.00499999983988
3519.82899999983968
3521.22499999983952
21
-1
25.8939999999999919
34.6539999999999891
142.142000000000085
154.463000000000096
168.155000000000108
186.831000000000124
211.299000000000146
304.527000000000229
412.375000000000325
463.29900000000037
615.927000000000505
721.323000000000599
843.636000000000708
1213.50500000000104
1308.23200000000112
1418.39700000000122
1550.74000000000134
1991.46600000000173
2529.8959999999487
2823.53699999991636
3136.21499999988193
0
0
5000
0
0
0
0
7200
0
0
0
0
0
22
0
4936.31599999968368
1800.00000000000156
1800
0
64
0
1
4
7
10
13
16
19
22
25
28
31
34
37
40
43
46
49
52
55
58
61
64
67
70
73
76
79
82
85
88
91
94
97
100
103
106
109
112
115
118
121
124
127
130
133
136
139
142
145
148
151
154
157
160
163
166
169
172
175
178
181
184
187
190
193
196
199
202
205
208
211
214
217
220
223
226
229
232
235
238
241
244
247
250
253
256
259
262
265
268
271
274
277
280
283
286
289
292
295
298
301
304
307
310
313
316
319
322
325
328
331
334
337
340
343
346
349
352
355
358
361
364
367
370
373
376
379
382
385
388
391
394
397
400
403
406
409
412
415
418
421
424
427
430
433
436
439
442
445
448
451
454
457
460
463
466
469
472
475
478
481
484
487
490
493
496
499
502
505
508
511
514
517
520
523
526
529
532
535
538
541
544
547
550
