3
26
19
3
26
19
PPR2.12
PR3_day2
0
4
9
39
53
10
39
17
23
3
.3
1
327
1
15
1
1
1
1
1
1
1
1
1
1
1
1
1
1
1
1
1
1
1
1
1
184
326
-1
36.5599999999999908
36.6779999999999909
43.2989999999999968
43.4149999999999969
44.1509999999999976
44.4199999999999978
65.1720000000000162
65.7260000000000167
66.1870000000000171
66.4270000000000174
67.3810000000000182
68.2210000000000189
69.3250000000000199
131.177000000000075
132.193000000000076
133.581000000000077
137.00400000000008
137.26700000000008
137.586000000000081
137.927000000000081
143.960000000000086
181.260000000000119
182.15000000000012
188.035000000000125
195.045000000000132
195.744000000000132
196.270000000000133
196.494000000000133
197.852000000000134
199.260000000000135
199.625000000000136
199.904000000000136
205.127000000000141
245.391000000000176
246.433000000000177
246.837000000000178
254.638000000000185
255.124000000000185
255.860000000000186
263.099000000000192
263.520000000000192
263.725000000000193
263.895000000000193
264.037000000000193
264.924000000000194
266.741000000000195
271.254000000000199
275.423000000000203
276.968000000000204
277.555000000000205
277.744000000000205
278.074000000000205
292.447000000000218
293.128000000000219
294.30400000000022
295.261000000000221
295.888000000000221
296.938000000000222
302.792000000000227
303.419000000000228
304.207000000000229
307.664000000000232
308.421000000000232
308.790000000000233
311.178000000000235
315.598000000000239
316.489000000000239
318.769000000000241
319.360000000000242
326.213000000000248
326.844000000000249
344.792000000000265
346.829000000000266
347.293000000000267
347.425000000000267
350.78200000000027
351.13700000000027
352.030000000000271
352.991000000000272
354.457000000000273
354.962000000000274
358.040000000000276
359.109000000000277
359.870000000000278
363.303000000000281
363.961000000000282
364.264000000000282
364.588000000000282
372.429000000000289
372.96800000000029
373.35900000000029
375.355000000000292
376.022000000000292
381.539000000000297
383.115000000000299
383.554000000000299
384.7860000000003
391.876000000000306
392.305000000000307
395.255000000000309
395.45300000000031
396.46500000000031
399.515000000000313
399.781000000000313
401.257000000000315
403.187000000000316
403.820000000000317
404.656000000000318
415.412000000000327
415.793000000000328
421.342000000000333
422.380000000000333
424.523000000000335
424.805000000000336
426.661000000000337
428.664000000000339
430.643000000000341
435.230000000000345
444.535000000000353
445.299000000000354
445.977000000000354
448.926000000000357
449.187000000000357
449.810000000000358
450.044000000000358
454.201000000000362
455.143000000000363
455.678000000000363
460.192000000000367
462.434000000000369
463.02500000000037
485.74000000000039
490.416000000000394
493.985000000000397
506.939000000000409
577.264000000000471
580.870000000000474
588.083000000000481
590.125000000000482
590.373000000000483
595.166000000000487
596.420000000000488
596.974000000000489
598.30300000000049
599.02100000000049
599.701000000000491
610.790000000000501
627.001000000000515
627.851000000000516
628.199000000000516
632.56700000000052
634.923000000000522
635.579000000000523
635.945000000000523
636.661000000000524
638.688000000000526
641.909000000000528
642.530000000000529
643.92400000000053
649.081000000000535
649.856000000000536
650.417000000000536
651.831000000000537
653.189000000000538
654.085000000000539
655.01200000000054
656.462000000000541
662.135000000000546
663.894000000000548
821.296000000000688
825.254000000000691
829.245000000000695
830.260000000000696
831.937000000000697
832.945000000000698
834.6340000000007
835.2480000000007
844.746000000000709
846.88500000000071
848.044000000000712
850.305000000000714
851.169000000000714
852.122000000000715
852.694000000000716
853.145000000000716
859.645000000000722
860.111000000000722
860.565000000000723
863.924000000000726
864.702000000000726
866.187000000000728
869.702000000000731
870.511000000000732
870.838000000000732
871.191000000000732
875.379000000000736
876.691000000000737
880.61000000000074
881.493000000000741
882.929000000000742
884.058000000000744
884.690000000000744
890.98300000000075
893.984000000000752
896.062000000000754
897.903000000000756
972.568000000000822
982.284000000000831
982.919000000000831
985.198000000000833
985.698000000000834
997.694000000000844
1000.546000000000847
1001.244000000000848
1020.888000000000865
1023.205000000000867
1028.88900000000087
1029.20900000000087
1030.18800000000087
1033.62200000000088
1034.15700000000088
1034.69500000000088
1036.13800000000088
1036.89900000000088
1039.09500000000088
1040.07200000000088
1040.45800000000088
1040.99400000000088
1043.69800000000089
1044.89800000000089
1046.26300000000089
1055.9320000000009
1057.4750000000009
1090.07500000000093
1092.75300000000093
1097.32500000000093
1099.65600000000093
1101.15800000000094
1102.35300000000094
1102.64200000000094
1249.35300000000107
1251.85700000000107
1258.52300000000108
1306.25200000000112
1306.83700000000112
1310.29000000000112
1311.89800000000112
1515.9180000000013
1525.04300000000131
1535.00900000000132
1535.86300000000132
1537.41000000000132
1538.56500000000132
1540.61700000000133
1542.07100000000133
1585.79500000000137
1587.28900000000137
1587.42300000000137
1588.65600000000137
1590.11300000000137
1593.06800000000137
1595.90300000000138
1597.25500000000138
1599.24600000000138
1600.94600000000138
1602.18500000000138
1603.81400000000138
1604.95400000000138
1607.97700000000139
1610.98300000000139
1616.82700000000139
1618.6890000000014
1626.8960000000014
1629.80300000000141
1630.91200000000141
1631.29400000000141
1633.16200000000141
1633.74400000000141
1634.60100000000141
1635.08700000000141
1635.33000000000141
1637.95600000000141
1643.06000000000142
1643.88700000000142
1645.09800000000142
1646.54800000000142
1646.94000000000142
1648.99000000000142
1657.69700000000143
1659.51600000000143
1660.42800000000143
1661.32600000000143
1663.60500000000144
1665.09400000000144
1669.89300000000144
1675.66900000000145
1678.15100000000145
1707.00500000000147
1711.31600000000148
1715.25500000000148
1717.22800000000148
1717.35600000000148
1719.21400000000149
1721.64000000000149
1739.8360000000015
1740.7620000000015
1745.65700000000151
1773.94800000000153
1775.35200000000154
1776.06400000000154
1866.72400000000162
1869.76700000000162
1871.35600000000162
1874.45100000000162
1875.58400000000162
1880.02700000000163
1895.40200000000164
1898.57900000000164
1903.50800000000165
1924.18800000000167
1930.02000000000167
1934.56700000000168
2255.7059999999789
2259.77599999997845
2261.81999999997823
2267.5069999999776
14
-1
36.5609999999999908
44.4209999999999978
69.3260000000000199
182.15100000000012
246.838000000000178
278.075000000000205
326.845000000000249
376.023000000000292
435.231000000000345
599.702000000000491
835.2490000000007
985.699000000000834
1515.9190000000013
1648.99100000000142
0
0
5000
0
0
0
0
7200
0
0
0
0
0
15
0
3449.09199999984747
1800.00000000000156
1800
0
43
0
1
4
7
10
13
16
19
22
25
28
31
34
37
40
43
46
49
52
55
58
61
64
67
70
73
76
79
82
85
88
91
94
97
100
103
106
109
112
115
118
121
124
127
130
133
136
139
142
145
148
151
154
157
160
163
166
169
172
175
178
181
184
187
190
193
196
199
202
205
208
211
214
217
220
223
226
229
232
235
238
241
244
247
250
253
256
259
262
265
268
271
274
277
280
283
286
289
292
295
298
301
304
307
310
313
316
319
322
325
328
331
334
337
340
343
346
349
352
355
358
361
364
367
370
373
376
379
382
385
388
391
394
397
400
403
406
409
412
415
418
421
424
427
430
433
436
439
442
445
448
451
454
457
460
463
466
469
472
475
478
481
484
487
490
493
496
499
502
505
508
511
514
517
520
523
526
529
532
535
538
541
544
547
550
