3
28
19
3
28
19
PPR2.10
PR3_day4
0
2
10
04
25
10
48
50
23
3
.3
1
103
1
8
1
1
1
1
1
1
1
1
1
1
1
1
1
1
1
1
1
1
1
1
1
184
102
-1
23.6179999999999939
26.3449999999999916
30.597999999999988
31.2529999999999874
34.7199999999999892
35.1839999999999896
36.3609999999999906
37.1949999999999914
41.1219999999999949
48.9980000000000019
135.402000000000079
137.45000000000008
138.216000000000081
145.012000000000087
145.444000000000088
147.566000000000089
156.347000000000097
157.181000000000098
158.165000000000099
162.427000000000103
169.824000000000109
170.82200000000011
171.883000000000111
173.560000000000112
174.477000000000113
175.766000000000114
181.76100000000012
185.162000000000123
186.170000000000124
187.244000000000125
189.234000000000126
191.554000000000128
192.511000000000129
193.06200000000013
197.894000000000134
207.245000000000142
208.653000000000144
215.70400000000015
216.916000000000151
219.181000000000153
220.851000000000154
221.335000000000155
221.823000000000155
222.374000000000156
230.497000000000163
235.307000000000167
236.477000000000168
249.86600000000018
481.392000000000386
483.102000000000387
503.267000000000405
504.426000000000406
506.388000000000408
511.325000000000412
515.894000000000417
516.445000000000417
517.801000000000418
519.39200000000042
520.40600000000042
547.877000000000445
748.360000000000623
751.288000000000626
752.065000000000626
752.345000000000626
753.553000000000628
755.68500000000063
756.67200000000063
757.459000000000631
757.873000000000631
758.382000000000632
758.971000000000632
761.249000000000634
761.492000000000635
761.726000000000635
762.257000000000635
762.655000000000636
764.451000000000637
765.060000000000638
765.639000000000638
769.251000000000642
769.585000000000642
770.069000000000642
771.262000000000643
774.233000000000646
775.102000000000647
775.620000000000647
776.346000000000648
777.396000000000649
1122.38900000000096
1199.07100000000102
1229.55200000000105
1233.95000000000105
1243.24200000000106
1246.62400000000107
1262.43200000000108
1283.4820000000011
1286.5820000000011
1287.8620000000011
1292.78100000000111
1316.16300000000113
1541.11000000000133
1550.41100000000134
7
-1
23.6189999999999939
35.1849999999999896
145.445000000000088
175.767000000000114
216.917000000000151
520.40700000000042
765.061000000000638
0
0
5000
0
0
0
0
7200
0
0
0
0
0
8
0
2565.16199999994482
1800.00000000000156
1800
0
22
0
1
4
7
10
13
16
19
22
25
28
31
34
37
40
43
46
49
52
55
58
61
64
67
70
73
76
79
82
85
88
91
94
97
100
103
106
109
112
115
118
121
124
127
130
133
136
139
142
145
148
151
154
157
160
163
166
169
172
175
178
181
184
187
190
193
196
199
202
205
208
211
214
217
220
223
226
229
232
235
238
241
244
247
250
253
256
259
262
265
268
271
274
277
280
283
286
289
292
295
298
301
304
307
310
313
316
319
322
325
328
331
334
337
340
343
346
349
352
355
358
361
364
367
370
373
376
379
382
385
388
391
394
397
400
403
406
409
412
415
418
421
424
427
430
433
436
439
442
445
448
451
454
457
460
463
466
469
472
475
478
481
484
487
490
493
496
499
502
505
508
511
514
517
520
523
526
529
532
535
538
541
544
547
550
