3
13
19
3
13
19
PPR2.13
FR1_day5
0
3
10
52
16
11
40
00
24
2
.3
1
125
1
73
1
1
1
1
1
1
1
1
1
1
1
1
1
1
1
1
1
1
1
1
1
1
124
-1
2.89700000000000005
25.0299999999999927
47.5920000000000006
52.7980000000000052
57.5790000000000095
125.5420000000000699
132.594000000000076
140.333000000000083
162.219000000000102
176.057000000000115
196.850000000000133
201.709000000000138
202.217000000000138
205.409000000000141
211.082000000000146
230.268000000000163
235.487000000000168
321.927000000000244
334.716000000000256
340.438000000000261
345.599000000000265
352.175000000000271
357.779000000000276
362.71600000000028
367.480000000000285
376.815000000000293
383.680000000000299
389.882000000000305
529.966000000000429
535.832000000000434
545.079000000000442
550.262000000000447
559.198000000000455
563.482000000000459
565.16900000000046
572.103000000000466
579.410000000000473
585.904000000000479
594.045000000000486
603.210000000000494
615.181000000000505
624.683000000000513
634.085000000000522
641.518000000000528
648.770000000000535
655.13300000000054
663.455000000000548
671.811000000000555
680.256000000000562
698.147000000000578
706.939000000000586
894.927000000000753
920.285000000000776
937.583000000000791
953.150000000000805
953.513000000000805
968.280000000000818
978.476000000000827
984.788000000000833
1007.452000000000853
1018.149000000000863
1121.38400000000095
1127.30900000000096
1129.63800000000096
1130.15800000000096
1130.98400000000096
1131.31800000000096
1135.41400000000097
1141.07200000000097
1142.08800000000097
1142.33000000000097
1142.72800000000097
1142.87600000000097
1143.43500000000097
1144.27900000000097
1145.14700000000098
1857.78300000000161
1863.80100000000161
1909.79000000000165
1910.56900000000166
1912.15300000000166
1916.06000000000166
1916.34100000000166
1917.61200000000166
1917.75500000000166
1920.10000000000166
1927.85000000000167
1938.36300000000168
1938.84700000000168
1987.62000000000172
1987.82800000000172
1989.01000000000172
1989.28400000000173
1989.72100000000173
1990.12800000000173
1990.97700000000173
1991.59500000000173
1992.74300000000173
1993.07600000000173
1993.50700000000173
1993.97200000000173
1994.94000000000173
1995.35200000000173
1996.18000000000173
1997.10700000000173
1997.83600000000173
1999.13500000000173
2000.04800000000173
2000.82900000000174
2001.30800000000174
2001.75400000000174
2002.55100000000174
2003.72600000000174
2010.00600000000174
2010.95500000000174
2011.37700000000174
2017.51600000000175
2018.30000000000175
2019.74800000000175
2022.46700000000175
2023.05700000000176
2024.48900000000176
2026.33600000000176
2034.99200000000177
72
-1
2.89700000000000005
25.0299999999999927
47.5920000000000006
52.7980000000000052
125.5420000000000699
132.594000000000076
140.333000000000083
162.219000000000102
176.057000000000115
196.850000000000133
202.217000000000138
211.082000000000146
230.268000000000163
235.487000000000168
321.927000000000244
334.716000000000256
340.438000000000261
345.599000000000265
352.175000000000271
357.779000000000276
367.480000000000285
376.815000000000293
383.680000000000299
389.882000000000305
529.966000000000429
535.832000000000434
545.079000000000442
550.262000000000447
559.198000000000455
565.16900000000046
572.103000000000466
579.410000000000473
585.904000000000479
594.045000000000486
603.210000000000494
615.181000000000505
624.683000000000513
634.085000000000522
641.518000000000528
648.770000000000535
655.13300000000054
663.455000000000548
671.811000000000555
680.256000000000562
698.147000000000578
706.939000000000586
894.927000000000753
920.285000000000776
937.583000000000791
953.150000000000805
968.280000000000818
978.476000000000827
984.788000000000833
1007.452000000000853
1018.149000000000863
1121.38400000000095
1127.30900000000096
1135.41400000000097
1141.07200000000097
1857.78300000000161
1863.80100000000161
1909.79000000000165
1916.06000000000166
1927.85000000000167
1938.36300000000168
1987.62000000000172
1992.74300000000173
1999.13500000000173
2010.00700000000174
2017.51600000000175
2023.05700000000176
2034.99200000000177
1
0
5000
0
0
0
0
2700
99
0
0
0
0
0
0
2700.79699999992988
0
0
0
0
0
0
