3
28
19
3
28
19
PPR2.16
PR3_day4
0
2
11
32
13
12
11
32
23
3
.3
1
134
1
10
1
1
1
1
1
1
1
1
1
1
1
1
1
1
1
1
1
1
1
1
1
184
133
-1
26.998999999999991
30.2619999999999882
32.7669999999999875
33.2169999999999879
34.0349999999999886
34.6829999999999892
34.9299999999999894
84.9990000000000338
85.5100000000000343
89.735000000000038
90.6920000000000389
91.1360000000000393
92.0440000000000401
93.5470000000000414
94.3310000000000421
123.6400000000000682
124.7610000000000692
126.2780000000000705
126.781000000000071
127.2940000000000714
128.423000000000072
129.991000000000074
130.780000000000075
132.379000000000076
133.281000000000077
145.647000000000088
147.429000000000089
147.91400000000009
148.24300000000009
148.65100000000009
149.530000000000091
150.185000000000092
151.214000000000093
151.497000000000093
152.356000000000094
153.377000000000095
153.689000000000095
154.803000000000096
158.165000000000099
169.443000000000109
172.298000000000111
236.358000000000168
237.88900000000017
254.363000000000184
255.231000000000185
256.020000000000186
256.535000000000186
256.951000000000187
257.786000000000187
258.711000000000188
260.27700000000019
261.13000000000019
261.892000000000191
262.991000000000192
263.583000000000192
264.268000000000193
271.419000000000199
272.1110000000002
272.4640000000002
272.908000000000201
276.221000000000204
276.633000000000204
277.559000000000205
278.185000000000205
280.007000000000207
280.957000000000208
282.443000000000209
282.85500000000021
283.57600000000021
285.464000000000212
286.594000000000213
287.011000000000213
288.253000000000214
289.235000000000215
290.427000000000216
298.492000000000223
298.610000000000224
298.919000000000224
300.411000000000225
301.589000000000226
303.748000000000228
306.01300000000023
306.513000000000231
306.727000000000231
307.167000000000231
311.745000000000235
312.025000000000235
312.558000000000236
312.844000000000236
313.589000000000237
314.645000000000238
315.089000000000238
359.937000000000278
360.689000000000279
361.043000000000279
421.894000000000333
423.114000000000334
433.500000000000343
434.293000000000344
434.653000000000344
436.149000000000346
437.468000000000347
437.712000000000347
438.832000000000348
439.921000000000349
440.40500000000035
440.99300000000035
444.209000000000353
446.847000000000355
447.740000000000356
450.749000000000359
452.39800000000036
452.868000000000361
453.923000000000362
454.695000000000362
457.173000000000364
457.901000000000365
458.807000000000366
528.781000000000428
530.170000000000429
531.52600000000043
534.365000000000433
545.354000000000443
545.882000000000443
546.277000000000444
547.323000000000444
547.864000000000445
548.316000000000445
549.027000000000446
550.519000000000447
552.150000000000449
553.54300000000045
554.631000000000451
9
-1
26.999999999999991
34.6839999999999892
93.5480000000000414
133.282000000000077
154.804000000000096
263.584000000000192
290.428000000000216
423.115000000000334
534.366000000000433
0
0
5000
0
0
0
0
7200
0
0
0
0
0
10
0
2334.46699999997023
1800.00000000000156
1800
0
28
0
1
4
7
10
13
16
19
22
25
28
31
34
37
40
43
46
49
52
55
58
61
64
67
70
73
76
79
82
85
88
91
94
97
100
103
106
109
112
115
118
121
124
127
130
133
136
139
142
145
148
151
154
157
160
163
166
169
172
175
178
181
184
187
190
193
196
199
202
205
208
211
214
217
220
223
226
229
232
235
238
241
244
247
250
253
256
259
262
265
268
271
274
277
280
283
286
289
292
295
298
301
304
307
310
313
316
319
322
325
328
331
334
337
340
343
346
349
352
355
358
361
364
367
370
373
376
379
382
385
388
391
394
397
400
403
406
409
412
415
418
421
424
427
430
433
436
439
442
445
448
451
454
457
460
463
466
469
472
475
478
481
484
487
490
493
496
499
502
505
508
511
514
517
520
523
526
529
532
535
538
541
544
547
550
