3
29
19
3
29
19
PPR2.14
PR3_day5
0
4
11
21
56
12
22
40
23
3
.3
1
465
1
18
1
1
1
1
1
1
1
1
1
1
1
1
1
1
1
1
1
1
1
1
1
184
464
-1
15.83800000000000032
20.1019999999999968
22.7259999999999946
23.0859999999999943
47.8760000000000009
48.4500000000000014
52.575000000000005
52.8730000000000053
53.1530000000000056
74.8390000000000248
75.7760000000000257
77.253000000000027
78.6320000000000282
82.5660000000000317
83.0170000000000321
83.4470000000000325
100.7910000000000479
101.2030000000000482
103.2950000000000501
113.0890000000000588
113.5090000000000592
113.8560000000000595
114.48600000000006
133.862000000000077
134.344000000000078
137.10600000000008
139.778000000000082
140.657000000000083
154.330000000000095
154.783000000000096
155.458000000000096
157.627000000000098
171.01500000000011
174.107000000000113
174.764000000000114
179.864000000000118
180.512000000000119
180.928000000000119
181.360000000000119
191.584000000000129
192.211000000000129
195.193000000000132
198.245000000000134
198.672000000000135
199.078000000000135
230.623000000000163
231.037000000000164
234.563000000000167
235.315000000000167
237.124000000000169
237.469000000000169
239.531000000000171
240.085000000000172
240.380000000000172
240.678000000000172
242.464000000000174
243.017000000000174
310.317000000000234
318.888000000000242
319.669000000000242
322.389000000000245
324.919000000000247
325.179000000000247
328.17700000000025
329.013000000000251
329.078000000000251
329.642000000000251
333.288000000000254
335.001000000000256
336.691000000000257
341.107000000000261
341.631000000000262
352.946000000000272
353.928000000000273
355.838000000000274
370.329000000000287
370.986000000000288
377.902000000000294
400.460000000000314
434.698000000000344
435.750000000000345
442.005000000000351
444.436000000000353
445.107000000000354
449.316000000000357
449.921000000000358
451.82300000000036
452.30200000000036
452.46600000000036
456.992000000000364
457.549000000000365
458.239000000000365
458.909000000000366
459.325000000000366
462.532000000000369
464.194000000000371
465.421000000000372
465.971000000000372
466.327000000000372
541.291000000000439
542.29400000000044
543.919000000000441
544.251000000000442
545.030000000000442
545.896000000000443
546.556000000000444
551.268000000000448
551.792000000000448
552.191000000000449
553.03800000000045
553.46900000000045
554.306000000000451
555.317000000000452
555.994000000000452
570.817000000000465
572.394000000000467
573.084000000000467
574.248000000000468
596.291000000000488
599.449000000000491
600.010000000000491
601.715000000000493
602.112000000000493
603.169000000000494
630.409000000000518
631.430000000000519
631.98400000000052
632.20500000000052
633.410000000000521
638.049000000000525
638.677000000000526
639.125000000000526
639.419000000000526
640.955000000000528
641.356000000000528
643.011000000000529
643.43600000000053
644.901000000000531
645.312000000000531
645.751000000000532
646.258000000000532
653.757000000000539
654.36200000000054
654.77100000000054
655.20600000000054
655.770000000000541
657.697000000000542
660.793000000000545
672.793000000000556
673.241000000000556
698.849000000000579
699.98800000000058
705.719000000000585
706.003000000000585
706.424000000000586
707.543000000000587
708.139000000000587
708.863000000000588
709.290000000000588
710.92400000000059
711.54400000000059
711.965000000000591
713.397000000000592
713.889000000000592
719.834000000000598
720.305000000000598
720.875000000000599
721.411000000000599
721.9340000000006
724.167000000000602
724.856000000000602
725.617000000000603
727.160000000000604
727.725000000000605
728.023000000000605
732.704000000000609
734.26800000000061
735.525000000000612
735.914000000000612
736.343000000000612
736.844000000000613
737.166000000000613
739.196000000000615
747.180000000000622
748.320000000000623
748.950000000000624
749.409000000000624
749.882000000000624
750.670000000000625
751.990000000000626
753.359000000000627
754.152000000000628
754.730000000000629
758.757000000000632
762.770000000000636
763.045000000000636
768.393000000000641
769.065000000000641
769.664000000000642
769.950000000000642
771.281000000000643
772.443000000000644
773.418000000000645
773.944000000000646
776.761000000000648
779.16100000000065
779.477000000000651
779.993000000000651
782.052000000000653
782.518000000000653
784.657000000000655
785.122000000000656
785.476000000000656
787.726000000000658
788.155000000000658
803.835000000000672
804.536000000000673
816.159000000000683
816.837000000000684
817.086000000000684
817.591000000000684
818.143000000000685
819.172000000000686
824.15000000000069
824.839000000000691
825.440000000000692
826.425000000000692
826.569000000000692
827.247000000000693
827.840000000000694
828.348000000000694
830.957000000000696
832.199000000000697
832.710000000000698
835.2030000000007
837.929000000000702
838.018000000000703
838.782000000000703
839.100000000000704
839.637000000000704
840.089000000000704
841.280000000000706
841.936000000000706
844.558000000000708
851.367000000000714
852.034000000000715
852.765000000000716
853.262000000000716
859.357000000000722
859.829000000000722
860.312000000000722
860.880000000000723
861.843000000000724
862.058000000000724
872.145000000000733
874.196000000000735
876.176000000000736
876.920000000000737
883.265000000000743
884.007000000000744
885.061000000000744
886.242000000000746
886.938000000000746
887.218000000000746
889.820000000000749
914.530000000000771
914.896000000000771
915.293000000000771
916.951000000000773
917.658000000000773
963.510000000000814
964.062000000000815
964.613000000000815
965.008000000000815
965.488000000000816
969.089000000000819
970.02500000000082
970.49300000000082
970.949000000000821
971.357000000000821
975.799000000000825
977.919000000000827
979.070000000000828
980.607000000000829
985.761000000000834
986.481000000000834
988.219000000000836
988.628000000000836
1003.124000000000849
1013.600000000000859
1014.290000000000859
1017.764000000000862
1018.379000000000863
1019.204000000000864
1099.21100000000093
1100.67900000000094
1101.18000000000094
1101.57900000000094
1101.97500000000094
1104.62300000000094
1105.91400000000094
1106.85600000000094
1107.49500000000094
1107.87800000000094
1108.31900000000094
1110.18600000000094
1110.95300000000094
1111.58600000000095
1112.05400000000095
1112.50100000000095
1113.67500000000095
1115.19500000000095
1115.75800000000095
1116.88400000000095
1119.38200000000095
1119.95500000000095
1120.83100000000095
1121.54900000000095
1124.83300000000096
1125.28000000000096
1125.68000000000096
1127.25700000000096
1128.51500000000096
1129.11400000000096
1132.01800000000096
1132.68500000000096
1144.59600000000097
1146.81100000000098
1150.58800000000098
1151.23500000000098
1158.90200000000099
1159.61200000000099
1160.33600000000099
1162.28700000000099
1189.55900000000101
1190.02300000000102
1191.04900000000102
1200.37800000000102
1202.16300000000103
1202.40100000000103
1204.06300000000103
1204.36100000000103
1204.88800000000103
1205.29800000000103
1205.62700000000103
1207.41300000000103
1245.14700000000106
1246.06800000000106
1246.74600000000107
1250.37600000000107
1250.67600000000107
1251.28700000000107
1255.95000000000107
1256.90100000000107
1258.77800000000108
1259.25500000000108
1259.72100000000108
1260.39600000000108
1270.57200000000109
1271.36000000000109
1271.83000000000109
1272.54600000000109
1273.21800000000109
1275.77000000000109
1276.30300000000109
1276.61000000000109
1277.61000000000109
1278.76100000000109
1279.42800000000109
1280.2210000000011
1308.55900000000112
1309.96400000000112
1310.65100000000112
1311.53000000000112
1311.92100000000112
1312.77100000000112
1314.00900000000113
1314.68900000000113
1316.67100000000113
1317.34400000000113
1317.77800000000113
1318.30100000000113
1323.56500000000113
1331.69000000000114
1332.06900000000114
1332.83700000000114
1333.54900000000114
1333.71700000000114
1335.42200000000114
1337.48700000000115
1337.96000000000115
1338.76000000000115
1339.08300000000115
1340.43000000000115
1340.88000000000115
1341.06200000000115
1342.28800000000115
1342.69100000000115
1343.61100000000115
1343.85100000000115
1358.88700000000117
1359.61500000000117
1360.02600000000117
1363.55300000000117
1364.69900000000117
1366.69100000000117
1369.86800000000117
1376.00500000000118
1376.63400000000118
1377.40500000000118
1377.58600000000118
1379.27900000000118
1380.19800000000118
1380.45800000000118
1382.47300000000119
1387.29000000000119
1388.89900000000119
1389.10000000000119
1390.43200000000119
1392.6440000000012
1394.6930000000012
1397.9570000000012
1405.46400000000121
1405.89900000000121
1407.00800000000121
1408.12400000000121
1411.02700000000121
1411.55500000000121
1412.18000000000121
1413.51200000000121
1414.37900000000121
1769.51900000000153
1775.64900000000154
1776.97900000000154
1777.79800000000154
1779.48700000000154
1783.73900000000154
1784.82600000000154
1785.85300000000154
1786.41200000000154
1787.95600000000155
1873.46800000000162
1875.57900000000162
1876.45700000000162
1877.73200000000163
1878.61000000000163
1881.20000000000163
1884.48200000000163
1885.68300000000163
1886.36000000000163
1886.84600000000163
1887.46700000000163
1887.94100000000164
2400.27499999996298
2403.15399999996266
2404.46099999996252
2406.75299999996227
2407.3759999999622
2411.07499999996179
2484.4979999999537
2484.90499999995366
2489.90199999995311
2490.81699999995301
2491.51999999995293
17
-1
15.83900000000000032
48.4510000000000014
83.4480000000000325
137.10700000000008
192.212000000000129
310.318000000000234
370.987000000000288
466.328000000000372
603.170000000000494
699.98900000000058
739.197000000000615
804.537000000000673
862.059000000000724
1019.205000000000864
1191.05000000000102
1323.56600000000113
1769.52000000000153
0
0
5000
0
0
0
0
7200
0
0
0
0
0
18
0
3569.6209999998342
1800.00000000000156
1800
0
52
0
1
4
7
10
13
16
19
22
25
28
31
34
37
40
43
46
49
52
55
58
61
64
67
70
73
76
79
82
85
88
91
94
97
100
103
106
109
112
115
118
121
124
127
130
133
136
139
142
145
148
151
154
157
160
163
166
169
172
175
178
181
184
187
190
193
196
199
202
205
208
211
214
217
220
223
226
229
232
235
238
241
244
247
250
253
256
259
262
265
268
271
274
277
280
283
286
289
292
295
298
301
304
307
310
313
316
319
322
325
328
331
334
337
340
343
346
349
352
355
358
361
364
367
370
373
376
379
382
385
388
391
394
397
400
403
406
409
412
415
418
421
424
427
430
433
436
439
442
445
448
451
454
457
460
463
466
469
472
475
478
481
484
487
490
493
496
499
502
505
508
511
514
517
520
523
526
529
532
535
538
541
544
547
550
