3
23
19
3
23
19
PPR2.14
FR5_day4
0
4
11
00
49
11
46
40
24
2
.3
1
228
1
44
1
1
1
1
1
1
1
1
1
1
1
1
1
1
1
1
1
1
1
1
1
1
227
-1
3.51000000000000006
18.4589999999999982
19.1499999999999977
26.4209999999999915
46.89
52.4510000000000049
52.8130000000000053
83.2480000000000323
104.2220000000000509
105.3560000000000519
109.7050000000000558
110.0750000000000561
110.5930000000000566
111.3960000000000573
111.9710000000000578
113.0820000000000588
113.8050000000000594
118.8320000000000639
119.1740000000000642
119.8980000000000648
121.173000000000066
122.0990000000000668
122.8470000000000675
171.508000000000111
172.062000000000111
173.247000000000112
173.840000000000113
174.130000000000113
179.545000000000118
183.324000000000121
183.955000000000122
184.788000000000122
185.628000000000123
205.593000000000141
212.777000000000147
217.985000000000152
242.019000000000173
242.725000000000174
249.79700000000018
250.181000000000181
250.599000000000181
253.808000000000184
254.493000000000184
260.184000000000189
260.64400000000019
261.661000000000191
264.914000000000194
272.786000000000201
281.739000000000209
282.148000000000209
282.99100000000021
283.43300000000021
284.335000000000211
288.705000000000215
289.428000000000215
290.240000000000216
290.874000000000217
293.152000000000219
294.38300000000022
294.81600000000022
296.959000000000222
299.715000000000225
300.375000000000225
301.919000000000226
302.729000000000227
303.067000000000228
304.131000000000228
333.419000000000254
334.609000000000256
335.502000000000256
344.193000000000264
344.817000000000265
351.543000000000271
352.073000000000271
353.912000000000273
354.637000000000273
355.966000000000274
366.108000000000284
366.946000000000284
368.214000000000285
368.874000000000286
371.775000000000289
379.400000000000295
379.739000000000296
380.172000000000296
380.719000000000296
381.802000000000297
387.846000000000303
388.266000000000303
390.288000000000305
437.251000000000347
437.857000000000347
446.425000000000355
449.927000000000358
451.128000000000359
451.611000000000359
452.47100000000036
456.493000000000364
476.910000000000382
477.474000000000382
477.961000000000383
478.798000000000384
512.009000000000413
516.290000000000417
522.032000000000422
522.625000000000422
522.833000000000423
525.188000000000425
525.715000000000425
535.792000000000434
537.416000000000436
538.721000000000437
540.438000000000438
540.962000000000439
551.880000000000448
552.491000000000449
552.889000000000449
553.73900000000045
554.243000000000451
563.656000000000459
564.026000000000459
564.41600000000046
565.12700000000046
565.868000000000461
578.890000000000472
579.559000000000473
580.225000000000474
581.079000000000474
583.957000000000477
593.438000000000485
594.277000000000486
595.630000000000487
597.267000000000489
597.744000000000489
605.947000000000496
606.838000000000497
607.358000000000498
608.413000000000499
609.225000000000499
609.6300000000005
690.606000000000572
691.133000000000572
692.246000000000573
693.113000000000574
695.240000000000576
700.15600000000058
719.168000000000597
719.964000000000598
720.518000000000598
721.084000000000599
721.9080000000006
729.986000000000607
730.799000000000607
731.328000000000608
731.815000000000608
732.103000000000609
741.469000000000617
741.817000000000617
742.377000000000618
743.092000000000618
743.603000000000619
753.489000000000628
754.170000000000628
754.928000000000629
755.77500000000063
757.047000000000631
768.09000000000064
769.165000000000641
769.684000000000642
770.378000000000643
770.875000000000643
786.434000000000657
786.745000000000657
787.230000000000658
787.954000000000658
788.716000000000659
796.523000000000666
797.281000000000666
797.682000000000667
798.227000000000667
799.688000000000669
815.694000000000683
816.025000000000683
817.859000000000685
820.626000000000687
821.339000000000688
831.372000000000697
831.894000000000697
832.227000000000697
832.726000000000698
833.095000000000698
847.107000000000711
847.460000000000711
847.991000000000712
848.655000000000712
849.070000000000712
871.923000000000733
875.460000000000736
875.815000000000736
876.282000000000737
876.914000000000737
888.694000000000748
889.223000000000748
889.858000000000749
890.502000000000749
891.34700000000075
902.47400000000076
903.517000000000761
904.362000000000762
905.515000000000763
907.186000000000764
915.651000000000772
915.973000000000772
916.510000000000772
917.294000000000773
917.758000000000773
926.312000000000781
926.968000000000782
927.267000000000782
927.525000000000782
927.757000000000782
936.32400000000079
936.60500000000079
936.87300000000079
937.271000000000791
937.655000000000791
1762.60900000000152
43
-1
46.89
105.3560000000000519
113.8050000000000594
122.8470000000000675
174.130000000000113
185.628000000000123
242.725000000000174
254.493000000000184
272.786000000000201
284.335000000000211
294.81600000000022
304.131000000000228
344.817000000000265
355.966000000000274
371.775000000000289
381.802000000000297
437.857000000000347
452.47100000000036
512.009000000000413
525.715000000000425
540.962000000000439
554.243000000000451
565.868000000000461
583.957000000000477
597.744000000000489
609.225000000000499
695.240000000000576
721.9080000000006
732.103000000000609
743.603000000000619
757.047000000000631
770.875000000000643
788.716000000000659
799.688000000000669
821.339000000000688
833.095000000000698
849.070000000000712
876.914000000000737
891.34700000000075
907.186000000000764
917.758000000000773
927.757000000000782
937.655000000000791
5
0
5000
0
0
0
0
2700
99
0
0
0
0
0
0
2700.79599999992988
0
0
0
0
0
0
