3
14
19
3
14
19
PPR2.14
FR2_day1
0
4
12
02
43
12
49
18
24
2
.3
1
72
1
34
1
1
1
1
1
1
1
1
1
1
1
1
1
1
1
1
1
1
1
1
1
1
71
-1
5.84600000000000011
25.3459999999999924
57.2150000000000092
61.1530000000000127
78.8040000000000283
91.6440000000000398
141.995000000000084
152.846000000000094
158.463000000000099
164.028000000000104
170.25000000000011
170.90300000000011
175.371000000000114
181.410000000000119
210.668000000000145
226.51900000000016
231.339000000000164
253.526000000000184
257.370000000000187
263.302000000000192
264.079000000000193
273.531000000000201
274.191000000000202
282.198000000000209
282.534000000000209
306.988000000000231
309.401000000000233
323.729000000000246
331.663000000000253
361.84600000000028
395.37700000000031
402.927000000000316
409.985000000000322
439.645000000000349
442.687000000000352
451.99100000000036
453.140000000000361
468.286000000000374
473.950000000000379
484.114000000000388
484.336000000000389
484.791000000000389
494.520000000000398
495.616000000000399
505.562000000000407
513.207000000000414
514.394000000000415
514.760000000000416
525.690000000000425
526.535000000000426
538.586000000000437
549.833000000000447
563.464000000000459
686.967000000000568
697.758000000000578
705.684000000000585
716.513000000000595
745.16000000000062
756.55800000000063
757.012000000000631
778.20400000000065
778.94900000000065
789.94600000000066
790.31200000000066
801.91900000000067
802.612000000000671
817.526000000000684
845.600000000000709
861.919000000000724
868.39900000000073
887.700000000000747
33
-1
25.3459999999999924
61.1530000000000127
91.6440000000000398
152.846000000000094
164.028000000000104
170.90300000000011
210.668000000000145
231.339000000000164
257.370000000000187
264.079000000000193
274.191000000000202
282.534000000000209
309.401000000000233
331.663000000000253
395.37700000000031
409.985000000000322
442.687000000000352
453.140000000000361
473.950000000000379
484.336000000000389
495.616000000000399
513.207000000000414
526.535000000000426
549.833000000000447
686.967000000000568
705.684000000000585
745.16000000000062
757.012000000000631
778.94900000000065
790.31200000000066
802.612000000000671
845.600000000000709
868.39900000000073
2
0
5000
0
0
0
0
2700
99
0
0
0
0
0
0
2700.79599999992988
0
0
0
0
0
0
