3
20
19
3
20
19
PPR2.12
FR5_day1
0
4
10
21
29
11
07
40
24
2
.3
1
146
1
29
1
1
1
1
1
1
1
1
1
1
1
1
1
1
1
1
1
1
1
1
1
1
145
-1
26.0699999999999918
27.8919999999999903
28.7929999999999895
31.4039999999999873
32.0749999999999868
32.1709999999999869
36.781999999999991
37.2829999999999915
109.1780000000000553
111.094000000000057
112.3290000000000581
113.1810000000000589
119.6040000000000646
120.2260000000000651
120.5970000000000655
121.7690000000000665
122.7080000000000673
157.380000000000098
159.9800000000001
162.047000000000102
162.824000000000103
164.446000000000104
173.769000000000113
174.207000000000113
175.061000000000114
175.921000000000115
177.462000000000116
183.537000000000121
184.210000000000122
184.804000000000122
185.939000000000124
189.174000000000126
201.687000000000137
203.495000000000139
206.762000000000142
208.727000000000144
212.626000000000147
219.960000000000154
220.354000000000154
221.654000000000155
227.26300000000016
485.93900000000039
502.708000000000405
503.571000000000406
504.294000000000406
505.056000000000407
506.537000000000408
518.637000000000419
519.55100000000042
524.812000000000424
526.462000000000426
528.447000000000428
538.217000000000436
538.845000000000437
539.598000000000438
540.675000000000439
542.71200000000044
549.385000000000446
550.429000000000447
555.196000000000451
556.450000000000453
556.815000000000453
565.33400000000046
565.888000000000461
566.445000000000461
567.981000000000463
569.321000000000464
576.15900000000047
577.031000000000471
577.769000000000472
579.850000000000473
580.897000000000474
593.753000000000486
594.489000000000486
596.179000000000488
601.532000000000493
602.484000000000493
609.3700000000005
609.8880000000005
610.3210000000005
611.985000000000502
614.279000000000504
621.14900000000051
621.46300000000051
621.74100000000051
622.797000000000512
624.326000000000513
626.656000000000515
633.495000000000521
637.153000000000524
642.977000000000529
643.91400000000053
644.692000000000531
650.165000000000536
651.015000000000536
651.717000000000537
652.699000000000538
653.776000000000539
661.875000000000546
662.405000000000547
662.951000000000547
663.924000000000548
667.347000000000551
673.882000000000557
674.629000000000558
675.515000000000558
679.041000000000561
679.587000000000562
686.103000000000568
687.719000000000569
688.44600000000057
689.864000000000571
694.432000000000575
703.348000000000583
705.380000000000585
709.665000000000589
711.39900000000059
713.066000000000592
718.956000000000597
719.587000000000597
720.312000000000598
721.173000000000599
721.354000000000599
726.895000000000604
727.630000000000605
732.443000000000609
734.524000000000611
734.895000000000611
741.961000000000617
747.136000000000622
748.631000000000623
749.379000000000624
752.053000000000626
761.022000000000634
761.697000000000635
765.626000000000638
766.018000000000639
766.516000000000639
771.928000000000644
777.571000000000649
778.45900000000065
780.268000000000651
780.480000000000652
793.082000000000663
799.347000000000668
28
-1
32.0749999999999868
113.1810000000000589
122.7080000000000673
164.446000000000104
177.462000000000116
189.174000000000126
212.626000000000147
485.93900000000039
506.537000000000408
528.447000000000428
542.71200000000044
556.815000000000453
569.321000000000464
580.897000000000474
602.484000000000493
614.279000000000504
624.326000000000513
644.692000000000531
653.776000000000539
667.347000000000551
679.587000000000562
694.432000000000575
713.066000000000592
721.354000000000599
734.895000000000611
752.053000000000626
766.516000000000639
780.480000000000652
5
0
5000
0
0
0
0
2700
99
0
0
0
0
0
0
2700.79599999992988
0
0
0
0
0
0
