3
12
19
3
12
19
PPR2.15
FR1_day4
0
1
11
10
58
11
58
02
24
2
.3
1
40
1
23
1
1
1
1
1
1
1
1
1
1
1
1
1
1
1
1
1
1
1
1
1
1
39
-1
25.813999999999992
51.2440000000000039
56.5480000000000086
62.8280000000000142
80.9330000000000302
85.3320000000000341
88.0520000000000366
94.1120000000000419
94.8640000000000426
95.0310000000000428
99.769000000000047
103.4270000000000502
104.5420000000000512
107.5000000000000538
108.7150000000000549
133.816000000000077
134.009000000000077
146.961000000000089
150.594000000000092
152.088000000000093
153.895000000000095
247.713000000000178
262.753000000000192
283.40400000000021
283.87900000000021
1413.75700000000121
1416.89200000000122
1421.86600000000122
1428.03100000000123
1431.46000000000123
1432.41100000000123
1434.56500000000123
1436.88500000000123
1624.3910000000014
1657.06900000000143
1659.01900000000143
1660.15500000000143
1662.02100000000143
1761.34400000000152
22
-1
25.813999999999992
51.2440000000000039
56.5480000000000086
62.8280000000000142
80.9330000000000302
88.0520000000000366
94.1120000000000419
99.769000000000047
107.5000000000000538
133.816000000000077
146.961000000000089
152.088000000000093
247.713000000000178
262.753000000000192
283.40400000000021
1413.75700000000121
1421.86600000000122
1428.03100000000123
1434.56500000000123
1624.3910000000014
1657.06900000000143
1761.34400000000152
1
0
5000
0
0
0
0
2700
99
0
0
0
0
0
0
2700.79699999992988
0
0
0
0
0
0
