3
22
19
3
22
19
PPR2.11
FR5_day3
0
3
10
16
18
11
04
33
24
2
.3
1
74
1
15
1
1
1
1
1
1
1
1
1
1
1
1
1
1
1
1
1
1
1
1
1
1
73
-1
22.2189999999999951
25.4209999999999923
28.2609999999999899
28.9999999999999893
29.320999999999989
172.841000000000112
173.944000000000113
177.208000000000116
178.250000000000117
179.323000000000118
190.615000000000128
192.449000000000129
194.892000000000131
195.800000000000132
197.867000000000134
425.584000000000336
426.314000000000337
427.658000000000338
433.511000000000343
436.460000000000346
445.766000000000354
447.454000000000356
448.621000000000357
449.439000000000358
451.82900000000036
466.487000000000373
467.174000000000373
469.349000000000375
472.238000000000378
472.959000000000378
483.000000000000387
486.55900000000039
486.811000000000391
487.371000000000391
489.799000000000393
499.571000000000402
500.043000000000402
500.656000000000403
502.170000000000404
504.631000000000407
510.929000000000412
512.378000000000413
513.500000000000414
514.248000000000415
515.190000000000416
528.675000000000428
529.621000000000429
531.61300000000043
533.959000000000433
534.456000000000433
534.738000000000433
543.975000000000441
547.967000000000445
548.308000000000445
550.923000000000448
552.004000000000449
556.752000000000453
559.201000000000455
559.669000000000455
561.636000000000457
563.465000000000459
566.025000000000461
578.150000000000472
579.286000000000473
579.762000000000473
582.199000000000475
582.627000000000476
583.187000000000476
591.791000000000484
596.125000000000488
599.905000000000491
601.694000000000493
603.326000000000494
14
-1
29.320999999999989
179.323000000000118
197.867000000000134
436.460000000000346
451.82900000000036
472.959000000000378
489.799000000000393
504.631000000000407
515.190000000000416
534.456000000000433
552.004000000000449
566.025000000000461
582.627000000000476
603.326000000000494
5
0
5000
0
0
0
0
2700
99
0
0
0
0
0
0
2700.79599999992988
0
0
0
0
0
0
