3
28
19
3
28
19
PPR2.12
PR3_day3
0
4
9
48
39
10
56
42
23
3
.3
1
367
1
16
1
1
1
1
1
1
1
1
1
1
1
1
1
1
1
1
1
1
1
1
1
184
366
-1
23.2539999999999942
50.6710000000000034
53.1390000000000056
53.4510000000000058
53.702000000000006
77.2210000000000269
78.2140000000000278
79.7480000000000292
79.9310000000000293
80.5110000000000299
81.2240000000000305
81.6900000000000309
85.6820000000000345
90.3300000000000386
91.2730000000000394
91.5960000000000397
92.2050000000000402
93.2300000000000412
93.4870000000000414
94.2390000000000421
97.9070000000000453
98.2280000000000456
99.2400000000000465
99.5710000000000468
101.3660000000000484
103.2700000000000501
104.6880000000000513
104.9730000000000516
131.294000000000075
131.910000000000076
132.411000000000076
132.491000000000076
132.623000000000076
134.025000000000077
134.411000000000078
135.406000000000079
136.068000000000079
136.332000000000079
137.37700000000008
137.47200000000008
155.979000000000097
156.763000000000098
156.873000000000098
157.596000000000098
158.015000000000099
159.5600000000001
161.658000000000102
161.870000000000102
162.176000000000102
162.313000000000103
165.107000000000105
165.698000000000106
165.806000000000106
167.078000000000107
167.168000000000107
167.693000000000107
168.171000000000108
193.887000000000131
194.695000000000131
195.938000000000132
196.334000000000133
197.913000000000134
200.549000000000136
200.669000000000137
202.874000000000139
205.01000000000014
205.402000000000141
211.078000000000146
211.394000000000146
211.514000000000146
267.302000000000196
268.155000000000196
272.0600000000002
273.724000000000201
274.924000000000203
276.126000000000204
293.295000000000219
293.754000000000219
295.573000000000221
295.835000000000221
296.629000000000222
297.190000000000222
384.1950000000003
417.044000000000329
417.99800000000033
419.425000000000331
420.037000000000331
420.858000000000332
421.415000000000333
422.952000000000334
423.621000000000335
426.260000000000337
429.20300000000034
430.907000000000341
433.279000000000343
434.221000000000344
451.442000000000359
452.36900000000036
460.949000000000368
462.434000000000369
463.97000000000037
464.393000000000371
464.766000000000371
465.123000000000371
466.360000000000373
468.375000000000374
468.873000000000375
469.392000000000375
470.545000000000376
470.666000000000376
471.260000000000377
473.458000000000379
473.787000000000379
474.44900000000038
480.205000000000385
480.807000000000385
481.662000000000386
485.99800000000039
488.330000000000392
489.595000000000393
499.181000000000402
501.173000000000403
502.080000000000404
510.950000000000412
511.955000000000413
512.724000000000414
514.708000000000415
515.259000000000416
517.186000000000418
518.665000000000419
520.24600000000042
524.622000000000424
526.966000000000426
527.915000000000427
541.606000000000439
543.265000000000441
544.516000000000442
545.109000000000442
546.611000000000444
547.234000000000444
547.809000000000445
551.210000000000448
551.794000000000448
552.043000000000449
552.512000000000449
552.865000000000449
554.304000000000451
557.124000000000453
557.721000000000454
558.576000000000454
560.217000000000456
573.441000000000468
573.955000000000468
574.995000000000469
578.376000000000472
579.089000000000473
579.778000000000473
580.851000000000474
581.525000000000475
582.307000000000476
583.486000000000477
584.207000000000477
584.889000000000478
585.495000000000478
586.721000000000479
587.47700000000048
588.175000000000481
590.064000000000482
590.875000000000483
591.473000000000484
599.570000000000491
599.820000000000491
600.846000000000492
602.840000000000494
603.609000000000494
604.150000000000495
609.253000000000499
610.475000000000501
612.650000000000502
614.215000000000504
615.287000000000505
616.547000000000506
658.688000000000543
659.591000000000544
660.368000000000545
663.489000000000548
665.80700000000055
667.288000000000551
668.860000000000552
676.053000000000559
787.190000000000658
787.593000000000658
790.62000000000066
791.006000000000661
791.161000000000661
792.477000000000662
793.578000000000663
795.936000000000665
797.195000000000666
799.734000000000669
827.218000000000693
828.387000000000694
830.725000000000696
832.910000000000698
834.034000000000699
835.2210000000007
835.742000000000701
836.930000000000702
837.436000000000702
839.138000000000704
840.117000000000704
843.600000000000708
847.460000000000711
848.763000000000712
850.427000000000714
850.986000000000714
896.995000000000755
899.185000000000757
899.698000000000757
900.621000000000758
902.70600000000076
905.090000000000762
907.397000000000764
908.481000000000765
909.482000000000766
913.159000000000769
915.975000000000772
1157.39700000000099
1158.53200000000099
1158.75800000000099
1160.46600000000099
1162.13800000000099
1163.89100000000099
1170.614000000001
1172.179000000001
1173.150000000001
1174.159000000001
1174.686000000001
1175.450000000001
1176.958000000001
1181.41300000000101
1182.83000000000101
1183.31200000000101
1183.75200000000101
1184.68500000000101
1185.06100000000101
1187.86700000000101
1188.97500000000101
1189.30900000000101
1191.85700000000102
1197.91600000000102
1206.98600000000103
1208.00500000000103
1227.16700000000105
1227.80400000000105
1231.77000000000105
1232.56600000000105
1234.02900000000105
1242.94400000000106
1245.12500000000106
1245.69500000000106
1249.75600000000107
1251.89300000000107
1253.39800000000107
1254.47600000000107
1255.02100000000107
1256.07900000000107
1257.61100000000108
1259.15700000000108
1260.72900000000108
1261.24100000000108
1262.51800000000108
1263.96600000000108
1271.13700000000109
1272.10700000000109
1273.18100000000109
1273.84700000000109
1285.7640000000011
1287.2920000000011
1292.26100000000111
1292.91400000000111
1297.74800000000111
1313.36500000000112
1314.12800000000113
1314.72400000000113
1316.20600000000113
1317.57400000000113
1317.99300000000113
1319.44800000000113
1322.45800000000113
1325.40800000000114
1326.11900000000114
1327.10100000000114
1342.57000000000115
1345.21300000000115
1347.46600000000116
1348.48200000000116
1349.60500000000116
1351.31800000000116
1352.48100000000116
1354.41700000000116
1355.02700000000116
1355.58600000000116
1357.61600000000116
1358.24600000000116
1360.11400000000117
1360.60000000000117
1361.24100000000117
1388.00800000000119
1390.04800000000119
1391.80600000000119
1393.9860000000012
1416.29800000000122
1416.71900000000122
1417.33500000000122
1418.24900000000122
1419.05500000000122
1419.78800000000122
1421.41700000000122
1422.69900000000122
1425.18400000000122
1463.34300000000126
1466.80700000000126
1468.38100000000126
1469.45000000000126
1470.84200000000126
1471.65900000000127
1472.38100000000127
1473.26500000000127
1475.10000000000127
1476.10000000000127
2232.50199999998146
2235.97899999998107
2239.77599999998066
2241.37399999998048
2244.34599999998015
2270.93899999997722
2272.13999999997709
2273.20099999997697
2273.44699999997695
2274.39599999997684
2276.54999999997661
2278.12599999997643
2278.82799999997636
2280.44899999997618
2286.24599999997554
2325.45299999997122
2662.68899999993408
2664.42699999993389
2665.2529999999338
2665.78799999993374
2667.9089999999335
2668.76699999993341
2669.99099999993327
2671.16299999993315
2672.19899999993303
2672.98999999993294
2674.68599999993276
2675.52599999993267
2679.61799999993221
2679.90999999993218
2683.01099999993184
2683.79299999993175
2687.50199999993135
2700.16999999992995
2702.22099999992973
15
-1
23.2549999999999942
53.7030000000000061
81.6910000000000309
99.2410000000000465
137.37800000000008
167.694000000000107
276.127000000000204
452.37000000000036
502.081000000000404
560.218000000000456
616.548000000000506
850.987000000000714
1208.00600000000103
1327.10200000000114
2244.34699999998015
0
0
5000
0
0
0
0
7200
0
0
0
0
0
16
0
4044.4479999997819
1800.00000000000156
1800
0
46
0
1
4
7
10
13
16
19
22
25
28
31
34
37
40
43
46
49
52
55
58
61
64
67
70
73
76
79
82
85
88
91
94
97
100
103
106
109
112
115
118
121
124
127
130
133
136
139
142
145
148
151
154
157
160
163
166
169
172
175
178
181
184
187
190
193
196
199
202
205
208
211
214
217
220
223
226
229
232
235
238
241
244
247
250
253
256
259
262
265
268
271
274
277
280
283
286
289
292
295
298
301
304
307
310
313
316
319
322
325
328
331
334
337
340
343
346
349
352
355
358
361
364
367
370
373
376
379
382
385
388
391
394
397
400
403
406
409
412
415
418
421
424
427
430
433
436
439
442
445
448
451
454
457
460
463
466
469
472
475
478
481
484
487
490
493
496
499
502
505
508
511
514
517
520
523
526
529
532
535
538
541
544
547
550
