3
19
19
3
19
19
1PPR2.13
FR2_day5
0
3
11
08
08
11
54
51
24
2
.3
1
212
1
72
1
1
1
1
1
1
1
1
1
1
1
1
1
1
1
1
1
1
1
1
1
1
211
-1
16.7279999999999997
18.5599999999999982
23.6329999999999939
23.9299999999999936
24.598999999999993
51.394000000000004
53.2030000000000056
55.913000000000008
56.1740000000000082
56.5480000000000086
57.1060000000000091
61.6180000000000131
62.4770000000000138
65.6290000000000166
66.055000000000017
66.8920000000000178
68.0490000000000188
68.276000000000019
81.8950000000000311
82.3650000000000315
84.7350000000000336
86.7130000000000354
87.9740000000000365
89.5860000000000379
93.9400000000000418
95.5180000000000432
95.8810000000000435
98.5970000000000459
100.4600000000000476
100.983000000000048
102.3230000000000492
103.6820000000000504
106.6260000000000531
107.0050000000000534
110.1550000000000562
110.4060000000000564
111.1690000000000571
123.5500000000000681
124.0230000000000685
124.1730000000000686
128.073000000000072
181.96500000000012
182.881000000000121
186.732000000000124
188.657000000000126
189.055000000000126
192.661000000000129
193.77200000000013
195.343000000000132
195.512000000000132
200.408000000000136
200.683000000000137
200.986000000000137
202.578000000000138
202.796000000000138
206.049000000000141
206.439000000000142
207.237000000000142
208.213000000000143
208.625000000000144
208.948000000000144
212.569000000000147
242.826000000000174
243.626000000000175
247.331000000000178
247.588000000000178
247.891000000000179
250.754000000000181
251.306000000000182
253.097000000000183
253.983000000000184
254.929000000000185
255.834000000000186
256.015000000000186
256.324000000000186
257.529000000000187
258.914000000000188
262.825000000000192
263.160000000000192
264.826000000000194
265.592000000000194
308.164000000000232
310.452000000000234
320.140000000000243
320.816000000000243
325.634000000000248
326.247000000000248
326.820000000000249
331.218000000000252
331.389000000000253
332.515000000000254
333.053000000000254
337.965000000000259
338.097000000000259
338.504000000000259
338.844000000000259
344.014000000000264
346.258000000000266
346.874000000000266
367.591000000000285
368.078000000000285
373.15400000000029
373.41300000000029
373.97700000000029
381.773000000000297
383.264000000000299
388.039000000000303
388.488000000000303
388.813000000000304
393.450000000000308
395.36600000000031
395.57400000000031
400.725000000000314
401.330000000000315
401.756000000000315
406.77600000000032
407.25400000000032
408.513000000000321
414.804000000000327
415.470000000000327
425.747000000000336
426.302000000000337
428.754000000000339
429.78200000000034
430.350000000000341
432.155000000000342
432.300000000000342
438.657000000000348
438.813000000000348
464.312000000000371
464.999000000000371
470.513000000000376
471.353000000000377
471.608000000000377
479.850000000000385
480.132000000000385
485.177000000000389
485.51100000000039
487.396000000000391
492.915000000000396
493.658000000000397
498.777000000000401
499.461000000000402
502.453000000000405
507.671000000000409
508.62200000000041
519.205000000000419
522.282000000000422
527.714000000000427
527.996000000000427
637.415000000000524
637.677000000000525
643.91700000000053
644.15500000000053
649.586000000000535
650.067000000000536
655.08500000000054
655.32100000000054
655.652000000000541
660.809000000000545
661.054000000000545
661.408000000000546
666.31200000000055
696.215000000000577
696.589000000000577
837.502000000000702
837.966000000000703
845.341000000000709
845.79800000000071
854.758000000000718
855.103000000000718
864.503000000000726
864.778000000000726
870.890000000000732
871.615000000000732
879.502000000000739
879.70900000000074
887.853000000000747
888.066000000000747
888.266000000000747
894.900000000000753
895.053000000000753
901.981000000000759
902.24500000000076
907.801000000000765
907.985000000000765
914.47900000000077
915.708000000000772
923.981000000000779
924.275000000000779
931.809000000000786
932.154000000000786
940.485000000000794
940.854000000000794
1096.34500000000093
1099.79900000000094
1100.56700000000094
1100.82800000000094
1485.95900000000128
1486.29100000000128
1539.53900000000133
1539.88300000000133
1540.17500000000133
1541.51300000000133
1541.82700000000133
1542.47200000000133
1547.96700000000133
2179.16199999998733
2184.20399999998678
2184.60499999998673
2301.63799999997384
71
-1
18.5599999999999982
24.598999999999993
53.2030000000000056
62.4770000000000138
68.276000000000019
82.3650000000000315
89.5860000000000379
95.8810000000000435
103.6820000000000504
110.4060000000000564
124.0230000000000685
182.881000000000121
189.055000000000126
195.512000000000132
202.578000000000138
208.625000000000144
243.626000000000175
251.306000000000182
258.914000000000188
265.592000000000194
310.452000000000234
320.816000000000243
326.820000000000249
333.053000000000254
338.844000000000259
346.874000000000266
368.078000000000285
373.97700000000029
383.264000000000299
388.813000000000304
395.57400000000031
401.756000000000315
408.513000000000321
415.470000000000327
426.302000000000337
432.300000000000342
438.813000000000348
464.999000000000371
471.353000000000377
480.132000000000385
487.396000000000391
493.658000000000397
502.453000000000405
508.62200000000041
522.282000000000422
527.996000000000427
637.677000000000525
644.15500000000053
650.067000000000536
655.652000000000541
661.408000000000546
696.589000000000577
837.966000000000703
845.79800000000071
855.103000000000718
864.778000000000726
871.615000000000732
879.70900000000074
888.066000000000747
895.053000000000753
902.24500000000076
907.985000000000765
915.708000000000772
924.275000000000779
932.154000000000786
940.854000000000794
1099.79900000000094
1486.29100000000128
1539.88300000000133
2179.16199999998733
2301.63799999997384
2
0
5000
0
0
0
0
2700
99
0
0
0
0
0
0
2700.79599999992988
0
0
0
0
0
0
