3
19
19
3
19
19
PPR2.11
FR2_day5
0
3
10
16
42
11
03
50
24
2
.3
1
100
1
46
1
1
1
1
1
1
1
1
1
1
1
1
1
1
1
1
1
1
1
1
1
1
99
-1
70.9430000000000214
73.8440000000000239
80.65800000000003
183.741000000000122
196.812000000000133
199.639000000000136
200.495000000000136
211.151000000000146
214.569000000000149
227.01400000000016
231.987000000000164
240.035000000000172
244.149000000000175
260.91400000000019
262.749000000000192
284.798000000000211
286.855000000000213
356.414000000000275
358.076000000000276
375.954000000000292
377.834000000000294
393.518000000000308
397.147000000000311
401.786000000000315
403.233000000000316
405.294000000000318
422.435000000000334
423.470000000000334
439.818000000000349
440.97500000000035
442.636000000000351
458.838000000000366
461.452000000000368
478.716000000000384
480.203000000000385
480.889000000000385
483.781000000000388
484.349000000000388
488.186000000000392
489.335000000000393
504.878000000000407
505.352000000000407
525.926000000000425
531.00800000000043
538.993000000000437
540.936000000000439
699.59500000000058
705.973000000000585
720.711000000000598
723.207000000000601
731.318000000000608
736.968000000000613
743.062000000000618
743.670000000000619
751.866000000000626
755.478000000000629
760.974000000000634
762.041000000000635
773.021000000000645
775.243000000000647
783.768000000000654
785.732000000000656
786.424000000000657
793.242000000000663
795.204000000000665
1148.89700000000098
1153.34800000000098
1171.816000000001
1181.13800000000101
1187.88500000000101
1190.12200000000102
1203.49300000000103
1205.38700000000103
1210.43700000000103
1211.25700000000103
1212.67300000000104
1222.47700000000104
1224.32900000000105
1236.45600000000106
1241.44300000000106
1258.83400000000108
1260.00200000000108
1280.6190000000011
1284.7490000000011
1306.33000000000112
1309.12700000000112
1327.24900000000114
1328.66500000000114
1351.18600000000116
1357.54000000000116
1358.33800000000116
1379.14200000000118
1381.03800000000118
1402.9590000000012
1404.37400000000121
1423.80400000000122
1426.05700000000122
1450.82000000000125
1452.92500000000125
45
-1
73.8440000000000239
183.741000000000122
199.639000000000136
214.569000000000149
231.987000000000164
244.149000000000175
262.749000000000192
286.855000000000213
358.076000000000276
377.834000000000294
397.147000000000311
405.294000000000318
423.470000000000334
440.97500000000035
461.452000000000368
480.203000000000385
489.335000000000393
505.352000000000407
531.00800000000043
540.936000000000439
705.973000000000585
723.207000000000601
736.968000000000613
743.670000000000619
755.478000000000629
762.041000000000635
775.243000000000647
785.732000000000656
795.204000000000665
1153.34800000000098
1181.13800000000101
1190.12200000000102
1205.38700000000103
1212.67300000000104
1224.32900000000105
1241.44300000000106
1260.00200000000108
1284.7490000000011
1309.12700000000112
1328.66500000000114
1357.54000000000116
1381.03800000000118
1404.37400000000121
1426.05700000000122
1452.92500000000125
2
0
5000
0
0
0
0
2700
99
0
0
0
0
0
0
2700.79599999992988
0
0
0
0
0
0
