3
19
19
3
19
19
1PPR2.16
FR2_day5
0
2
11
08
05
11
54
01
24
2
.3
1
59
1
24
1
1
1
1
1
1
1
1
1
1
1
1
1
1
1
1
1
1
1
1
1
1
58
-1
13.08100000000000026
15.90100000000000032
17.1389999999999994
18.3129999999999984
41.9369999999999956
45.9699999999999992
54.6800000000000069
56.9640000000000089
57.1550000000000091
64.5510000000000157
66.1450000000000171
76.7800000000000266
77.1550000000000269
83.4700000000000325
84.4870000000000334
93.4580000000000414
94.2520000000000421
99.823000000000047
100.3280000000000475
105.6860000000000522
106.585000000000053
116.4770000000000618
116.8570000000000621
122.4650000000000671
128.356000000000072
166.609000000000106
168.054000000000108
198.092000000000134
198.680000000000135
220.848000000000155
221.318000000000155
238.72700000000017
244.834000000000176
250.787000000000181
251.370000000000182
257.840000000000187
258.156000000000188
259.329000000000189
269.169000000000197
269.788000000000198
303.278000000000228
308.396000000000232
309.894000000000234
310.523000000000234
311.463000000000235
311.655000000000235
312.436000000000236
313.057000000000236
323.575000000000246
325.867000000000248
326.370000000000248
336.778000000000257
337.996000000000259
351.40300000000027
353.642000000000272
410.517000000000323
511.937000000000413
1329.31100000000114
23
-1
15.90100000000000032
45.9699999999999992
56.9640000000000089
66.1450000000000171
77.1550000000000269
84.4870000000000334
94.2520000000000421
100.3280000000000475
106.585000000000053
116.8570000000000621
128.356000000000072
168.054000000000108
198.680000000000135
221.318000000000155
244.834000000000176
251.370000000000182
258.156000000000188
269.788000000000198
308.396000000000232
325.867000000000248
337.996000000000259
353.642000000000272
511.937000000000413
2
0
5000
0
0
0
0
2700
99
0
0
0
0
0
0
2700.79599999992988
0
0
0
0
0
0
