3
16
19
3
16
19
PPR2.12
FR2_day3
0
4
10
09
18
10
56
04
24
2
.3
1
80
1
40
1
1
1
1
1
1
1
1
1
1
1
1
1
1
1
1
1
1
1
1
1
1
79
-1
113.6020000000000592
115.3650000000000608
128.359000000000072
131.549000000000075
138.116000000000081
140.420000000000083
145.786000000000088
228.856000000000162
242.775000000000174
243.495000000000175
251.010000000000181
252.622000000000183
276.418000000000204
278.737000000000206
290.156000000000216
292.666000000000218
301.966000000000227
304.270000000000229
313.625000000000237
316.166000000000239
320.443000000000243
322.673000000000245
324.539000000000247
330.095000000000252
332.677000000000254
339.55400000000026
341.197000000000261
346.677000000000266
347.430000000000267
354.357000000000273
356.709000000000275
381.604000000000297
384.4100000000003
389.875000000000305
391.807000000000306
397.597000000000311
399.518000000000313
703.932000000000584
706.217000000000586
726.244000000000603
727.031000000000604
749.877000000000624
751.514000000000626
764.924000000000638
767.38700000000064
781.552000000000652
782.722000000000654
806.476000000000675
808.624000000000676
817.130000000000684
819.235000000000686
830.985000000000696
833.222000000000698
846.66000000000071
849.102000000000712
865.342000000000727
868.29500000000073
875.489000000000736
877.502000000000738
884.215000000000744
885.931000000000745
898.163000000000756
899.365000000000757
905.678000000000763
907.796000000000765
922.464000000000778
924.315000000000779
935.624000000000789
937.066000000000791
946.231000000000799
948.1010000000008
961.214000000000812
965.012000000000815
976.274000000000825
978.730000000000828
987.248000000000835
988.517000000000836
1016.847000000000861
1037.76400000000088
39
-1
115.3650000000000608
131.549000000000075
140.420000000000083
228.856000000000162
243.495000000000175
252.622000000000183
278.737000000000206
292.666000000000218
304.270000000000229
316.166000000000239
324.539000000000247
332.677000000000254
341.197000000000261
347.430000000000267
356.709000000000275
384.4100000000003
391.807000000000306
399.518000000000313
706.217000000000586
727.031000000000604
751.514000000000626
767.38700000000064
782.722000000000654
808.624000000000676
819.235000000000686
833.222000000000698
849.102000000000712
868.29500000000073
877.502000000000738
885.931000000000745
899.365000000000757
907.796000000000765
924.315000000000779
937.066000000000791
948.1010000000008
965.012000000000815
978.730000000000828
988.517000000000836
1037.76400000000088
2
0
5000
0
0
0
0
2700
99
0
0
0
0
0
0
2700.79599999992988
0
0
0
0
0
0
