3
21
19
3
21
19
PPR2.11
FR5_day2
0
3
10
30
31
11
17
33
24
2
.3
1
230
1
45
1
1
1
1
1
1
1
1
1
1
1
1
1
1
1
1
1
1
1
1
1
1
229
-1
83.1120000000000322
87.0070000000000356
88.7300000000000372
90.1620000000000384
91.2650000000000394
105.481000000000052
107.5210000000000538
109.3030000000000554
110.7110000000000567
265.517000000000194
275.106000000000203
277.627000000000205
279.712000000000207
285.477000000000212
288.222000000000214
294.45200000000022
299.209000000000224
301.180000000000226
302.918000000000227
306.621000000000231
312.459000000000236
315.814000000000239
317.25300000000024
319.447000000000242
321.144000000000244
325.220000000000247
326.247000000000248
328.60700000000025
335.092000000000256
337.143000000000258
338.363000000000259
340.564000000000261
348.521000000000268
355.899000000000274
357.317000000000276
359.063000000000277
360.400000000000278
459.987000000000367
460.745000000000368
461.872000000000369
462.596000000000369
463.02000000000037
470.347000000000376
471.257000000000377
475.15900000000038
476.022000000000381
477.653000000000383
488.010000000000392
491.305000000000395
494.195000000000397
495.602000000000398
500.217000000000403
522.154000000000422
523.898000000000424
527.079000000000426
528.075000000000427
528.766000000000428
536.304000000000435
537.935000000000436
538.626000000000437
538.829000000000437
541.335000000000439
552.126000000000449
553.67300000000045
555.989000000000452
558.132000000000454
558.956000000000455
566.783000000000462
568.104000000000463
572.045000000000466
574.564000000000469
580.784000000000474
588.242000000000481
590.582000000000483
592.682000000000485
593.712000000000486
594.852000000000487
603.934000000000495
605.244000000000496
607.563000000000498
608.812000000000499
611.560000000000502
624.322000000000513
627.984000000000516
628.878000000000517
630.682000000000518
631.546000000000519
637.383000000000524
639.292000000000526
641.746000000000528
645.491000000000532
646.859000000000533
664.756000000000549
665.76900000000055
667.854000000000552
669.301000000000553
670.269000000000554
685.493000000000567
686.004000000000568
687.418000000000569
689.312000000000571
690.766000000000572
691.616000000000573
702.508000000000582
705.112000000000585
706.028000000000585
708.273000000000587
711.33200000000059
718.878000000000597
720.468000000000598
722.9440000000006
724.568000000000602
725.017000000000602
746.847000000000622
748.096000000000623
748.691000000000623
750.744000000000625
751.507000000000626
767.10600000000064
769.577000000000642
769.991000000000642
772.111000000000644
774.193000000000646
786.551000000000657
786.847000000000657
787.351000000000658
789.44100000000066
789.95400000000066
805.241000000000674
805.971000000000674
806.761000000000675
808.883000000000677
810.458000000000678
822.407000000000689
825.041000000000691
825.505000000000692
826.723000000000693
827.100000000000693
835.4490000000007
843.618000000000708
844.033000000000708
846.76500000000071
847.947000000000711
865.111000000000727
865.932000000000727
866.788000000000728
868.44900000000073
869.641000000000731
879.435000000000739
880.54100000000074
884.708000000000744
885.369000000000745
888.664000000000748
899.306000000000757
899.990000000000758
902.027000000000759
903.09400000000076
903.540000000000761
911.459000000000768
911.724000000000768
912.309000000000769
915.172000000000771
917.108000000000773
926.305000000000781
927.677000000000782
929.776000000000784
931.920000000000786
933.376000000000787
946.754000000000799
950.094000000000802
950.711000000000803
952.725000000000804
958.74900000000081
976.728000000000826
978.127000000000827
980.652000000000829
983.592000000000832
984.509000000000833
1000.415000000000847
1001.366000000000848
1001.701000000000848
1003.371000000000849
1004.27700000000085
1015.26800000000086
1016.665000000000861
1018.405000000000863
1019.378000000000864
1020.115000000000864
1035.76500000000088
1037.67600000000088
1042.34700000000088
1044.64300000000089
1045.42300000000089
1055.8790000000009
1059.3260000000009
1061.3530000000009
1062.5890000000009
1064.7040000000009
1073.20300000000091
1075.38000000000091
1077.33100000000092
1078.38100000000092
1080.93600000000092
1095.53500000000093
1097.70900000000093
1098.86700000000093
1100.96700000000094
1101.31100000000094
1120.64100000000095
1121.79600000000095
1122.22800000000096
1123.28100000000096
1124.45400000000096
1125.37200000000096
1127.49000000000096
1128.11500000000096
1130.54100000000096
1131.53300000000096
1134.35500000000097
1134.86700000000097
1141.32500000000097
1148.21100000000098
1148.94100000000098
1152.31200000000098
1154.11400000000098
1230.15400000000105
1230.55600000000105
1243.27400000000106
1541.24100000000133
44
-1
91.2650000000000394
265.517000000000194
288.222000000000214
306.621000000000231
321.144000000000244
340.564000000000261
360.400000000000278
463.02000000000037
477.653000000000383
500.217000000000403
528.766000000000428
541.335000000000439
558.956000000000455
580.784000000000474
594.852000000000487
611.560000000000502
631.546000000000519
646.859000000000533
670.269000000000554
690.766000000000572
711.33200000000059
725.017000000000602
751.507000000000626
774.193000000000646
789.95400000000066
810.458000000000678
827.100000000000693
847.947000000000711
869.641000000000731
888.664000000000748
903.540000000000761
917.108000000000773
933.376000000000787
958.74900000000081
984.509000000000833
1004.27700000000085
1020.115000000000864
1045.42300000000089
1064.7040000000009
1080.93600000000092
1101.31100000000094
1124.45400000000096
1141.32500000000097
1230.15400000000105
5
0
5000
0
0
0
0
2700
99
0
0
0
0
0
0
2700.79599999992988
0
0
0
0
0
0
