3
22
19
3
22
19
PPR2.15
FR5_day3
0
1
11
07
51
11
56
08
24
2
.3
1
116
1
23
1
1
1
1
1
1
1
1
1
1
1
1
1
1
1
1
1
1
1
1
1
1
115
-1
39.0879999999999931
39.5019999999999934
39.8169999999999937
43.8919999999999973
44.4719999999999979
44.7149999999999981
48.8930000000000018
49.4070000000000022
52.2110000000000047
52.8190000000000053
52.9750000000000054
53.3450000000000057
53.7440000000000061
60.1260000000000118
60.2370000000000119
60.7980000000000124
62.2030000000000136
76.142000000000026
81.5620000000000308
81.9940000000000312
82.4590000000000316
83.1570000000000322
86.8740000000000355
92.7120000000000407
93.047000000000041
93.5150000000000414
94.0470000000000419
94.7910000000000425
148.78600000000009
150.696000000000092
151.299000000000093
151.800000000000093
153.402000000000095
159.1240000000001
159.3080000000001
160.131000000000101
160.670000000000101
162.907000000000103
163.075000000000103
168.025000000000108
168.595000000000108
169.888000000000109
171.916000000000111
176.981000000000116
195.710000000000132
277.347000000000205
278.463000000000206
280.284000000000207
284.313000000000211
285.717000000000212
293.490000000000219
319.079000000000242
319.655000000000242
320.688000000000243
321.011000000000243
583.862000000000477
584.715000000000478
587.77600000000048
588.465000000000481
588.995000000000481
596.409000000000488
603.876000000000495
606.788000000000497
609.8840000000005
610.619000000000501
625.232000000000514
626.856000000000515
627.773000000000516
628.351000000000516
631.037000000000519
638.583000000000526
639.788000000000527
640.196000000000527
640.738000000000527
641.531000000000528
648.094000000000534
649.059000000000535
649.293000000000535
649.947000000000536
650.464000000000536
658.409000000000543
659.020000000000544
659.445000000000544
660.323000000000545
660.826000000000545
668.707000000000552
668.879000000000552
670.931000000000554
674.239000000000557
674.569000000000557
683.039000000000565
683.869000000000566
684.711000000000566
684.872000000000567
685.962000000000568
701.993000000000582
702.715000000000582
705.043000000000584
706.607000000000586
707.616000000000587
715.603000000000594
716.646000000000595
717.324000000000595
719.285000000000597
720.473000000000598
733.045000000000609
733.61400000000061
735.552000000000612
736.177000000000612
736.880000000000613
751.592000000000626
752.289000000000626
803.981000000000672
804.715000000000673
806.524000000000675
22
-1
44.4719999999999979
53.7440000000000061
76.142000000000026
86.8740000000000355
94.7910000000000425
153.402000000000095
162.907000000000103
195.710000000000132
285.717000000000212
321.011000000000243
588.995000000000481
610.619000000000501
631.037000000000519
641.531000000000528
650.464000000000536
660.826000000000545
674.569000000000557
685.962000000000568
707.616000000000587
720.473000000000598
736.880000000000613
806.524000000000675
5
0
5000
0
0
0
0
2700
99
0
0
0
0
0
0
2700.79599999992988
0
0
0
0
0
0
