3
11
19
3
11
19
PPR2.16
FR1_day3
0
2
10
47
23
11
33
36
24
2
.3
1
50
1
38
1
1
1
1
1
1
1
1
1
1
1
1
1
1
1
1
1
1
1
1
1
1
49
-1
115.9780000000000614
123.505000000000068
136.59800000000008
150.268000000000092
158.790000000000099
216.09700000000015
225.125000000000158
233.417000000000166
247.458000000000178
254.544000000000184
262.807000000000192
277.294000000000205
284.823000000000211
285.779000000000212
286.477000000000213
288.377000000000214
289.610000000000216
315.656000000000239
328.23200000000025
410.495000000000323
412.750000000000325
416.058000000000328
465.089000000000371
565.840000000000461
586.093000000000479
586.656000000000479
587.93000000000048
599.605000000000491
599.915000000000491
611.748000000000502
628.969000000000517
645.537000000000532
654.66800000000054
655.16000000000054
668.287000000000552
708.712000000000588
723.633000000000601
739.492000000000615
773.640000000000645
791.677000000000662
802.884000000000671
924.019000000000779
941.431000000000794
944.866000000000798
946.522000000000799
948.760000000000801
952.101000000000804
954.275000000000806
2457.44599999995668
37
-1
115.9780000000000614
123.505000000000068
136.59800000000008
150.268000000000092
158.790000000000099
216.09700000000015
225.125000000000158
233.417000000000166
247.458000000000178
254.544000000000184
262.807000000000192
277.294000000000205
284.823000000000211
315.656000000000239
328.23200000000025
410.495000000000323
416.058000000000328
465.089000000000371
565.840000000000461
586.093000000000479
599.605000000000491
611.748000000000502
628.969000000000517
645.537000000000532
654.66800000000054
668.287000000000552
708.712000000000588
723.633000000000601
739.492000000000615
773.640000000000645
791.677000000000662
802.884000000000671
924.019000000000779
941.431000000000794
948.760000000000801
954.275000000000806
2457.44599999995668
1
0
5000
0
0
0
0
2700
99
0
0
0
0
0
0
2700.79699999992988
0
0
0
0
0
0
