3
21
19
3
21
19
PPR2.15
FR5_day2
0
1
11
20
07
12
07
15
24
2
.3
1
72
1
15
1
1
1
1
1
1
1
1
1
1
1
1
1
1
1
1
1
1
1
1
1
1
71
-1
94.2760000000000421
96.9820000000000445
97.7780000000000452
98.3510000000000457
100.0490000000000472
107.5620000000000539
117.0490000000000623
117.9690000000000631
119.3370000000000644
121.8180000000000666
121.9630000000000667
178.436000000000117
182.50200000000012
184.615000000000122
185.778000000000123
188.636000000000126
204.77100000000014
205.707000000000141
206.191000000000141
208.688000000000144
211.125000000000146
230.825000000000163
231.716000000000164
233.937000000000166
236.159000000000168
239.234000000000171
249.47700000000018
250.08100000000018
250.571000000000181
253.833000000000184
256.002000000000186
284.408000000000211
286.707000000000213
291.903000000000218
292.362000000000218
295.582000000000221
301.296000000000226
302.072000000000227
303.819000000000228
306.17600000000023
306.754000000000231
332.263000000000253
333.963000000000255
334.420000000000255
335.680000000000256
358.358000000000277
373.37900000000029
374.601000000000291
376.904000000000293
377.750000000000294
378.099000000000294
435.924000000000346
438.285000000000348
439.938000000000349
446.057000000000354
449.484000000000358
457.216000000000364
458.070000000000365
458.706000000000366
460.693000000000368
461.796000000000369
474.32800000000038
475.24600000000038
481.475000000000386
488.111000000000392
491.867000000000395
501.387000000000404
503.241000000000405
506.319000000000408
510.920000000000412
512.068000000000413
14
-1
100.0490000000000472
121.8180000000000666
188.636000000000126
211.125000000000146
239.234000000000171
256.002000000000186
295.582000000000221
306.754000000000231
358.358000000000277
378.099000000000294
449.484000000000358
461.796000000000369
491.867000000000395
512.068000000000413
5
0
5000
0
0
0
0
2700
99
0
0
0
0
0
0
2700.79599999992988
0
0
0
0
0
0
