3
27
19
3
27
19
PPR2.16
PR3_day3
0
2
11
13
32
11
47
57
23
3
.3
1
64
1
7
1
1
1
1
1
1
1
1
1
1
1
1
1
1
1
1
1
1
1
1
1
184
63
-1
54.6480000000000069
63.3240000000000146
63.9980000000000152
64.2730000000000154
64.931000000000016
65.2470000000000163
70.9000000000000213
71.8560000000000222
73.2800000000000234
73.5380000000000237
73.7890000000000239
74.7140000000000247
75.011000000000025
84.5680000000000335
85.6070000000000344
86.9670000000000356
87.5030000000000361
87.7530000000000363
88.2400000000000367
88.4630000000000369
89.8710000000000382
90.5680000000000388
91.7280000000000398
101.8500000000000488
102.4710000000000494
103.5400000000000503
104.3820000000000511
104.8780000000000515
105.8440000000000524
106.6850000000000531
107.4270000000000538
107.9410000000000542
108.5530000000000548
109.1030000000000553
110.6710000000000566
111.3390000000000572
123.2090000000000678
125.2200000000000696
125.4300000000000698
126.1460000000000704
127.5380000000000716
128.929000000000073
129.006000000000073
129.234000000000073
129.486000000000073
129.997000000000074
130.367000000000074
130.962000000000075
132.595000000000076
132.828000000000076
133.206000000000077
133.502000000000077
194.043000000000131
195.403000000000132
196.617000000000133
200.229000000000136
200.348000000000136
202.307000000000138
204.42900000000014
204.67800000000014
205.221000000000141
208.465000000000144
208.823000000000144
6
-1
54.6490000000000069
64.932000000000016
75.012000000000025
91.7290000000000398
111.3400000000000572
133.503000000000077
0
0
5000
0
0
0
0
7200
0
0
0
0
0
7
0
1933.60400000000168
1800.00000000000156
1800
0
19
0
1
4
7
10
13
16
19
22
25
28
31
34
37
40
43
46
49
52
55
58
61
64
67
70
73
76
79
82
85
88
91
94
97
100
103
106
109
112
115
118
121
124
127
130
133
136
139
142
145
148
151
154
157
160
163
166
169
172
175
178
181
184
187
190
193
196
199
202
205
208
211
214
217
220
223
226
229
232
235
238
241
244
247
250
253
256
259
262
265
268
271
274
277
280
283
286
289
292
295
298
301
304
307
310
313
316
319
322
325
328
331
334
337
340
343
346
349
352
355
358
361
364
367
370
373
376
379
382
385
388
391
394
397
400
403
406
409
412
415
418
421
424
427
430
433
436
439
442
445
448
451
454
457
460
463
466
469
472
475
478
481
484
487
490
493
496
499
502
505
508
511
514
517
520
523
526
529
532
535
538
541
544
547
550
