3
23
19
3
23
19
PPR2.11
FR5_day4
0
3
10
10
01
10
56
24
24
2
.3
1
88
1
18
1
1
1
1
1
1
1
1
1
1
1
1
1
1
1
1
1
1
1
1
1
1
87
-1
273.756000000000201
276.635000000000204
278.660000000000206
280.213000000000207
286.455000000000213
294.61600000000022
297.646000000000223
298.359000000000223
299.989000000000225
301.487000000000226
677.19800000000056
678.185000000000561
679.233000000000562
681.152000000000563
684.299000000000566
698.003000000000578
700.668000000000581
702.103000000000582
704.191000000000584
705.126000000000585
715.174000000000594
716.446000000000595
716.819000000000595
718.681000000000597
719.814000000000598
728.794000000000606
729.499000000000606
730.271000000000607
732.485000000000609
732.974000000000609
742.283000000000618
743.357000000000618
746.593000000000621
747.303000000000622
749.067000000000624
757.603000000000631
759.412000000000633
760.400000000000634
764.563000000000637
765.404000000000638
777.491000000000649
778.94900000000065
779.886000000000651
780.260000000000651
781.202000000000652
795.361000000000665
796.275000000000666
796.747000000000666
797.052000000000666
799.097000000000668
804.910000000000673
806.061000000000674
807.640000000000676
808.433000000000676
810.952000000000679
819.994000000000687
821.488000000000688
822.462000000000689
823.18400000000069
823.50300000000069
843.325000000000707
844.729000000000709
845.157000000000709
845.598000000000709
848.708000000000712
856.700000000000719
870.562000000000732
871.322000000000732
873.575000000000734
874.838000000000735
875.248000000000736
894.347000000000753
896.010000000000754
896.345000000000754
899.438000000000757
911.639000000000768
942.400000000000795
943.612000000000796
945.122000000000798
945.646000000000798
947.0990000000008
972.098000000000822
972.520000000000822
972.887000000000822
984.136000000000832
985.031000000000833
985.914000000000834
17
-1
286.455000000000213
301.487000000000226
684.299000000000566
705.126000000000585
719.814000000000598
732.974000000000609
749.067000000000624
765.404000000000638
781.202000000000652
799.097000000000668
810.952000000000679
823.50300000000069
848.708000000000712
874.838000000000735
911.639000000000768
947.0990000000008
985.031000000000833
5
0
5000
0
0
0
0
2700
99
0
0
0
0
0
0
2700.79599999992988
0
0
0
0
0
0
