3
09
19
3
09
19
PPR2.13
FR1_day1
0
3
10
43
31
11
29
33
24
2
.3
1
39
1
21
1
1
1
1
1
1
1
1
1
1
1
1
1
1
1
1
1
1
1
1
1
1
38
-1
45.807999999999999
46.2689999999999994
90.7340000000000389
91.0140000000000392
365.226000000000283
368.335000000000286
370.126000000000287
371.310000000000288
372.700000000000289
374.549000000000291
375.838000000000292
376.533000000000293
446.864000000000355
447.282000000000356
451.102000000000359
453.469000000000361
454.083000000000362
454.966000000000362
455.926000000000363
456.116000000000363
456.582000000000364
457.504000000000365
517.527000000000418
521.085000000000421
667.401000000000551
687.350000000000569
689.321000000000571
690.247000000000571
693.188000000000574
705.223000000000585
848.671000000000712
1867.73200000000162
1895.16000000000164
1957.9610000000017
2054.03400000000111
2110.39799999999491
2141.49299999999148
2190.14999999998612
20
-1
45.807999999999999
90.7340000000000389
365.226000000000283
371.310000000000288
376.533000000000293
446.864000000000355
453.469000000000361
517.527000000000418
667.401000000000551
687.350000000000569
693.188000000000574
705.223000000000585
848.671000000000712
1867.73200000000162
1895.16000000000164
1957.9610000000017
2054.03400000000111
2110.39799999999491
2141.49299999999148
2190.14999999998612
1
0
5000
0
0
0
0
2700
99
0
0
0
0
0
0
2700.79699999992988
0
0
0
0
0
0
