3
12
19
3
12
19
PPR2.16
FR1_day4
0
2
11
11
01
11
58
02
24
2
.3
1
20
1
13
1
1
1
1
1
1
1
1
1
1
1
1
1
1
1
1
1
1
1
1
1
1
19
-1
9.24800000000000018
65.0980000000000162
97.605000000000045
103.6910000000000504
109.7270000000000558
110.3680000000000564
113.7240000000000594
116.700000000000062
161.549000000000102
163.395000000000103
163.788000000000104
167.133000000000107
167.445000000000107
226.358000000000159
227.928000000000161
232.663000000000165
266.098000000000195
266.488000000000195
431.534000000000342
12
-1
9.24800000000000018
65.0980000000000162
97.605000000000045
103.6910000000000504
109.7270000000000558
116.700000000000062
161.549000000000102
167.133000000000107
226.358000000000159
232.663000000000165
266.098000000000195
431.534000000000342
1
0
5000
0
0
0
0
2700
99
0
0
0
0
0
0
2700.79699999992988
0
0
0
0
0
0
