3
16
19
3
16
19
PPR2.14
FR2_day3
0
4
10
58
28
11
45
26
24
2
.3
1
109
1
45
1
1
1
1
1
1
1
1
1
1
1
1
1
1
1
1
1
1
1
1
1
1
108
-1
106.1740000000000527
107.8040000000000541
115.2900000000000608
115.516000000000061
115.8830000000000613
121.9470000000000667
125.6320000000000699
126.1180000000000704
137.30000000000008
138.006000000000081
145.198000000000087
145.593000000000088
152.056000000000093
152.401000000000094
152.607000000000094
159.2910000000001
160.209000000000101
161.248000000000102
167.081000000000107
167.776000000000107
175.209000000000114
177.174000000000116
177.501000000000116
181.62800000000012
182.05200000000012
182.34200000000012
182.659000000000121
189.375000000000127
196.263000000000133
198.891000000000135
263.807000000000193
266.617000000000195
329.251000000000251
330.918000000000252
336.711000000000257
336.977000000000258
343.413000000000263
343.838000000000264
350.53300000000027
351.07400000000027
359.479000000000278
359.794000000000278
379.892000000000296
380.496000000000296
397.975000000000312
409.152000000000322
416.761000000000328
421.465000000000333
436.800000000000346
533.638000000000432
637.300000000000524
640.411000000000527
647.459000000000533
661.178000000000546
675.350000000000558
675.797000000000559
706.033000000000585
708.440000000000588
718.686000000000597
719.522000000000597
732.034000000000608
732.698000000000609
748.323000000000623
748.694000000000623
758.956000000000632
759.750000000000633
772.857000000000645
777.487000000000649
786.059000000000656
786.614000000000657
808.469000000000676
812.70000000000068
822.605000000000689
823.068000000000689
834.6960000000007
835.0000000000007
848.093000000000712
848.816000000000712
862.994000000000725
863.219000000000725
883.684000000000743
884.135000000000744
919.683000000000775
1115.37600000000095
1115.65500000000095
1117.59800000000095
1118.02300000000095
1118.42900000000095
1118.85600000000095
1122.47700000000096
1122.97800000000096
1127.92300000000096
1128.13900000000096
1130.31900000000096
1131.01200000000096
1132.17500000000096
1135.11600000000097
1136.09200000000097
1136.27400000000097
1136.47900000000097
1136.66900000000097
1144.92800000000098
1145.42300000000098
1152.55900000000098
1158.95200000000099
1173.777000000001
1176.130000000001
1176.248000000001
44
-1
107.8040000000000541
115.516000000000061
125.6320000000000699
138.006000000000081
145.593000000000088
152.401000000000094
160.209000000000101
167.776000000000107
177.174000000000116
189.375000000000127
198.891000000000135
266.617000000000195
330.918000000000252
336.977000000000258
343.838000000000264
351.07400000000027
359.794000000000278
380.496000000000296
409.152000000000322
421.465000000000333
533.638000000000432
640.411000000000527
661.178000000000546
675.797000000000559
708.440000000000588
719.522000000000597
732.698000000000609
748.694000000000623
759.750000000000633
777.487000000000649
786.614000000000657
812.70000000000068
823.068000000000689
835.0000000000007
848.816000000000712
863.219000000000725
884.135000000000744
1115.37600000000095
1122.97800000000096
1131.01200000000096
1136.47900000000097
1145.42300000000098
1158.95200000000099
1176.130000000001
2
0
5000
0
0
0
0
2700
99
0
0
0
0
0
0
2700.79599999992988
0
0
0
0
0
0
