3
12
19
3
12
19
PPR2.12
FR1_day4
0
4
10
18
57
11
05
37
24
2
.3
1
48
1
35
1
1
1
1
1
1
1
1
1
1
1
1
1
1
1
1
1
1
1
1
1
1
47
-1
47.1160000000000002
49.176000000000002
85.5930000000000344
86.1100000000000348
89.9370000000000382
90.1700000000000384
90.786000000000039
96.7590000000000443
102.5320000000000494
106.7740000000000532
110.2760000000000563
110.8260000000000568
117.1790000000000624
123.3830000000000679
130.461000000000074
134.756000000000078
138.801000000000082
139.004000000000082
225.126000000000158
383.111000000000299
384.8400000000003
385.347000000000301
386.013000000000301
392.347000000000307
403.906000000000317
448.457000000000357
467.999000000000374
476.055000000000381
489.234000000000393
497.865000000000401
510.208000000000412
522.260000000000422
530.152000000000429
540.938000000000439
572.087000000000466
572.361000000000467
580.033000000000473
653.033000000000538
669.396000000000553
684.142000000000566
696.215000000000577
735.957000000000612
748.162000000000623
774.927000000000647
775.210000000000647
804.836000000000673
813.246000000000681
34
-1
47.1160000000000002
85.5930000000000344
90.786000000000039
96.7590000000000443
102.5320000000000494
110.2760000000000563
117.1790000000000624
123.3830000000000679
130.461000000000074
138.801000000000082
225.126000000000158
383.111000000000299
392.347000000000307
403.906000000000317
448.457000000000357
467.999000000000374
476.055000000000381
489.234000000000393
497.865000000000401
510.208000000000412
522.260000000000422
530.152000000000429
540.938000000000439
572.087000000000466
580.033000000000473
653.033000000000538
669.396000000000553
684.142000000000566
696.215000000000577
735.957000000000612
748.162000000000623
774.927000000000647
804.836000000000673
813.246000000000681
1
0
5000
0
0
0
0
2700
99
0
0
0
0
0
0
2700.79699999992988
0
0
0
0
0
0
