3
20
19
3
20
19
PPR2.13
FR5_day1
0
3
11
11
50
11
58
01
24
2
.3
1
592
1
81
1
1
1
1
1
1
1
1
1
1
1
1
1
1
1
1
1
1
1
1
1
1
591
-1
0.805
1.70000000000000002
2.11300000000000003
3.30000000000000006
3.42800000000000006
23.9669999999999936
25.3189999999999924
25.5769999999999922
27.063999999999991
28.3889999999999898
33.7569999999999883
46.1479999999999993
47.3400000000000004
48.1370000000000011
48.4450000000000014
51.5800000000000042
52.2440000000000048
52.8380000000000053
53.0110000000000054
53.2980000000000057
53.8170000000000062
55.2140000000000074
55.5010000000000076
56.0680000000000082
56.6560000000000087
78.5540000000000281
78.7790000000000283
80.0490000000000295
81.0240000000000303
81.6000000000000308
92.6490000000000406
92.9510000000000409
93.7400000000000416
94.1070000000000419
94.3750000000000422
94.4600000000000422
96.484000000000044
96.9990000000000445
97.2960000000000448
97.3860000000000448
98.0860000000000455
118.5440000000000636
119.8850000000000648
120.9000000000000657
121.217000000000066
122.1560000000000668
122.3960000000000671
126.1850000000000704
127.2830000000000714
127.4880000000000716
127.6900000000000718
128.184000000000072
128.600000000000073
129.363000000000073
152.148000000000093
152.478000000000094
152.798000000000094
153.199000000000094
153.898000000000095
156.861000000000098
160.371000000000101
160.977000000000101
197.237000000000134
197.511000000000134
197.716000000000134
201.703000000000138
202.030000000000138
202.215000000000138
203.268000000000139
203.607000000000139
205.409000000000141
205.696000000000141
206.247000000000142
209.078000000000144
209.327000000000144
209.710000000000145
210.035000000000145
211.350000000000146
211.575000000000146
212.528000000000147
213.103000000000148
217.388000000000151
217.800000000000152
221.595000000000155
271.156000000000199
272.3130000000002
272.6290000000002
273.562000000000201
273.959000000000202
276.340000000000204
276.648000000000204
277.357000000000205
277.865000000000205
278.238000000000205
278.460000000000206
279.543000000000207
279.945000000000207
280.427000000000207
280.803000000000208
280.984000000000208
282.021000000000209
282.95600000000021
283.63300000000021
283.79300000000021
284.214000000000211
285.564000000000212
286.049000000000212
286.517000000000213
287.106000000000213
287.340000000000214
289.817000000000216
290.558000000000216
309.515000000000233
309.660000000000233
333.021000000000254
333.278000000000254
333.817000000000255
338.670000000000259
339.21400000000026
340.02500000000026
341.304000000000261
341.730000000000262
342.270000000000262
346.333000000000266
346.492000000000266
346.697000000000266
348.654000000000268
349.119000000000268
349.327000000000269
349.586000000000269
350.38200000000027
374.101000000000291
374.320000000000291
376.593000000000293
377.033000000000293
377.356000000000294
381.921000000000298
382.084000000000298
382.948000000000298
383.113000000000299
383.932000000000299
384.2310000000003
385.593000000000301
389.376000000000304
389.629000000000304
389.940000000000305
390.179000000000305
390.537000000000305
391.030000000000306
392.289000000000307
392.557000000000307
392.822000000000307
393.458000000000308
400.333000000000314
400.598000000000314
400.989000000000314
401.694000000000315
401.844000000000315
421.449000000000333
421.588000000000333
422.082000000000333
422.462000000000334
422.776000000000334
426.891000000000338
427.181000000000338
427.354000000000338
428.063000000000339
428.546000000000339
428.882000000000339
430.671000000000341
430.887000000000341
434.427000000000344
434.565000000000344
434.820000000000345
435.146000000000345
435.955000000000346
436.261000000000346
436.679000000000346
436.973000000000346
438.013000000000347
438.299000000000348
441.818000000000351
442.072000000000351
442.337000000000351
442.677000000000352
443.116000000000352
443.734000000000352
445.265000000000354
445.436000000000354
446.104000000000355
446.291000000000355
467.156000000000373
467.520000000000374
468.714000000000375
469.058000000000375
470.405000000000376
474.64700000000038
474.93200000000038
475.15700000000038
475.570000000000381
476.358000000000381
476.820000000000382
477.606000000000383
478.119000000000383
478.320000000000383
481.662000000000386
481.851000000000386
482.725000000000387
482.951000000000387
483.868000000000388
484.092000000000388
485.68500000000039
485.90800000000039
486.25700000000039
505.195000000000407
505.520000000000407
506.005000000000408
506.352000000000408
506.820000000000408
510.192000000000412
510.363000000000412
510.709000000000412
510.993000000000412
511.511000000000413
511.755000000000413
513.083000000000414
513.305000000000414
513.567000000000414
513.991000000000415
514.879000000000416
518.334000000000419
540.564000000000438
540.967000000000439
541.758000000000439
542.08100000000044
542.32800000000044
545.688000000000443
546.040000000000443
546.448000000000444
547.061000000000444
548.141000000000445
548.706000000000446
549.203000000000446
549.495000000000446
549.969000000000447
554.04900000000045
554.823000000000451
555.108000000000451
556.020000000000452
556.469000000000453
556.801000000000453
557.137000000000453
559.412000000000455
559.765000000000455
563.492000000000459
563.662000000000459
564.36000000000046
564.92900000000046
565.13900000000046
565.36300000000046
566.634000000000462
566.828000000000462
601.649000000000493
602.019000000000493
602.406000000000493
603.422000000000494
603.682000000000494
608.055000000000498
608.371000000000499
610.4390000000005
611.569000000000502
612.149000000000502
612.809000000000503
613.077000000000503
616.278000000000506
616.485000000000506
616.722000000000506
616.999000000000506
618.546000000000508
620.033000000000509
622.414000000000511
622.692000000000511
623.001000000000512
627.129000000000515
627.401000000000516
627.931000000000516
628.793000000000517
629.048000000000517
629.309000000000517
630.639000000000518
630.956000000000519
635.256000000000522
635.539000000000523
635.906000000000523
636.284000000000523
637.080000000000524
637.362000000000524
638.435000000000525
638.830000000000526
641.986000000000528
642.152000000000529
642.622000000000529
644.12200000000053
644.747000000000531
645.431000000000532
647.496000000000533
647.731000000000534
656.054000000000541
656.192000000000541
658.194000000000543
658.585000000000543
659.612000000000544
662.899000000000547
663.100000000000547
664.230000000000548
664.443000000000548
664.910000000000549
665.091000000000549
665.81000000000055
666.70300000000055
668.524000000000552
671.729000000000555
671.907000000000555
672.207000000000555
672.516000000000556
672.859000000000556
673.376000000000556
677.97800000000056
678.357000000000561
678.612000000000561
681.116000000000563
681.952000000000564
682.239000000000564
685.570000000000567
685.787000000000567
686.601000000000568
687.484000000000569
687.714000000000569
689.980000000000571
691.788000000000573
692.077000000000573
711.80600000000059
712.275000000000591
713.157000000000592
713.887000000000592
714.312000000000593
717.761000000000596
718.005000000000596
718.328000000000596
718.992000000000597
719.285000000000597
719.566000000000597
720.135000000000598
720.663000000000598
720.822000000000599
722.2770000000006
722.4890000000006
727.580000000000605
728.783000000000606
729.129000000000606
729.866000000000607
730.583000000000607
734.20500000000061
734.378000000000611
734.835000000000611
735.227000000000611
736.700000000000613
736.995000000000613
737.678000000000614
737.827000000000614
738.387000000000614
742.281000000000618
742.570000000000618
743.268000000000618
743.515000000000619
743.767000000000619
744.091000000000619
745.851000000000621
746.642000000000621
746.902000000000622
750.924000000000625
751.358000000000626
751.668000000000626
752.133000000000626
774.926000000000647
775.994000000000648
778.008000000000649
779.533000000000651
788.280000000000658
789.231000000000659
789.75100000000066
790.21200000000066
790.53600000000066
794.707000000000664
795.209000000000665
796.954000000000666
837.395000000000702
837.660000000000702
838.719000000000703
839.908000000000704
844.677000000000708
844.991000000000709
845.206000000000709
845.615000000000709
846.45500000000071
848.824000000000712
849.055000000000712
852.163000000000715
852.309000000000715
852.602000000000716
852.841000000000716
853.071000000000716
854.679000000000717
854.999000000000718
855.461000000000718
855.853000000000718
856.014000000000719
859.870000000000722
860.000000000000722
860.197000000000722
860.519000000000723
860.901000000000723
861.190000000000723
861.405000000000723
861.689000000000724
862.535000000000724
863.022000000000725
863.305000000000725
891.65400000000075
891.97700000000075
892.414000000000751
892.994000000000751
893.641000000000752
898.118000000000756
898.309000000000756
898.711000000000757
899.490000000000757
899.956000000000758
900.676000000000758
901.646000000000759
901.797000000000759
905.866000000000763
906.343000000000763
907.258000000000764
908.233000000000765
909.542000000000766
910.332000000000767
910.753000000000767
917.470000000000773
917.882000000000774
918.467000000000774
918.737000000000774
919.496000000000775
923.220000000000778
923.677000000000779
924.175000000000779
924.482000000000779
924.73100000000078
927.238000000000782
927.808000000000782
928.006000000000782
928.265000000000783
932.106000000000786
932.375000000000786
932.655000000000787
933.578000000000788
933.843000000000788
934.479000000000788
934.820000000000789
935.119000000000789
948.368000000000801
950.959000000000803
951.190000000000803
952.317000000000804
952.526000000000804
957.694000000000809
957.868000000000809
958.156000000000809
958.55800000000081
959.11400000000081
959.816000000000811
969.386000000000819
969.66300000000082
970.27600000000082
970.77900000000082
971.136000000000821
971.423000000000821
975.377000000000825
975.825000000000825
976.225000000000825
976.428000000000826
977.075000000000826
977.977000000000827
978.462000000000827
979.025000000000828
984.597000000000833
984.772000000000833
985.530000000000834
990.736000000000838
991.028000000000839
1003.76000000000085
1004.15000000000085
1004.54300000000085
1005.275000000000851
1005.690000000000852
1010.053000000000855
1010.383000000000856
1011.764000000000857
1013.133000000000858
1013.682000000000859
1014.082000000000859
1015.20100000000086
1350.61600000000116
1351.05900000000116
1351.25700000000116
1351.57200000000116
1353.13500000000116
1353.81100000000116
1355.49200000000116
1355.90600000000116
1356.58700000000116
1356.76100000000116
1357.77700000000116
2314.07799999997247
2314.7719999999724
2315.44399999997232
2316.10099999997225
2317.08199999997214
2327.67899999997098
2327.93199999997095
2328.31099999997091
2330.07899999997071
2330.52599999997066
2333.93999999997029
2336.61299999996999
2373.7789999999659
2373.92299999996588
2448.2449999999577
2450.46999999995745
2455.55399999995689
2455.97399999995685
2456.23299999995682
2456.95299999995674
2458.03299999995662
2458.41199999995658
2459.27599999995648
2459.41099999995647
2459.65599999995644
2461.34299999995625
2461.51099999995624
2461.73399999995621
2462.67299999995611
2464.26999999995593
2464.82799999995587
2465.65099999995578
2466.78299999995566
2468.10499999995551
2470.45599999995525
2470.77499999995522
2473.32199999995493
2473.6589999999549
2475.38299999995471
2475.84899999995466
2476.77599999995455
2624.62199999993827
2625.39399999993819
2626.32999999993808
2626.68999999993804
2626.93299999993802
2629.54099999993773
2631.05099999993756
2631.52999999993751
2632.70899999993738
2635.44499999993708
2635.69099999993705
2636.78999999993693
2637.15499999993689
2637.89599999993681
2643.05299999993624
2643.17299999993623
2643.36699999993621
2643.69899999993617
2643.88899999993615
2644.05399999993613
2684.90899999993163
2685.2429999999316
2686.00599999993151
2686.52399999993145
2686.85499999993142
2688.17999999993127
2688.68599999993122
80
-1
3.42800000000000006
28.3889999999999898
48.4450000000000014
56.6560000000000087
81.6000000000000308
94.3750000000000422
122.1560000000000668
129.363000000000073
153.898000000000095
197.716000000000134
206.247000000000142
217.800000000000152
273.959000000000202
280.984000000000208
290.558000000000216
333.817000000000255
342.270000000000262
350.38200000000027
377.356000000000294
385.593000000000301
393.458000000000308
401.844000000000315
422.776000000000334
430.887000000000341
438.299000000000348
446.291000000000355
470.405000000000376
478.320000000000383
486.25700000000039
506.820000000000408
514.879000000000416
542.32800000000044
549.969000000000447
559.412000000000455
566.828000000000462
603.682000000000494
613.077000000000503
623.001000000000512
630.956000000000519
638.830000000000526
647.731000000000534
659.612000000000544
668.524000000000552
681.952000000000564
692.077000000000573
714.312000000000593
722.2770000000006
730.583000000000607
738.387000000000614
746.902000000000622
779.533000000000651
790.53600000000066
839.908000000000704
849.055000000000712
856.014000000000719
863.305000000000725
893.641000000000752
901.797000000000759
910.753000000000767
919.496000000000775
928.265000000000783
935.119000000000789
952.526000000000804
959.816000000000811
971.136000000000821
979.025000000000828
991.028000000000839
1005.690000000000852
1015.20100000000086
1353.13500000000116
2317.08199999997214
2330.52599999997066
2450.46999999995745
2458.41199999995658
2468.10499999995551
2476.77599999995455
2626.93299999993802
2637.15499999993689
2643.88899999993615
2686.85499999993142
5
0
5000
0
0
0
0
2700
99
0
0
0
0
0
0
2700.79599999992988
0
0
0
0
0
0
