3
27
19
3
27
19
PPR2.12
PR3_day3
0
4
10
12
55
11
42
40
23
3
.3
1
624
1
21
1
1
1
1
1
1
1
1
1
1
1
1
1
1
1
1
1
1
1
1
1
184
623
-1
4.92900000000000009
9.25100000000000018
10.0220000000000002
10.4840000000000002
10.89300000000000021
11.57600000000000023
11.86600000000000023
61.0340000000000126
61.7780000000000132
62.0790000000000135
62.660000000000014
64.4860000000000156
64.5830000000000157
66.3440000000000173
70.0940000000000206
70.8940000000000213
71.2250000000000216
71.7740000000000221
72.5000000000000227
74.4020000000000244
75.1870000000000251
75.4830000000000254
75.6940000000000256
76.2400000000000261
77.4650000000000272
77.8930000000000275
118.5870000000000637
126.865000000000071
127.5590000000000716
129.656000000000074
130.569000000000074
130.919000000000075
131.124000000000075
132.277000000000076
133.016000000000076
135.848000000000079
138.523000000000081
139.446000000000082
153.644000000000095
154.168000000000095
183.670000000000121
184.407000000000122
185.173000000000123
185.738000000000123
188.148000000000125
188.469000000000126
188.771000000000126
191.079000000000128
195.007000000000132
195.467000000000132
198.711000000000135
198.967000000000135
203.598000000000139
204.16900000000014
208.016000000000143
208.493000000000144
215.093000000000149
215.85400000000015
217.160000000000151
218.492000000000152
218.909000000000153
219.257000000000153
225.488000000000159
225.849000000000159
226.62800000000016
227.04700000000016
227.649000000000161
228.186000000000161
230.388000000000163
231.239000000000164
234.302000000000166
238.49200000000017
267.924000000000196
268.660000000000197
269.017000000000197
274.059000000000202
274.439000000000202
274.727000000000202
275.148000000000203
275.700000000000203
276.239000000000204
280.823000000000208
281.179000000000208
281.536000000000208
282.234000000000209
285.033000000000212
285.483000000000212
287.076000000000213
296.910000000000222
298.189000000000223
298.769000000000224
299.465000000000224
300.272000000000225
301.019000000000226
301.659000000000226
302.247000000000227
302.549000000000227
306.690000000000231
314.412000000000238
315.765000000000239
316.212000000000239
317.63800000000024
318.188000000000241
319.677000000000242
321.105000000000244
321.912000000000244
323.513000000000246
327.284000000000249
328.14400000000025
342.145000000000262
343.965000000000264
345.160000000000265
359.962000000000278
361.76100000000028
374.263000000000291
374.790000000000291
375.792000000000292
376.426000000000293
377.483000000000294
378.015000000000294
380.891000000000297
381.569000000000297
387.987000000000303
393.593000000000308
397.010000000000311
398.249000000000312
405.124000000000318
405.535000000000319
405.914000000000319
406.542000000000319
407.72400000000032
410.233000000000323
410.760000000000323
411.041000000000323
411.481000000000324
456.792000000000364
457.683000000000365
459.179000000000366
459.618000000000367
460.382000000000367
466.167000000000372
467.281000000000373
467.580000000000374
469.507000000000375
470.248000000000376
472.484000000000378
473.202000000000379
473.535000000000379
474.95200000000038
479.873000000000385
482.568000000000387
491.054000000000394
491.960000000000395
493.357000000000397
497.981000000000401
504.826000000000407
505.741000000000408
507.310000000000409
507.805000000000409
508.76800000000041
509.412000000000411
510.133000000000411
510.535000000000412
511.055000000000412
511.810000000000413
530.94200000000043
531.63000000000043
533.098000000000432
535.598000000000434
544.732000000000442
546.881000000000444
547.490000000000445
548.495000000000445
550.512000000000447
551.106000000000448
551.637000000000448
552.525000000000449
554.947000000000451
556.118000000000452
560.404000000000456
561.330000000000457
563.831000000000459
577.204000000000471
577.849000000000472
582.265000000000475
583.004000000000476
583.937000000000477
585.133000000000478
585.940000000000479
590.186000000000482
591.235000000000483
595.209000000000487
595.945000000000488
596.465000000000488
599.328000000000491
600.220000000000491
601.155000000000492
603.511000000000494
604.253000000000495
605.005000000000496
605.486000000000496
608.719000000000499
609.162000000000499
609.8730000000005
610.479000000000501
611.730000000000502
612.642000000000502
616.481000000000506
618.324000000000508
620.91900000000051
622.322000000000511
624.531000000000513
626.254000000000515
627.181000000000515
633.771000000000521
635.006000000000522
643.08000000000053
646.584000000000533
647.196000000000533
647.608000000000534
648.097000000000534
648.621000000000534
649.379000000000535
654.255000000000539
656.062000000000541
656.631000000000542
658.602000000000543
659.858000000000544
661.251000000000546
666.60100000000055
667.687000000000551
669.611000000000553
673.286000000000556
673.578000000000557
673.681000000000557
678.986000000000561
697.947000000000578
698.693000000000579
699.37900000000058
715.316000000000594
715.791000000000594
716.222000000000594
716.934000000000595
718.912000000000597
724.153000000000602
726.188000000000603
731.982000000000608
737.022000000000613
738.038000000000614
754.756000000000629
755.78600000000063
757.662000000000631
766.737000000000639
772.949000000000645
773.863000000000646
774.628000000000646
775.645000000000647
777.133000000000648
777.666000000000649
792.467000000000662
794.373000000000664
796.956000000000666
798.186000000000667
798.864000000000668
799.531000000000668
802.122000000000671
802.857000000000671
804.414000000000673
805.293000000000674
806.745000000000675
809.991000000000678
811.059000000000679
816.700000000000684
816.844000000000684
817.605000000000684
818.215000000000685
818.623000000000685
825.676000000000692
826.781000000000693
827.478000000000693
828.123000000000694
830.387000000000696
832.033000000000697
838.779000000000703
840.621000000000705
844.676000000000709
845.293000000000709
847.584000000000711
848.603000000000712
852.127000000000715
856.445000000000719
860.469000000000722
860.984000000000723
868.86900000000073
869.936000000000731
870.872000000000732
872.982000000000734
874.555000000000735
875.875000000000736
876.261000000000737
876.542000000000737
877.753000000000738
878.603000000000739
880.51600000000074
881.252000000000741
882.362000000000742
886.114000000000745
897.307000000000755
901.910000000000759
904.623000000000762
905.508000000000763
906.993000000000764
907.853000000000765
910.545000000000767
912.514000000000769
913.57100000000077
914.34800000000077
921.264000000000777
923.099000000000778
1010.761000000000856
1012.187000000000857
1013.983000000000859
1016.968000000000862
1024.06300000000087
1024.47600000000087
1057.6290000000009
1060.6580000000009
1062.6840000000009
1075.56200000000091
1079.45700000000092
1084.83300000000092
1140.95500000000097
1141.59200000000097
1143.84700000000097
1146.90700000000098
1147.02100000000098
1155.31700000000098
1156.73300000000099
1157.57000000000099
1160.06000000000099
1163.42700000000099
1163.85600000000099
1165.67500000000099
1170.577000000001
1171.385000000001
1172.886000000001
1178.90500000000101
1179.90800000000101
1183.18400000000101
1306.56100000000112
1310.64700000000112
1311.44300000000112
1315.27100000000113
1315.86700000000113
1318.50600000000113
1319.36600000000113
1320.07400000000113
1328.73600000000114
1332.05400000000114
1354.13000000000116
1354.65000000000116
1355.73400000000116
1357.55700000000116
1359.27200000000117
1361.60700000000117
1362.84800000000117
1362.92700000000117
1364.66100000000117
1366.44600000000117
1369.58500000000117
1371.36800000000118
1373.69000000000118
1376.57100000000118
1378.17200000000118
1378.41400000000118
1380.05000000000118
1381.90300000000119
1386.65200000000119
1387.50500000000119
1388.40400000000119
1388.70500000000119
1392.4670000000012
1408.48900000000121
1409.53400000000121
1410.05800000000121
1411.09700000000121
1413.85900000000121
1415.58600000000122
1416.48200000000122
1420.84400000000122
1424.79800000000122
1426.77200000000123
1428.02100000000123
1429.96200000000123
1430.61700000000123
1446.79500000000124
1448.41900000000124
1449.47600000000125
1460.38500000000126
1461.61500000000126
1462.23300000000126
1463.87300000000126
1465.40400000000126
1465.84900000000126
1466.41000000000126
1468.98300000000126
1862.14900000000161
1862.49600000000161
1864.38400000000161
1865.37500000000162
1868.87800000000162
1873.25300000000162
1873.97000000000162
1876.38200000000162
1877.42100000000163
1878.41500000000163
1878.79300000000163
1896.23600000000164
1897.42700000000164
1898.27200000000164
1898.88400000000164
1899.41300000000165
1901.02800000000165
1905.03100000000165
1906.11000000000165
1907.81500000000165
1909.57100000000165
1911.31100000000166
1912.30000000000166
1917.96900000000166
1919.15800000000166
1928.77500000000167
1931.75700000000167
1932.35700000000167
1932.95900000000168
1933.51900000000168
1935.02800000000168
1935.79500000000168
1936.40100000000168
1937.02900000000168
1938.23000000000168
1939.08800000000168
1947.43500000000169
1947.91800000000169
1948.90300000000169
2149.20499999999063
2151.38999999999039
2153.20899999999019
2155.53799999998993
2156.19699999998986
2159.12399999998954
2159.80299999998946
2164.66699999998893
2165.99899999998878
2168.29599999998853
2175.13999999998777
2176.26399999998765
2176.81899999998759
2179.4099999999873
2183.75499999998683
2185.10699999998668
2199.66499999998507
2201.52099999998487
2202.20399999998479
2202.60499999998475
2205.09999999998448
2210.52699999998388
2212.40499999998367
2215.83599999998329
2218.69899999998298
2220.77099999998275
2222.36399999998257
2223.40999999998246
2225.7309999999822
2376.99699999996554
2377.86199999996545
2379.71699999996524
2380.30599999996518
2383.38399999996484
2387.73199999996436
2389.1639999999642
2413.17099999996156
2414.33299999996143
2427.06899999996003
2427.80399999995995
2429.46899999995976
2433.09499999995937
2434.51699999995921
2435.43499999995911
2437.63799999995886
2438.03699999995882
2439.38399999995867
2440.54399999995854
2443.22499999995825
2446.3919999999579
2447.69099999995776
2448.59299999995766
2457.47199999995668
2460.25999999995637
2461.10499999995628
2462.36399999995614
2464.79799999995587
2466.16899999995572
2467.77599999995555
2492.7139999999528
2494.39999999995261
2499.37799999995207
2500.68599999995192
2504.38899999995151
2505.56099999995138
2506.37299999995129
2539.22599999994768
2540.67399999994752
2541.62599999994741
2544.80399999994706
2545.368999999947
2546.3079999999469
2548.19899999994669
2548.89699999994661
2556.12899999994581
2557.58299999994565
2558.49099999994555
2560.27199999994536
2569.83399999994431
2570.98799999994418
2572.17199999994405
2578.0239999999434
2579.04799999994329
2616.29599999993919
2617.80699999993902
2872.45099999991098
2873.1219999999109
2874.23199999991078
2876.83099999991049
2877.52599999991042
2878.48099999991031
2886.04899999990948
3219.1309999998728
3235.55499999987099
3236.77199999987085
3244.79799999986997
3247.59899999986966
3248.1049999998696
3248.68599999986954
3251.53599999986923
3252.6459999998691
3255.66699999986877
3258.21099999986849
3258.93299999986841
3259.54099999986835
3259.9349999998683
3261.33699999986815
3262.691999999868
3266.95399999986753
3267.86699999986743
3268.62799999986734
3269.9189999998672
3270.28399999986716
3273.04899999986686
3278.54099999986625
3279.61199999986613
3280.62499999986602
3293.04799999986466
3294.35599999986451
3297.55399999986416
3305.49699999986328
3309.48599999986284
3310.45999999986274
3310.57799999986272
3312.36699999986253
3317.82599999986193
3319.35599999986176
3321.42899999986153
3328.35799999986077
3329.05799999986069
3329.79899999986061
3330.84399999986049
3333.4719999998602
3383.26399999985472
3384.48699999985458
3387.87899999985421
3407.0639999998521
3408.44199999985195
3409.01499999985188
3413.01799999985144
3416.1229999998511
3417.76099999985092
3418.78799999985081
3424.40099999985019
3424.81399999985014
3428.8079999998497
3429.38899999984964
3433.21299999984922
3433.82399999984915
3440.04599999984847
3454.71899999984685
3481.42299999984391
3489.24799999984305
3490.49199999984291
3503.41099999984149
3506.9259999998411
3515.34799999984017
3520.5359999998396
3521.16899999983953
3521.95899999983944
3523.05699999983932
3526.32799999983896
3527.36499999983885
3528.04099999983877
3535.47799999983796
3536.42799999983785
3541.83699999983725
5133.122999999662
5135.46399999966174
5137.99899999966146
5140.16199999966122
5144.66299999966073
5146.42299999966054
5154.47199999965965
5163.00399999965871
5164.83099999965851
5165.54099999965843
5165.69699999965841
20
-1
4.93000000000000009
11.86700000000000023
66.3450000000000173
118.5880000000000637
154.169000000000095
208.494000000000144
269.018000000000197
306.691000000000231
387.988000000000303
482.569000000000387
563.832000000000459
635.007000000000522
766.738000000000639
860.985000000000723
1147.02200000000098
1392.4680000000012
1919.15900000000166
2414.33399999996143
3219.1319999998728
3454.71999999984685
0
0
5000
0
0
0
0
7200
0
0
0
0
0
21
0
5254.8209999996486
1800.00000000000156
1800
0
61
0
1
4
7
10
13
16
19
22
25
28
31
34
37
40
43
46
49
52
55
58
61
64
67
70
73
76
79
82
85
88
91
94
97
100
103
106
109
112
115
118
121
124
127
130
133
136
139
142
145
148
151
154
157
160
163
166
169
172
175
178
181
184
187
190
193
196
199
202
205
208
211
214
217
220
223
226
229
232
235
238
241
244
247
250
253
256
259
262
265
268
271
274
277
280
283
286
289
292
295
298
301
304
307
310
313
316
319
322
325
328
331
334
337
340
343
346
349
352
355
358
361
364
367
370
373
376
379
382
385
388
391
394
397
400
403
406
409
412
415
418
421
424
427
430
433
436
439
442
445
448
451
454
457
460
463
466
469
472
475
478
481
484
487
490
493
496
499
502
505
508
511
514
517
520
523
526
529
532
535
538
541
544
547
550
