3
10
19
3
10
19
PPR2.13
FR!_day2
0
3
11
00
09
11
48
05
24
2
.3
1
46
1
42
1
1
1
1
1
1
1
1
1
1
1
1
1
1
1
1
1
1
1
1
1
1
45
-1
55.1680000000000074
158.880000000000099
172.804000000000112
174.391000000000113
210.296000000000145
250.352000000000181
258.937000000000188
369.771000000000287
441.27200000000035
448.122000000000356
584.806000000000478
604.197000000000495
1282.0030000000011
1299.42400000000111
1301.05600000000111
1321.90600000000113
1325.84100000000114
1326.56200000000114
1371.76600000000118
1456.09500000000125
1625.2910000000014
1639.01700000000141
1659.46100000000143
1696.06200000000146
1742.57900000000151
1761.38800000000152
1778.98600000000154
1860.82700000000161
1874.07300000000162
1902.48900000000165
1911.41800000000166
1926.89500000000167
1939.17100000000168
1947.60600000000169
1963.4660000000017
1972.71700000000171
1981.43900000000172
1991.20500000000173
1999.53400000000173
2106.27999999999536
2116.00699999999429
2150.16399999999053
2412.57699999996162
2520.66099999994972
2532.27299999994844
41
-1
55.1680000000000074
158.880000000000099
172.804000000000112
210.296000000000145
250.352000000000181
258.937000000000188
369.771000000000287
441.27200000000035
448.122000000000356
584.806000000000478
604.197000000000495
1282.0030000000011
1299.42400000000111
1321.90600000000113
1371.76600000000118
1456.09500000000125
1625.2910000000014
1639.01700000000141
1659.46100000000143
1696.06200000000146
1742.57900000000151
1761.38800000000152
1778.98600000000154
1860.82700000000161
1874.07300000000162
1902.48900000000165
1911.41800000000166
1926.89500000000167
1939.17100000000168
1947.60600000000169
1963.4660000000017
1972.71700000000171
1981.43900000000172
1991.20500000000173
1999.53400000000173
2106.27999999999536
2116.00699999999429
2150.16399999999053
2412.57699999996162
2520.66099999994972
2532.27299999994844
1
0
5000
0
0
0
0
2700
99
0
0
0
0
0
0
2700.79699999992988
0
0
0
0
0
0
