3
23
19
3
23
19
PPR2.12
FR5_day4
0
4
10
10
04
10
56
24
24
2
.3
1
217
1
40
1
1
1
1
1
1
1
1
1
1
1
1
1
1
1
1
1
1
1
1
1
1
216
-1
25.6199999999999922
93.8010000000000417
95.2380000000000429
97.6380000000000451
99.6850000000000469
161.804000000000102
162.875000000000103
165.530000000000105
166.903000000000107
167.286000000000107
174.833000000000114
175.109000000000114
175.513000000000114
175.809000000000114
176.158000000000115
213.253000000000148
213.635000000000148
214.001000000000148
215.23300000000015
216.08400000000015
222.661000000000156
222.994000000000156
223.624000000000157
224.332000000000158
224.550000000000158
232.067000000000164
232.423000000000165
233.570000000000166
234.042000000000166
234.412000000000167
241.222000000000173
243.709000000000175
244.062000000000175
244.528000000000176
244.964000000000176
251.847000000000182
252.365000000000182
252.603000000000183
253.486000000000183
254.365000000000184
254.717000000000185
261.37200000000019
261.743000000000191
262.223000000000191
262.566000000000192
263.159000000000192
273.039000000000201
273.721000000000201
273.968000000000202
274.412000000000202
274.819000000000202
276.219000000000204
276.905000000000204
277.353000000000205
277.980000000000205
278.595000000000206
278.810000000000206
279.353000000000206
280.319000000000207
280.629000000000208
281.839000000000209
282.223000000000209
283.27300000000021
283.45800000000021
299.518000000000224
301.926000000000226
302.342000000000227
303.540000000000228
303.905000000000228
313.390000000000237
313.749000000000237
314.722000000000238
315.491000000000239
315.906000000000239
323.187000000000245
323.753000000000246
324.560000000000247
324.999000000000247
325.390000000000247
325.970000000000248
326.089000000000248
326.565000000000248
326.948000000000249
327.435000000000249
328.90900000000025
331.157000000000252
331.411000000000253
333.522000000000255
333.914000000000255
334.157000000000255
352.213000000000271
354.094000000000273
356.540000000000275
357.028000000000275
357.357000000000276
365.415000000000283
367.095000000000284
367.525000000000285
367.875000000000285
369.073000000000286
380.098000000000296
380.904000000000297
381.452000000000297
382.127000000000298
382.576000000000298
395.064000000000309
396.13400000000031
396.571000000000311
396.996000000000311
398.951000000000313
653.058000000000538
653.670000000000539
654.61700000000054
655.598000000000541
664.442000000000548
774.419000000000646
774.945000000000647
775.279000000000647
775.987000000000648
776.709000000000648
787.862000000000658
788.747000000000659
789.045000000000659
789.431000000000659
790.02000000000066
805.955000000000674
807.416000000000675
807.723000000000676
808.272000000000676
808.731000000000677
825.190000000000691
826.405000000000692
826.939000000000693
827.288000000000693
827.815000000000694
839.089000000000704
839.454000000000704
840.281000000000705
840.519000000000705
841.869000000000706
851.462000000000715
852.881000000000716
853.238000000000716
853.687000000000716
854.219000000000717
859.703000000000722
860.072000000000722
861.376000000000723
861.673000000000724
862.147000000000724
869.523000000000731
869.989000000000731
871.424000000000732
871.849000000000733
873.945000000000735
879.371000000000739
880.701000000000741
881.793000000000742
882.178000000000742
882.588000000000742
892.018000000000751
892.458000000000751
893.042000000000752
894.047000000000752
894.349000000000753
901.872000000000759
902.73000000000076
903.09900000000076
903.841000000000761
905.330000000000762
912.971000000000769
914.488000000000771
914.851000000000771
915.278000000000771
916.834000000000773
917.546000000000773
917.894000000000774
920.154000000000776
920.533000000000776
922.522000000000778
924.401000000000779
924.67500000000078
926.648000000000781
927.123000000000782
950.565000000000803
951.603000000000804
952.130000000000804
952.528000000000804
954.497000000000806
961.285000000000812
962.344000000000813
962.616000000000813
963.240000000000814
963.746000000000814
969.98100000000082
970.62400000000082
971.079000000000821
972.633000000000822
972.892000000000822
974.439000000000824
974.891000000000824
999.119000000000846
999.570000000000846
1000.587000000000847
1001.105000000000848
1002.705000000000849
1009.279000000000855
1010.065000000000855
1013.813000000000859
1014.202000000000859
1014.64300000000086
1022.882000000000867
1023.313000000000867
1023.776000000000868
1025.78200000000087
1029.68500000000087
39
-1
99.6850000000000469
167.286000000000107
176.158000000000115
216.08400000000015
224.550000000000158
234.412000000000167
244.964000000000176
254.365000000000184
263.159000000000192
274.819000000000202
283.27300000000021
303.905000000000228
315.906000000000239
325.390000000000247
334.157000000000255
357.357000000000276
369.073000000000286
382.576000000000298
398.951000000000313
664.442000000000548
776.709000000000648
790.02000000000066
808.731000000000677
827.815000000000694
841.869000000000706
854.219000000000717
862.147000000000724
873.945000000000735
882.588000000000742
894.349000000000753
905.330000000000762
916.834000000000773
927.123000000000782
954.497000000000806
963.746000000000814
972.892000000000822
1002.705000000000849
1014.64300000000086
1029.68500000000087
5
0
5000
0
0
0
0
2700
99
0
0
0
0
0
0
2700.79599999992988
0
0
0
0
0
0
