3
23
19
3
23
19
PPR2.15
FR5_day4
0
1
11
00
39
11
47
25
24
2
.3
1
191
1
35
1
1
1
1
1
1
1
1
1
1
1
1
1
1
1
1
1
1
1
1
1
1
190
-1
16.8379999999999996
16.9929999999999995
24.9809999999999927
25.5669999999999922
26.4279999999999915
31.0729999999999876
31.8859999999999869
32.4199999999999871
68.8910000000000195
69.4970000000000201
72.2870000000000226
75.066000000000025
75.4030000000000253
75.8200000000000257
76.0230000000000259
77.8330000000000275
78.2250000000000278
78.7630000000000283
79.4510000000000289
79.596000000000029
84.2970000000000332
86.1580000000000349
87.6400000000000362
88.1240000000000366
88.534000000000037
89.1080000000000375
117.5450000000000628
120.4420000000000653
120.6920000000000656
121.4740000000000662
122.5020000000000672
127.3770000000000715
127.5550000000000716
128.572000000000073
128.813000000000073
130.176000000000074
133.571000000000077
134.272000000000078
137.52400000000008
138.121000000000081
139.300000000000082
140.321000000000083
162.686000000000103
163.163000000000103
163.609000000000104
164.192000000000104
173.001000000000112
173.385000000000112
175.690000000000114
176.203000000000115
183.871000000000122
200.892000000000137
201.778000000000138
202.578000000000138
203.151000000000139
205.535000000000141
210.740000000000146
210.872000000000146
211.007000000000146
213.077000000000148
215.70100000000015
216.347000000000151
220.281000000000154
220.810000000000154
222.372000000000156
222.988000000000156
223.397000000000157
223.885000000000157
224.042000000000157
231.392000000000164
233.764000000000166
234.207000000000166
237.573000000000169
238.36200000000017
238.53700000000017
247.355000000000178
248.183000000000179
248.457000000000179
250.150000000000181
250.405000000000181
250.613000000000181
264.775000000000194
265.473000000000194
267.066000000000196
268.643000000000197
270.514000000000199
275.628000000000203
276.034000000000204
277.348000000000205
277.882000000000205
295.481000000000221
297.064000000000222
300.903000000000226
301.958000000000227
303.391000000000228
305.61600000000023
307.677000000000232
308.675000000000232
309.212000000000233
324.076000000000246
324.937000000000247
325.356000000000247
326.835000000000249
327.447000000000249
335.976000000000257
336.763000000000257
337.102000000000258
337.351000000000258
339.05200000000026
375.014000000000291
376.027000000000292
376.546000000000293
378.140000000000294
378.390000000000294
404.157000000000317
404.891000000000318
405.811000000000319
406.250000000000319
406.99000000000032
417.194000000000329
418.89500000000033
420.835000000000332
421.852000000000333
422.337000000000333
444.040000000000353
444.513000000000353
447.706000000000356
448.172000000000356
448.465000000000357
492.222000000000396
498.902000000000401
501.104000000000403
502.490000000000405
502.891000000000405
511.070000000000412
513.278000000000414
525.496000000000425
526.162000000000426
526.277000000000426
551.668000000000448
554.389000000000451
555.094000000000451
556.900000000000453
557.505000000000454
1088.71700000000093
1101.37500000000094
1112.81900000000095
1115.92300000000095
1117.66100000000095
1137.76200000000097
1138.36300000000097
1140.11600000000097
1150.53800000000098
1152.81100000000098
1162.37900000000099
1162.59700000000099
1164.97000000000099
1166.17400000000099
1166.81200000000099
1260.23900000000108
1261.44800000000108
1262.68300000000108
1265.03600000000108
1266.18900000000108
1278.60200000000109
1279.23800000000109
1282.5670000000011
1283.0390000000011
1284.2370000000011
1295.67000000000111
1296.23400000000111
1296.66900000000111
1297.15700000000111
1297.83500000000111
1312.30400000000112
1313.54500000000112
1314.48100000000113
1314.94900000000113
1317.66500000000113
1334.48300000000114
1334.88200000000114
1335.13700000000114
1337.46000000000115
1337.88100000000115
1338.16900000000115
1350.80000000000116
1351.03100000000116
1351.67000000000116
1353.51100000000116
1357.19900000000116
34
-1
26.4279999999999915
72.2870000000000226
79.596000000000029
89.1080000000000375
122.5020000000000672
134.272000000000078
164.192000000000104
183.871000000000122
205.535000000000141
216.347000000000151
224.042000000000157
238.36200000000017
250.405000000000181
270.514000000000199
297.064000000000222
309.212000000000233
327.447000000000249
339.05200000000026
378.390000000000294
406.99000000000032
422.337000000000333
448.465000000000357
502.891000000000405
526.277000000000426
557.505000000000454
1117.66100000000095
1152.81100000000098
1166.81200000000099
1266.18900000000108
1284.2370000000011
1297.83500000000111
1317.66500000000113
1337.88100000000115
1357.19900000000116
5
0
5000
0
0
0
0
2700
99
0
0
0
0
0
0
2700.79599999992988
0
0
0
0
0
0
