3
16
19
3
16
19
PPR2.13
FR2_day3
0
3
10
58
25
11
45
26
24
2
.3
1
205
1
60
1
1
1
1
1
1
1
1
1
1
1
1
1
1
1
1
1
1
1
1
1
1
204
-1
4.02700000000000007
4.27800000000000008
7.74100000000000015
8.32400000000000016
9.01300000000000017
11.62400000000000023
35.62499999999999
35.8839999999999902
38.9419999999999929
39.9949999999999939
41.1039999999999949
41.5849999999999953
44.1119999999999975
44.679999999999998
45.0939999999999984
45.3339999999999986
45.801999999999999
46.5889999999999997
46.896
47.5000000000000005
53.4830000000000059
54.1270000000000064
54.3980000000000067
58.0610000000000099
60.9590000000000125
61.7120000000000132
64.4830000000000156
65.1250000000000162
67.7090000000000185
67.8700000000000186
68.1470000000000189
71.8750000000000222
72.9380000000000231
73.1270000000000233
74.3610000000000244
75.054000000000025
75.6530000000000256
75.9930000000000258
77.0210000000000268
77.9280000000000276
78.387000000000028
78.6280000000000282
126.1870000000000704
130.979000000000075
136.60100000000008
137.06800000000008
140.895000000000084
141.657000000000084
142.335000000000085
143.538000000000086
161.659000000000102
161.800000000000102
164.280000000000104
165.773000000000106
165.981000000000106
166.265000000000106
167.065000000000107
168.171000000000108
176.313000000000115
179.503000000000118
180.237000000000118
182.841000000000121
183.429000000000121
184.001000000000122
184.609000000000122
208.526000000000144
213.261000000000148
222.370000000000156
222.637000000000156
226.70100000000016
228.855000000000162
230.066000000000163
233.605000000000166
234.208000000000166
234.513000000000167
234.853000000000167
236.092000000000168
236.470000000000168
236.664000000000169
240.624000000000172
240.960000000000172
241.206000000000173
242.449000000000174
242.675000000000174
246.495000000000177
246.708000000000177
247.052000000000178
248.382000000000179
248.653000000000179
251.864000000000182
252.180000000000182
252.447000000000183
253.651000000000184
253.801000000000184
254.171000000000184
254.518000000000184
254.682000000000185
259.520000000000189
259.793000000000189
297.923000000000223
302.603000000000227
302.880000000000227
303.183000000000228
303.725000000000228
307.606000000000232
307.954000000000232
309.081000000000233
310.129000000000234
310.653000000000234
315.367000000000238
412.964000000000325
417.631000000000329
418.84900000000033
419.057000000000331
424.289000000000335
424.881000000000336
430.922000000000341
432.410000000000342
437.131000000000347
437.810000000000347
438.158000000000348
438.467000000000348
442.901000000000352
443.525000000000352
444.396000000000353
444.780000000000353
448.504000000000357
452.881000000000361
454.735000000000362
479.526000000000384
480.421000000000385
525.538000000000425
530.097000000000429
530.294000000000429
535.535000000000434
536.392000000000435
538.009000000000436
538.261000000000436
538.734000000000437
538.977000000000437
539.702000000000438
547.147000000000444
548.155000000000445
555.954000000000452
556.331000000000452
560.869000000000456
562.392000000000458
563.060000000000458
568.435000000000463
568.961000000000464
579.339000000000473
580.632000000000474
584.298000000000477
584.651000000000478
584.996000000000478
585.789000000000479
588.080000000000481
589.992000000000482
594.431000000000486
595.421000000000487
596.637000000000488
601.794000000000493
602.954000000000494
603.233000000000494
608.178000000000498
608.476000000000499
608.717000000000499
617.317000000000507
617.769000000000507
710.082000000000589
710.272000000000589
715.730000000000594
716.289000000000594
722.1530000000006
722.3920000000006
808.742000000000677
811.576000000000679
829.606000000000695
830.049000000000696
835.988000000000701
836.285000000000701
845.432000000000709
845.80700000000071
851.913000000000715
852.255000000000715
859.816000000000722
860.260000000000722
864.677000000000726
867.490000000000729
868.73500000000073
875.783000000000736
876.361000000000737
882.233000000000742
882.592000000000742
882.817000000000742
889.418000000000748
889.763000000000749
1262.66600000000108
1263.04400000000108
1266.76900000000108
1266.96600000000108
1267.34000000000108
1268.35300000000108
2552.97999999994616
59
-1
4.27800000000000008
35.62499999999999
41.5849999999999953
47.5000000000000005
54.1270000000000064
61.7120000000000132
67.8700000000000186
74.3610000000000244
130.979000000000075
137.06800000000008
143.538000000000086
161.800000000000102
168.171000000000108
179.503000000000118
213.261000000000148
222.637000000000156
230.066000000000163
236.470000000000168
242.675000000000174
248.653000000000179
254.518000000000184
297.923000000000223
303.725000000000228
310.129000000000234
412.964000000000325
419.057000000000331
424.881000000000336
432.410000000000342
438.158000000000348
444.396000000000353
454.735000000000362
480.421000000000385
530.097000000000429
536.392000000000435
548.155000000000445
556.331000000000452
563.060000000000458
568.961000000000464
580.632000000000474
589.992000000000482
596.637000000000488
603.233000000000494
608.717000000000499
617.769000000000507
710.272000000000589
716.289000000000594
722.3920000000006
811.576000000000679
830.049000000000696
836.285000000000701
845.80700000000071
852.255000000000715
860.260000000000722
868.73500000000073
876.361000000000737
882.592000000000742
889.763000000000749
1263.04400000000108
2552.97999999994616
2
0
5000
0
0
0
0
2700
99
0
0
0
0
0
0
2700.79599999992988
0
0
0
0
0
0
