3
29
19
3
29
19
PPR2.16
PR3_day5
0
2
11
25
49
12
15
45
23
3
.3
1
207
1
12
1
1
1
1
1
1
1
1
1
1
1
1
1
1
1
1
1
1
1
1
1
184
206
-1
18.8419999999999979
81.9780000000000312
82.3850000000000315
83.4180000000000324
83.8050000000000328
84.5650000000000335
92.3570000000000404
93.008000000000041
93.6840000000000416
94.3330000000000421
96.3020000000000439
96.5770000000000441
97.0170000000000445
111.6120000000000575
112.5330000000000583
113.5790000000000592
115.0690000000000606
116.2720000000000616
117.3960000000000626
118.1050000000000632
118.5060000000000636
120.9920000000000658
124.2680000000000687
132.035000000000076
158.563000000000099
158.704000000000099
159.4790000000001
161.299000000000102
162.836000000000103
163.478000000000104
164.838000000000105
165.152000000000105
165.452000000000105
166.504000000000106
167.867000000000107
169.122000000000109
181.81400000000012
183.013000000000121
183.503000000000121
185.465000000000123
185.785000000000123
186.369000000000124
186.676000000000124
187.755000000000125
188.507000000000126
188.609000000000126
188.924000000000126
190.548000000000128
191.794000000000129
194.531000000000131
195.432000000000132
198.559000000000135
260.81300000000019
264.571000000000193
265.335000000000194
265.806000000000194
266.715000000000195
290.470000000000216
290.936000000000217
291.413000000000217
291.976000000000218
292.277000000000218
292.973000000000219
293.225000000000219
293.513000000000219
294.21500000000022
294.54200000000022
295.15400000000022
296.037000000000221
296.873000000000222
297.903000000000223
422.910000000000334
423.914000000000335
425.893000000000337
427.361000000000338
427.841000000000338
429.091000000000339
430.11000000000034
430.828000000000341
431.396000000000342
431.704000000000342
432.295000000000342
434.605000000000344
435.875000000000345
438.153000000000348
443.937000000000353
446.152000000000355
447.008000000000355
449.207000000000357
449.597000000000358
450.159000000000358
450.435000000000358
450.982000000000359
459.873000000000367
460.690000000000368
461.314000000000368
461.577000000000368
462.331000000000369
462.846000000000369
463.49700000000037
464.733000000000371
465.641000000000372
468.222000000000374
468.544000000000374
469.373000000000375
470.099000000000376
470.888000000000377
471.473000000000377
497.8500000000004
498.162000000000401
498.458000000000401
499.263000000000402
501.339000000000404
504.009000000000406
929.009000000000783
929.991000000000784
930.347000000000785
930.812000000000785
950.763000000000803
951.459000000000803
951.726000000000804
952.116000000000804
953.044000000000805
953.390000000000805
953.920000000000806
956.944000000000808
957.446000000000809
957.822000000000809
961.764000000000812
961.949000000000813
963.494000000000814
964.055000000000815
964.592000000000815
965.019000000000815
965.665000000000816
966.034000000000816
966.758000000000817
967.342000000000818
1002.828000000000849
1065.0400000000009
1066.56500000000091
1069.29100000000091
1069.86500000000091
1070.26400000000091
1071.02200000000091
1071.34000000000091
1072.31300000000091
1098.04500000000093
1099.16300000000093
1099.55000000000093
1100.60900000000094
1101.05900000000094
1101.65600000000094
1103.89500000000094
1104.21500000000094
1104.64800000000094
1104.94900000000094
1106.00500000000094
1107.03700000000094
1109.40300000000094
1110.86700000000094
1111.48200000000095
1112.52000000000095
1112.80700000000095
1113.62300000000095
1114.61700000000095
1115.54600000000095
1117.77600000000095
1118.38800000000095
1118.83500000000095
1120.19100000000095
1120.56200000000095
1123.57700000000096
1123.79000000000096
1124.43300000000096
1125.03500000000096
1132.25500000000096
1133.59700000000097
1144.69000000000097
1146.30200000000098
1146.98900000000098
1147.70000000000098
1149.55000000000098
1151.41600000000098
1152.69600000000098
1154.11800000000098
1155.03500000000098
1156.51200000000099
1157.24900000000099
1157.58400000000099
1158.29000000000099
1163.87100000000099
1164.64700000000099
1165.53200000000099
1166.44300000000099
1167.693000000001
1168.808000000001
1171.085000000001
1172.672000000001
1173.027000000001
1177.611000000001
1192.44600000000102
1194.25100000000102
1195.27200000000102
1197.07800000000102
1202.08500000000103
11
-1
18.8429999999999979
83.8060000000000328
97.0180000000000445
124.2690000000000687
169.123000000000109
198.560000000000135
297.904000000000223
450.983000000000359
930.813000000000785
1071.34100000000091
1133.59800000000097
0
0
5000
0
0
0
0
7200
0
0
0
0
0
12
0
2933.69899999990423
1800.00000000000156
1800
0
34
0
1
4
7
10
13
16
19
22
25
28
31
34
37
40
43
46
49
52
55
58
61
64
67
70
73
76
79
82
85
88
91
94
97
100
103
106
109
112
115
118
121
124
127
130
133
136
139
142
145
148
151
154
157
160
163
166
169
172
175
178
181
184
187
190
193
196
199
202
205
208
211
214
217
220
223
226
229
232
235
238
241
244
247
250
253
256
259
262
265
268
271
274
277
280
283
286
289
292
295
298
301
304
307
310
313
316
319
322
325
328
331
334
337
340
343
346
349
352
355
358
361
364
367
370
373
376
379
382
385
388
391
394
397
400
403
406
409
412
415
418
421
424
427
430
433
436
439
442
445
448
451
454
457
460
463
466
469
472
475
478
481
484
487
490
493
496
499
502
505
508
511
514
517
520
523
526
529
532
535
538
541
544
547
550
