3
16
19
3
16
19
PPR2.16
FR2_day3
0
2
10
58
21
11
46
10
24
2
.3
1
76
1
32
1
1
1
1
1
1
1
1
1
1
1
1
1
1
1
1
1
1
1
1
1
1
75
-1
16.1660000000000002
16.7199999999999997
27.035999999999991
27.8999999999999902
63.9280000000000151
96.2040000000000438
104.0730000000000508
109.0240000000000552
116.5160000000000618
119.4420000000000644
127.3280000000000714
131.708000000000075
139.269000000000082
140.940000000000084
167.839000000000107
168.817000000000108
176.371000000000115
176.908000000000115
184.018000000000122
184.846000000000123
185.188000000000123
190.434000000000127
191.329000000000128
202.106000000000138
202.947000000000139
210.042000000000145
210.445000000000145
210.889000000000146
213.283000000000148
213.862000000000148
221.620000000000155
222.187000000000156
229.577000000000162
231.112000000000164
232.061000000000164
232.664000000000165
239.456000000000171
241.678000000000173
250.592000000000181
251.150000000000181
263.524000000000192
265.814000000000194
314.091000000000237
316.79700000000024
316.98900000000024
317.23300000000024
324.861000000000247
325.316000000000247
339.48200000000026
339.73700000000026
346.311000000000266
346.685000000000266
419.685000000000331
420.640000000000332
480.048000000000385
480.851000000000385
501.019000000000403
503.179000000000405
503.617000000000406
521.046000000000421
568.197000000000463
572.373000000000467
573.742000000000468
574.054000000000468
577.011000000000471
1156.37300000000099
1163.91200000000099
2014.34800000000175
2016.85200000000175
2170.41999999998829
2173.18899999998799
2174.70899999998782
2175.67399999998772
2361.20299999996728
2363.59399999996702
31
-1
16.7199999999999997
27.8999999999999902
96.2040000000000438
109.0240000000000552
119.4420000000000644
131.708000000000075
140.940000000000084
168.817000000000108
176.908000000000115
184.846000000000123
191.329000000000128
202.947000000000139
210.445000000000145
222.187000000000156
231.112000000000164
241.678000000000173
251.150000000000181
265.814000000000194
316.79700000000024
325.316000000000247
339.73700000000026
346.685000000000266
420.640000000000332
480.851000000000385
503.179000000000405
568.197000000000463
574.054000000000468
1163.91200000000099
2016.85200000000175
2173.18899999998799
2363.59399999996702
2
0
5000
0
0
0
0
2700
99
0
0
0
0
0
0
2700.79599999992988
0
0
0
0
0
0
