3
19
19
3
19
19
PPR2.12
FR2_day5
0
4
10
16
46
11
03
50
24
2
.3
1
187
1
86
1
1
1
1
1
1
1
1
1
1
1
1
1
1
1
1
1
1
1
1
1
1
186
-1
40.177999999999994
41.9929999999999957
54.3910000000000067
61.8450000000000133
61.9990000000000134
75.9040000000000258
76.8420000000000266
99.3580000000000466
100.992000000000048
106.9450000000000533
108.2980000000000545
108.4390000000000547
112.6190000000000584
112.7730000000000585
113.9700000000000596
114.3510000000000599
120.8690000000000657
126.3500000000000706
154.760000000000096
156.617000000000097
164.319000000000104
164.825000000000105
177.589000000000116
179.158000000000117
187.074000000000125
188.828000000000126
196.734000000000133
197.580000000000134
197.796000000000134
204.00500000000014
204.76900000000014
209.943000000000145
210.348000000000145
210.687000000000145
220.425000000000154
220.960000000000155
232.099000000000164
233.689000000000166
240.983000000000172
241.936000000000173
250.05400000000018
253.493000000000184
259.868000000000189
261.28500000000019
268.317000000000197
269.219000000000197
274.242000000000202
275.763000000000203
276.872000000000204
282.230000000000209
282.456000000000209
288.242000000000214
290.532000000000216
301.325000000000226
302.382000000000227
381.771000000000297
382.824000000000298
393.572000000000308
399.550000000000313
407.57500000000032
408.576000000000321
417.428000000000329
418.56400000000033
428.260000000000339
429.40900000000034
439.677000000000349
441.915000000000351
447.136000000000355
450.461000000000358
462.359000000000369
462.765000000000369
471.963000000000378
473.172000000000379
483.885000000000388
484.638000000000389
491.759000000000395
492.412000000000396
501.918000000000404
503.070000000000405
511.961000000000413
512.396000000000413
520.502000000000421
523.014000000000423
532.031000000000431
536.205000000000435
536.812000000000435
544.768000000000442
545.882000000000443
557.049000000000453
557.859000000000454
565.701000000000461
567.297000000000462
574.588000000000469
575.408000000000469
584.064000000000477
584.508000000000477
585.954000000000479
587.43300000000048
597.835000000000489
598.49800000000049
606.659000000000497
608.591000000000499
622.668000000000511
622.988000000000512
633.903000000000521
635.017000000000522
645.241000000000531
646.704000000000533
658.590000000000543
659.696000000000544
668.049000000000552
668.460000000000552
676.626000000000559
677.69000000000056
677.97400000000056
689.663000000000571
695.953000000000576
702.170000000000582
707.916000000000587
715.949000000000594
716.741000000000595
725.315000000000602
726.538000000000604
788.073000000000658
876.061000000000736
917.562000000000773
923.007000000000778
935.608000000000789
936.13500000000079
951.255000000000803
951.906000000000804
960.440000000000811
961.055000000000812
969.60900000000082
971.909000000000822
979.852000000000829
980.215000000000829
988.365000000000836
988.846000000000837
997.480000000000844
998.164000000000845
1006.853000000000853
1007.360000000000853
1015.15000000000086
1015.62400000000086
1023.064000000000867
1023.460000000000867
1024.73200000000087
1026.43200000000087
1034.12000000000088
1034.61700000000088
1041.48000000000088
1042.48100000000088
1051.72300000000089
1052.37600000000089
1059.4160000000009
1060.0830000000009
1071.81200000000091
1073.47300000000091
1079.54100000000092
1080.03300000000092
1087.87000000000092
1091.82500000000093
1102.25600000000094
1102.69400000000094
1111.81600000000095
1112.30300000000095
1120.30600000000095
1121.06000000000095
1131.51700000000096
1131.99300000000096
1142.41700000000097
1143.36200000000097
1156.56200000000099
1156.88600000000099
1158.23900000000099
1159.46600000000099
1161.04900000000099
1163.54400000000099
1165.18300000000099
1172.441000000001
1173.923000000001
1179.89800000000101
1182.10700000000101
1194.09400000000102
1194.90600000000102
85
-1
41.9929999999999957
61.8450000000000133
76.8420000000000266
100.992000000000048
108.2980000000000545
114.3510000000000599
126.3500000000000706
156.617000000000097
164.825000000000105
179.158000000000117
188.828000000000126
197.580000000000134
204.76900000000014
210.687000000000145
220.960000000000155
233.689000000000166
241.936000000000173
253.493000000000184
261.28500000000019
269.219000000000197
276.872000000000204
282.456000000000209
290.532000000000216
302.382000000000227
382.824000000000298
399.550000000000313
408.576000000000321
418.56400000000033
429.40900000000034
441.915000000000351
450.461000000000358
462.765000000000369
473.172000000000379
484.638000000000389
492.412000000000396
503.070000000000405
512.396000000000413
523.014000000000423
536.205000000000435
545.882000000000443
557.859000000000454
567.297000000000462
575.408000000000469
584.508000000000477
598.49800000000049
608.591000000000499
622.988000000000512
635.017000000000522
646.704000000000533
659.696000000000544
668.460000000000552
677.69000000000056
695.953000000000576
707.916000000000587
716.741000000000595
726.538000000000604
876.061000000000736
923.007000000000778
936.13500000000079
951.906000000000804
961.055000000000812
971.909000000000822
980.215000000000829
988.846000000000837
998.164000000000845
1007.360000000000853
1015.62400000000086
1023.460000000000867
1034.61700000000088
1042.48100000000088
1052.37600000000089
1060.0830000000009
1073.47300000000091
1080.03300000000092
1091.82500000000093
1102.69400000000094
1112.30300000000095
1121.06000000000095
1131.99300000000096
1143.36200000000097
1156.88600000000099
1165.18300000000099
1173.923000000001
1182.10700000000101
1194.90600000000102
2
0
5000
0
0
0
0
2700
99
0
0
0
0
0
0
2700.79599999992988
0
0
0
0
0
0
