3
27
19
3
27
19
PPR2.10
PR3_day3
0
2
9
08
11
10
01
40
23
3
.3
1
153
1
11
1
1
1
1
1
1
1
1
1
1
1
1
1
1
1
1
1
1
1
1
1
184
152
-1
6.77500000000000013
25.1699999999999926
29.0839999999999892
31.8369999999999869
32.5699999999999873
46.4769999999999996
47.3780000000000004
48.040000000000001
48.9480000000000018
57.2150000000000092
58.0620000000000099
58.5000000000000103
71.2580000000000216
72.778000000000023
73.3800000000000235
74.8710000000000248
76.3290000000000261
79.569000000000029
80.0260000000000294
80.3890000000000298
81.804000000000031
82.4780000000000316
129.582000000000073
132.491000000000076
133.155000000000077
136.039000000000079
136.59600000000008
136.86200000000008
139.171000000000082
139.772000000000082
140.156000000000083
140.736000000000083
141.118000000000084
142.594000000000085
156.267000000000097
157.440000000000098
168.585000000000108
171.883000000000111
172.465000000000112
173.069000000000112
173.605000000000113
175.250000000000114
208.883000000000144
216.515000000000151
217.588000000000152
218.027000000000152
227.43400000000016
228.199000000000161
235.753000000000168
239.676000000000171
240.589000000000172
244.631000000000176
246.243000000000177
256.026000000000186
258.477000000000188
259.516000000000189
260.61500000000019
275.686000000000203
275.838000000000203
282.118000000000209
317.60900000000024
318.279000000000241
319.751000000000242
322.038000000000244
322.645000000000245
323.601000000000246
325.572000000000248
328.94900000000025
330.216000000000252
331.148000000000252
332.124000000000253
335.824000000000257
352.266000000000271
362.839000000000281
363.736000000000281
367.059000000000284
368.241000000000285
368.931000000000286
370.553000000000287
505.107000000000407
506.645000000000408
515.172000000000416
517.054000000000418
518.464000000000419
518.662000000000419
523.725000000000424
529.169000000000428
531.11400000000043
531.697000000000431
535.796000000000434
541.621000000000439
542.22700000000044
548.670000000000446
549.409000000000446
564.70100000000046
569.325000000000464
570.117000000000465
574.666000000000469
575.357000000000469
575.72200000000047
576.61700000000047
577.095000000000471
578.575000000000472
581.480000000000475
583.342000000000476
584.976000000000478
588.486000000000481
589.216000000000482
592.920000000000485
595.131000000000487
643.31700000000053
645.569000000000532
651.061000000000537
651.813000000000537
652.855000000000538
660.611000000000545
663.549000000000548
664.666000000000549
667.437000000000551
687.085000000000569
691.260000000000572
699.192000000000579
701.392000000000581
701.587000000000581
701.782000000000582
714.235000000000593
714.948000000000593
716.691000000000595
778.47100000000065
783.682000000000654
813.540000000000681
814.050000000000681
814.424000000000682
817.519000000000684
818.492000000000685
825.291000000000691
825.963000000000692
828.884000000000695
829.771000000000695
1029.43500000000087
1030.68200000000087
1031.13300000000087
1034.63500000000088
1040.22400000000088
1041.19700000000088
1042.30500000000088
1380.43000000000118
1440.18100000000124
1764.93700000000153
1794.59700000000155
1812.66400000000157
1819.46900000000157
10
-1
6.77600000000000013
32.5709999999999873
58.5010000000000103
82.4790000000000316
156.268000000000097
244.632000000000176
335.825000000000257
549.410000000000446
667.438000000000551
1380.43100000000118
0
0
5000
0
0
0
0
7200
0
0
0
0
0
11
0
3180.53199999987705
1800.00000000000156
1800
0
31
0
1
4
7
10
13
16
19
22
25
28
31
34
37
40
43
46
49
52
55
58
61
64
67
70
73
76
79
82
85
88
91
94
97
100
103
106
109
112
115
118
121
124
127
130
133
136
139
142
145
148
151
154
157
160
163
166
169
172
175
178
181
184
187
190
193
196
199
202
205
208
211
214
217
220
223
226
229
232
235
238
241
244
247
250
253
256
259
262
265
268
271
274
277
280
283
286
289
292
295
298
301
304
307
310
313
316
319
322
325
328
331
334
337
340
343
346
349
352
355
358
361
364
367
370
373
376
379
382
385
388
391
394
397
400
403
406
409
412
415
418
421
424
427
430
433
436
439
442
445
448
451
454
457
460
463
466
469
472
475
478
481
484
487
490
493
496
499
502
505
508
511
514
517
520
523
526
529
532
535
538
541
544
547
550
