3
23
19
3
23
19
PPR2.13
FR5_day4
0
3
11
00
45
11
46
40
24
2
.3
1
570
1
89
1
1
1
1
1
1
1
1
1
1
1
1
1
1
1
1
1
1
1
1
1
1
569
-1
0.99200000000000001
1.56300000000000002
2.70500000000000004
3.95500000000000007
4.72900000000000009
8.96700000000000017
29.5949999999999888
30.0889999999999884
30.513999999999988
50.1420000000000029
50.8320000000000035
99.6140000000000468
100.1120000000000473
100.4320000000000476
101.0130000000000481
101.5650000000000486
103.3780000000000502
103.5810000000000504
105.1190000000000517
106.9160000000000533
107.2270000000000536
107.740000000000054
108.1680000000000544
108.5370000000000548
112.188000000000058
112.4680000000000582
113.1960000000000589
114.1950000000000598
115.0880000000000606
115.4530000000000609
123.8260000000000683
124.568000000000069
124.7010000000000691
126.2690000000000705
126.5540000000000708
127.2210000000000714
127.5090000000000716
130.886000000000075
131.132000000000075
131.423000000000075
132.152000000000076
132.685000000000076
153.492000000000095
153.648000000000095
153.781000000000095
154.136000000000095
154.396000000000095
154.519000000000096
156.311000000000097
160.380000000000101
160.600000000000101
160.755000000000101
161.062000000000101
161.969000000000102
167.365000000000107
167.634000000000107
167.939000000000108
168.765000000000108
169.150000000000109
191.804000000000129
192.055000000000129
192.317000000000129
192.539000000000129
192.76500000000013
196.281000000000133
198.148000000000134
198.826000000000135
199.756000000000136
200.600000000000137
201.000000000000137
203.98800000000014
205.967000000000141
206.164000000000141
206.393000000000142
206.589000000000142
206.919000000000142
207.218000000000142
207.634000000000143
211.058000000000146
211.450000000000146
236.643000000000169
236.917000000000169
237.198000000000169
237.93000000000017
238.10800000000017
261.948000000000191
262.168000000000191
262.614000000000192
262.891000000000192
263.028000000000192
265.962000000000195
266.197000000000195
266.518000000000195
266.742000000000195
267.103000000000196
267.491000000000196
267.666000000000196
267.784000000000196
268.469000000000197
268.875000000000197
269.171000000000197
269.414000000000198
270.223000000000198
274.991000000000203
275.249000000000203
275.894000000000203
276.544000000000204
276.975000000000204
277.194000000000205
277.530000000000205
320.575000000000243
320.911000000000243
321.622000000000244
322.666000000000245
323.133000000000245
328.26300000000025
330.307000000000252
330.557000000000252
330.839000000000252
331.236000000000253
331.627000000000253
338.622000000000259
339.24700000000026
339.82400000000026
340.09200000000026
340.589000000000261
344.072000000000264
361.408000000000279
362.46300000000028
363.104000000000281
366.181000000000284
366.796000000000284
370.310000000000287
371.336000000000288
371.564000000000288
372.023000000000289
372.509000000000289
372.96900000000029
373.94700000000029
374.625000000000291
378.322000000000294
379.680000000000296
379.930000000000296
380.640000000000296
381.655000000000297
382.411000000000298
382.860000000000298
405.509000000000318
406.479000000000319
407.17100000000032
407.978000000000321
409.155000000000322
414.611000000000327
414.856000000000327
415.648000000000328
416.720000000000328
416.937000000000329
419.471000000000331
419.838000000000331
420.193000000000332
420.580000000000332
421.089000000000332
421.540000000000333
422.997000000000334
423.446000000000334
423.704000000000335
424.099000000000335
424.411000000000335
433.751000000000344
433.939000000000344
434.327000000000344
434.488000000000344
435.550000000000345
439.452000000000349
439.693000000000349
440.188000000000349
440.50000000000035
440.84700000000035
441.13700000000035
441.800000000000351
441.997000000000351
442.159000000000351
457.734000000000365
458.305000000000365
458.560000000000366
459.839000000000367
460.502000000000367
463.68600000000037
463.87500000000037
464.295000000000371
465.467000000000372
465.602000000000372
465.964000000000372
466.218000000000372
466.855000000000373
467.354000000000373
468.300000000000374
472.117000000000378
473.185000000000379
473.336000000000379
473.712000000000379
473.966000000000379
474.39700000000038
474.69700000000038
475.834000000000381
479.604000000000384
480.613000000000385
480.931000000000386
481.128000000000386
481.365000000000386
481.627000000000386
481.886000000000386
482.213000000000387
484.407000000000389
484.873000000000389
485.99500000000039
486.35200000000039
486.872000000000391
488.416000000000392
489.478000000000393
491.228000000000395
491.794000000000395
492.141000000000395
496.401000000000399
496.7380000000004
497.7870000000004
498.518000000000401
498.743000000000401
499.437000000000402
500.233000000000403
500.409000000000403
504.004000000000406
504.277000000000406
505.477000000000407
505.724000000000408
505.887000000000408
507.545000000000409
508.55200000000041
511.975000000000413
514.286000000000415
514.609000000000415
514.845000000000416
515.307000000000416
516.713000000000417
516.849000000000417
520.29700000000042
520.613000000000421
521.234000000000421
521.524000000000422
521.798000000000422
522.565000000000422
522.937000000000423
523.059000000000423
523.297000000000423
523.887000000000424
527.640000000000427
548.383000000000445
549.685000000000446
550.760000000000447
551.831000000000448
552.238000000000449
556.217000000000452
558.204000000000454
558.358000000000454
558.596000000000454
558.958000000000455
559.131000000000455
562.610000000000458
565.30200000000046
567.054000000000462
568.962000000000464
569.186000000000464
569.339000000000464
569.569000000000464
573.415000000000468
573.600000000000468
574.021000000000468
574.495000000000469
574.648000000000469
574.913000000000469
575.197000000000469
575.336000000000469
576.19800000000047
579.827000000000473
580.027000000000474
581.620000000000475
581.816000000000475
582.246000000000475
582.601000000000476
583.050000000000476
601.799000000000493
602.074000000000493
602.329000000000493
602.467000000000493
603.096000000000494
607.512000000000498
608.084000000000498
608.530000000000499
609.194000000000499
609.5270000000005
610.2290000000005
610.498000000000501
613.677000000000503
614.046000000000504
615.021000000000505
615.222000000000505
615.799000000000505
616.296000000000506
616.720000000000506
617.453000000000507
617.761000000000507
624.113000000000513
624.404000000000513
624.674000000000513
625.014000000000513
625.721000000000514
630.711000000000518
631.310000000000519
631.715000000000519
632.00300000000052
632.35300000000052
633.101000000000521
637.025000000000524
639.247000000000526
639.602000000000526
640.163000000000527
640.447000000000527
640.707000000000527
650.065000000000536
650.234000000000536
650.596000000000536
650.913000000000536
651.248000000000537
655.856000000000541
656.252000000000541
656.536000000000541
717.148000000000595
717.422000000000596
717.633000000000596
718.245000000000596
722.9660000000006
723.163000000000601
724.983000000000602
725.086000000000602
725.325000000000603
725.638000000000603
725.927000000000603
729.980000000000607
730.995000000000608
732.554000000000609
732.746000000000609
732.952000000000609
733.113000000000609
733.31900000000061
733.58000000000061
737.386000000000613
737.839000000000614
740.061000000000616
740.186000000000616
740.338000000000616
740.580000000000616
740.858000000000616
744.291000000000619
776.417000000000648
776.860000000000648
777.257000000000649
777.887000000000649
778.30400000000065
783.726000000000654
784.265000000000655
784.468000000000655
784.811000000000655
785.349000000000656
789.63300000000066
790.916000000000661
791.167000000000661
791.427000000000661
791.695000000000662
792.135000000000662
798.470000000000668
799.148000000000668
799.330000000000668
800.482000000000669
801.13400000000067
807.385000000000675
807.776000000000676
808.248000000000676
808.494000000000676
808.830000000000677
851.597000000000715
851.806000000000715
852.010000000000715
852.359000000000715
852.838000000000716
856.636000000000719
859.022000000000721
859.187000000000721
859.442000000000722
859.645000000000722
859.932000000000722
864.757000000000726
865.005000000000727
865.330000000000727
866.626000000000728
866.867000000000728
866.991000000000728
867.224000000000729
869.03500000000073
869.467000000000731
869.905000000000731
875.898000000000736
876.148000000000736
876.550000000000737
876.707000000000737
877.010000000000737
886.942000000000746
887.182000000000746
887.488000000000747
887.750000000000747
887.947000000000747
896.961000000000755
897.213000000000755
897.419000000000755
897.639000000000756
898.033000000000756
904.043000000000761
904.259000000000762
904.697000000000762
904.963000000000762
905.489000000000763
911.905000000000768
912.549000000000769
913.032000000000769
913.262000000000769
913.82400000000077
920.793000000000776
921.122000000000776
921.487000000000777
922.499000000000778
922.973000000000778
1013.136000000000858
1013.499000000000858
1013.683000000000859
1014.029000000000859
1014.242000000000859
1019.056000000000863
1019.363000000000864
1020.857000000000865
1021.007000000000865
1021.214000000000865
1021.407000000000866
1021.694000000000866
1025.58400000000087
1025.85000000000087
1027.37100000000087
1027.51200000000087
1027.96500000000087
1028.88700000000087
1029.13800000000087
1029.31900000000087
1029.76600000000087
1083.76900000000092
1084.32300000000092
1085.31500000000092
1085.45800000000092
1085.59300000000092
1090.22200000000093
1090.53000000000093
1090.69500000000093
1091.77700000000093
1092.02500000000093
1092.24700000000093
1092.42100000000093
1093.32600000000093
1102.75700000000094
1103.05100000000094
1103.62500000000094
1104.06800000000094
1104.43900000000094
1108.55300000000094
1110.07200000000094
1110.25000000000094
1110.44300000000094
1110.72900000000094
1110.95400000000094
1115.70500000000095
1116.02200000000095
1116.33500000000095
1117.76300000000095
1118.25700000000095
1119.26300000000095
1119.54400000000095
1128.63100000000096
1129.29700000000096
1129.59900000000096
1130.22700000000096
1130.67100000000096
1135.95000000000097
1136.15800000000097
1136.38900000000097
1136.63400000000097
1137.39000000000097
1142.97000000000097
1143.30800000000097
1143.63100000000097
1143.92300000000097
1144.17100000000097
1149.17900000000098
1149.78100000000098
1150.13100000000098
1150.64000000000098
1150.90900000000098
1151.22000000000098
1156.06000000000099
1157.47900000000099
1157.75200000000099
1157.92500000000099
1158.22300000000099
1158.72200000000099
1164.28800000000099
1165.27800000000099
1165.48400000000099
1165.80800000000099
1166.07900000000099
1214.32100000000104
1214.57100000000104
1214.79800000000104
1215.01900000000104
1215.24900000000104
1221.83900000000104
1222.15700000000104
1222.55300000000104
1222.90900000000104
1223.16100000000104
1229.74900000000105
1230.21000000000105
1230.72700000000105
1231.05600000000105
1231.51000000000105
1236.26300000000106
1237.34100000000106
1237.81700000000106
1238.52900000000106
1238.75200000000106
1239.34600000000106
1245.69300000000106
1246.28500000000107
1246.93900000000107
1247.40000000000107
1247.80800000000107
1248.07500000000107
1266.41600000000108
1932.83500000000168
1933.12700000000168
1933.41300000000168
1933.68700000000168
1954.14200000000169
1956.3910000000017
1956.6920000000017
1957.1610000000017
2005.42500000000174
2013.12500000000175
2013.46000000000175
2014.75900000000175
2014.90500000000175
2015.11700000000175
2015.31300000000175
2093.77399999999674
2094.16199999999669
88
-1
4.72900000000000009
50.8320000000000035
101.5650000000000486
108.5370000000000548
124.568000000000069
132.685000000000076
154.396000000000095
161.969000000000102
169.150000000000109
192.76500000000013
201.000000000000137
207.634000000000143
238.10800000000017
263.028000000000192
270.223000000000198
277.530000000000205
323.133000000000245
331.627000000000253
340.589000000000261
366.796000000000284
374.625000000000291
382.860000000000298
409.155000000000322
416.937000000000329
424.411000000000335
435.550000000000345
442.159000000000351
460.502000000000367
468.300000000000374
475.834000000000381
482.213000000000387
492.141000000000395
500.233000000000403
508.55200000000041
516.713000000000417
523.887000000000424
552.238000000000449
559.131000000000455
569.339000000000464
576.19800000000047
583.050000000000476
603.096000000000494
610.498000000000501
617.761000000000507
625.721000000000514
633.101000000000521
640.707000000000527
651.248000000000537
718.245000000000596
725.927000000000603
733.31900000000061
740.858000000000616
778.30400000000065
785.349000000000656
792.135000000000662
801.13400000000067
808.830000000000677
852.838000000000716
859.932000000000722
867.224000000000729
877.010000000000737
887.947000000000747
898.033000000000756
905.489000000000763
913.82400000000077
922.973000000000778
1014.242000000000859
1021.694000000000866
1029.13800000000087
1085.59300000000092
1093.32600000000093
1104.43900000000094
1110.95400000000094
1119.54400000000095
1130.67100000000096
1137.39000000000097
1144.17100000000097
1151.22000000000098
1158.72200000000099
1166.07900000000099
1215.24900000000104
1223.16100000000104
1231.51000000000105
1239.34600000000106
1247.80800000000107
1933.68700000000168
2005.42500000000174
2015.11700000000175
5
0
5000
0
0
0
0
2700
99
0
0
0
0
0
0
2700.79599999992988
0
0
0
0
0
0
