3
14
19
3
14
19
PPR2.15
FR2_day1
0
1
12
02
37
12
48
40
24
2
.3
1
14
1
5
1
1
1
1
1
1
1
1
1
1
1
1
1
1
1
1
1
1
1
1
1
1
13
-1
1.48800000000000002
4.00400000000000007
4.12400000000000007
5.4260000000000001
43.6319999999999971
44.5229999999999979
197.364000000000134
525.266000000000425
526.552000000000426
527.412000000000427
530.59200000000043
535.507000000000434
537.403000000000436
4
-1
4.00400000000000007
44.5229999999999979
525.266000000000425
535.507000000000434
2
0
5000
0
0
0
0
2700
99
0
0
0
0
0
0
2700.79599999992988
0
0
0
0
0
0
