3
12
19
3
12
19
PPR2.13
FR1_day4
0
3
11
11
07
11
57
04
24
2
.3
1
54
1
38
1
1
1
1
1
1
1
1
1
1
1
1
1
1
1
1
1
1
1
1
1
1
53
-1
5.4530000000000001
31.3209999999999874
38.0259999999999921
156.693000000000098
165.047000000000105
220.629000000000154
278.176000000000205
285.850000000000212
305.195000000000229
366.645000000000284
375.345000000000292
389.111000000000304
397.573000000000311
402.845000000000316
411.573000000000324
413.929000000000326
415.244000000000327
415.642000000000328
418.60900000000033
425.554000000000336
426.112000000000337
479.644000000000384
481.006000000000386
995.317000000000842
1015.53600000000086
1029.12400000000087
1054.12400000000089
1064.4060000000009
1070.87000000000091
1077.16300000000092
1086.41600000000092
1100.36000000000094
1109.96600000000094
1122.69300000000096
1131.95900000000096
1140.89500000000097
1297.02600000000111
1352.51300000000116
1352.86900000000116
1356.19100000000116
1356.71700000000116
1356.92600000000116
1358.85300000000117
1361.42400000000117
1361.72800000000117
1363.63600000000117
1363.86500000000117
1364.27800000000117
1367.40700000000117
1369.86100000000117
1374.48700000000118
1375.05500000000118
1376.97500000000118
37
-1
5.4530000000000001
31.3209999999999874
38.0259999999999921
156.693000000000098
165.047000000000105
220.629000000000154
278.176000000000205
285.850000000000212
305.195000000000229
366.645000000000284
375.345000000000292
389.111000000000304
397.573000000000311
402.845000000000316
411.573000000000324
418.60900000000033
425.554000000000336
479.644000000000384
995.317000000000842
1015.53600000000086
1029.12400000000087
1054.12400000000089
1064.4060000000009
1070.87000000000091
1077.16300000000092
1086.41600000000092
1100.36000000000094
1109.96600000000094
1122.69300000000096
1131.95900000000096
1140.89500000000097
1297.02600000000111
1352.51300000000116
1358.85300000000117
1364.27800000000117
1369.86100000000117
1375.05500000000118
1
0
5000
0
0
0
0
2700
99
0
0
0
0
0
0
2700.79699999992988
0
0
0
0
0
0
