3
27
19
3
27
19
PPR2.15
PR3_day3
0
1
13
00
22
13
55
15
23
3
.3
1
701
1
22
1
1
1
1
1
1
1
1
1
1
1
1
1
1
1
1
1
1
1
1
1
184
700
-1
0.86800000000000001
6.45600000000000012
7.38000000000000014
7.94900000000000015
9.16400000000000018
9.52200000000000018
9.73200000000000019
12.34300000000000024
13.73000000000000027
14.22200000000000028
14.71300000000000029
16.2940000000000001
16.8949999999999996
32.240999999999987
33.4759999999999881
33.8669999999999884
34.6859999999999892
35.5129999999999899
37.4019999999999916
37.887999999999992
41.5379999999999952
52.491000000000005
53.3870000000000058
54.2150000000000065
54.5500000000000068
54.9660000000000072
55.905000000000008
56.2050000000000083
57.3280000000000093
61.1060000000000126
61.3020000000000128
65.5990000000000166
65.9310000000000169
67.2730000000000181
71.5370000000000219
71.8320000000000222
72.2670000000000225
73.1700000000000233
73.6420000000000238
73.970000000000024
74.3650000000000244
74.8460000000000248
75.4010000000000253
76.0880000000000259
76.9880000000000267
77.6730000000000273
78.1210000000000277
81.9090000000000311
82.2950000000000314
82.4830000000000316
83.0850000000000321
100.1920000000000473
101.4040000000000484
105.3370000000000519
105.437000000000052
106.0460000000000525
106.6620000000000531
107.4130000000000538
108.4330000000000547
109.4930000000000556
110.2670000000000563
110.8440000000000568
111.4900000000000574
112.1300000000000579
113.0010000000000587
113.5010000000000592
117.0880000000000624
118.3640000000000635
118.6080000000000637
119.4720000000000645
120.2120000000000651
124.9010000000000693
125.2280000000000696
125.3570000000000697
126.0740000000000703
127.3740000000000715
128.044000000000072
128.445000000000072
129.569000000000073
130.570000000000074
131.846000000000075
133.740000000000077
134.263000000000078
135.162000000000078
135.609000000000079
143.578000000000086
144.588000000000087
146.330000000000088
149.068000000000091
149.469000000000091
150.007000000000092
150.397000000000092
151.312000000000093
151.718000000000093
155.284000000000096
156.100000000000097
156.405000000000097
156.774000000000098
157.299000000000098
158.593000000000099
159.9610000000001
160.638000000000101
162.293000000000102
162.952000000000103
163.344000000000103
165.002000000000105
165.502000000000105
169.858000000000109
171.371000000000111
172.379000000000111
173.117000000000112
173.711000000000113
174.307000000000113
175.234000000000114
191.997000000000129
196.600000000000133
197.552000000000134
199.011000000000135
205.167000000000141
205.833000000000141
206.100000000000141
206.760000000000142
207.577000000000143
207.866000000000143
211.736000000000146
212.511000000000147
213.255000000000148
213.699000000000148
214.976000000000149
221.342000000000155
222.168000000000156
224.302000000000158
225.628000000000159
227.10000000000016
227.53100000000016
229.376000000000162
229.724000000000162
231.496000000000164
233.940000000000166
234.899000000000167
235.441000000000167
255.689000000000185
256.474000000000186
256.630000000000186
260.30800000000019
260.95000000000019
261.412000000000191
263.285000000000192
263.751000000000193
264.210000000000193
264.713000000000193
265.412000000000194
271.7430000000002
272.1500000000002
272.5700000000002
272.957000000000201
278.638000000000206
279.030000000000206
279.901000000000207
280.549000000000208
282.074000000000209
285.972000000000212
286.785000000000213
287.990000000000214
288.479000000000215
291.586000000000217
291.957000000000218
296.619000000000222
297.269000000000222
297.536000000000223
302.565000000000227
305.141000000000229
306.13400000000023
307.692000000000232
319.700000000000242
320.097000000000243
320.771000000000243
321.880000000000244
328.81900000000025
330.273000000000252
330.536000000000252
344.905000000000265
345.274000000000265
345.362000000000265
348.510000000000268
349.055000000000268
349.264000000000269
349.991000000000269
350.65400000000027
357.233000000000276
357.837000000000276
358.276000000000277
360.074000000000278
361.192000000000279
361.60200000000028
364.951000000000282
365.359000000000283
367.213000000000284
367.725000000000285
368.295000000000285
369.888000000000287
376.030000000000292
379.313000000000295
379.588000000000296
380.081000000000296
386.354000000000301
387.177000000000302
388.142000000000303
389.550000000000304
390.098000000000305
396.846000000000311
397.889000000000312
400.093000000000314
401.256000000000315
403.249000000000316
404.821000000000318
424.383000000000335
427.553000000000338
429.24600000000034
429.81900000000034
430.621000000000341
433.130000000000343
433.610000000000343
434.527000000000344
435.736000000000345
436.113000000000346
439.657000000000349
442.975000000000352
443.843000000000353
444.515000000000353
445.047000000000354
445.743000000000354
446.817000000000355
456.666000000000364
457.140000000000364
463.55500000000037
491.892000000000395
492.414000000000396
507.772000000000409
513.123000000000414
513.484000000000414
513.877000000000415
519.56500000000042
520.03200000000042
521.024000000000421
521.997000000000422
522.664000000000423
522.963000000000423
524.324000000000424
525.158000000000425
528.344000000000428
528.906000000000428
531.21900000000043
531.691000000000431
532.219000000000431
541.208000000000439
541.89200000000044
542.06700000000044
542.40800000000044
543.806000000000441
544.760000000000442
560.674000000000456
562.183000000000458
566.709000000000462
567.998000000000463
569.554000000000464
570.570000000000465
571.665000000000466
572.275000000000467
572.996000000000467
574.069000000000468
574.353000000000468
580.331000000000474
582.034000000000475
582.386000000000476
582.977000000000476
583.557000000000477
584.164000000000477
584.922000000000478
585.585000000000478
585.884000000000479
592.909000000000485
593.623000000000486
595.265000000000487
596.747000000000488
596.912000000000488
597.145000000000489
597.978000000000489
598.90800000000049
599.00900000000049
601.232000000000492
601.423000000000492
601.658000000000493
601.926000000000493
602.725000000000494
604.947000000000496
605.559000000000496
606.056000000000497
609.6750000000005
609.8470000000005
610.563000000000501
610.908000000000501
612.039000000000502
613.181000000000503
613.427000000000503
614.356000000000504
617.228000000000507
618.896000000000508
619.604000000000509
620.324000000000509
623.391000000000512
626.949000000000515
627.529000000000516
632.88800000000052
633.231000000000521
634.286000000000522
634.384000000000522
635.242000000000522
635.648000000000523
641.221000000000528
641.661000000000528
642.731000000000529
644.643000000000531
645.225000000000531
647.134000000000533
647.556000000000533
647.975000000000534
648.683000000000534
649.900000000000536
650.368000000000536
650.948000000000536
654.191000000000539
654.61800000000054
656.502000000000541
657.224000000000542
658.153000000000543
667.059000000000551
667.574000000000551
671.900000000000555
672.479000000000556
674.359000000000557
674.687000000000558
675.149000000000558
677.13900000000056
677.70800000000056
678.262000000000561
679.154000000000562
680.226000000000562
680.824000000000563
682.189000000000564
682.601000000000565
684.427000000000566
684.808000000000566
685.047000000000567
685.679000000000567
685.791000000000567
692.565000000000573
693.341000000000574
694.913000000000576
695.379000000000576
701.123000000000581
701.535000000000581
703.160000000000583
704.635000000000584
705.095000000000585
709.863000000000589
710.390000000000589
711.52200000000059
713.452000000000592
715.907000000000594
719.911000000000598
720.851000000000599
722.3350000000006
723.0320000000006
723.532000000000601
727.566000000000604
734.28500000000061
735.452000000000612
735.814000000000612
736.152000000000612
737.699000000000614
739.445000000000615
740.388000000000616
741.173000000000617
743.427000000000619
744.50200000000062
751.383000000000626
751.754000000000626
751.904000000000626
752.558000000000627
753.958000000000628
755.217000000000629
757.980000000000632
762.618000000000636
763.301000000000636
763.732000000000637
764.256000000000637
764.895000000000638
767.55800000000064
767.97400000000064
768.417000000000641
770.011000000000642
781.831000000000653
782.219000000000653
783.062000000000654
783.471000000000654
784.044000000000655
784.979000000000656
788.265000000000658
788.932000000000659
789.244000000000659
789.98900000000066
790.39400000000066
795.394000000000665
815.380000000000683
820.365000000000687
820.988000000000688
821.831000000000688
821.877000000000688
822.276000000000689
822.641000000000689
822.994000000000689
823.29400000000069
824.712000000000691
830.255000000000696
830.533000000000696
830.871000000000696
831.374000000000697
831.884000000000697
832.386000000000698
833.852000000000699
834.9170000000007
835.3230000000007
837.077000000000702
837.976000000000703
838.565000000000703
839.887000000000704
840.436000000000705
840.982000000000705
841.602000000000706
843.315000000000707
843.799000000000708
844.217000000000708
845.377000000000709
846.15100000000071
850.012000000000713
860.414000000000722
861.013000000000723
862.451000000000724
862.857000000000725
863.171000000000725
870.425000000000731
873.629000000000734
873.987000000000735
874.557000000000735
875.229000000000736
876.335000000000737
876.928000000000737
877.372000000000738
879.61800000000074
880.06400000000074
880.43400000000074
880.792000000000741
881.113000000000741
881.498000000000741
882.913000000000742
888.535000000000748
888.911000000000748
890.83200000000075
893.134000000000752
893.672000000000752
894.121000000000752
912.572000000000769
913.96500000000077
914.36800000000077
916.707000000000773
916.987000000000773
919.950000000000775
920.163000000000776
920.508000000000776
921.538000000000777
926.055000000000781
926.898000000000782
927.264000000000782
928.121000000000783
928.711000000000783
931.721000000000786
932.366000000000786
935.82200000000079
936.94300000000079
938.052000000000791
938.721000000000792
939.520000000000793
940.115000000000793
944.314000000000797
944.921000000000798
948.2080000000008
948.786000000000801
949.378000000000802
953.440000000000805
953.868000000000806
954.647000000000806
956.917000000000808
964.495000000000815
965.043000000000815
965.969000000000816
966.677000000000817
968.325000000000818
969.261000000000819
969.64700000000082
979.440000000000828
979.872000000000829
980.690000000000829
981.56900000000083
985.915000000000834
986.360000000000834
986.927000000000835
987.765000000000836
988.132000000000836
988.970000000000837
1000.781000000000847
1003.95700000000085
1004.55800000000085
1005.361000000000851
1005.504000000000851
1006.232000000000852
1007.153000000000853
1007.633000000000853
1008.240000000000854
1008.663000000000854
1008.966000000000854
1009.701000000000855
1010.146000000000855
1011.012000000000856
1011.611000000000857
1013.074000000000858
1013.284000000000858
1016.750000000000861
1017.813000000000862
1018.530000000000863
1019.242000000000864
1019.724000000000864
1020.235000000000864
1029.38400000000087
1031.16700000000087
1031.59600000000087
1032.20400000000088
1034.55500000000088
1061.5970000000009
1066.94000000000091
1067.76600000000091
1077.90200000000092
1085.54400000000092
1090.13700000000093
1091.62600000000093
1093.60600000000093
1104.25200000000094
1108.55800000000094
1118.60800000000095
1119.47100000000095
1120.79300000000095
1121.31900000000095
1126.75100000000096
1127.25000000000096
1127.95600000000096
1128.71200000000096
1129.21200000000096
1132.78100000000096
1133.28400000000096
1134.29900000000097
1134.64800000000097
1136.91400000000097
1137.40600000000097
1142.51500000000097
1144.53700000000097
1147.52200000000098
1149.67000000000098
1150.57900000000098
1151.05800000000098
1152.75000000000098
1153.38000000000098
1157.95100000000099
1158.88800000000099
1159.23800000000099
1184.74900000000101
1186.40800000000101
1186.55000000000101
1187.40900000000101
1187.57300000000101
1188.17600000000101
1190.48900000000102
1193.48600000000102
1194.08600000000102
1194.65300000000102
1197.38500000000102
1197.94600000000102
1198.78300000000102
1199.55600000000102
1199.92600000000102
1210.32100000000103
1211.13800000000103
1212.89700000000104
1232.99700000000105
1238.83600000000106
1240.10600000000106
1241.26500000000106
1241.88100000000106
1242.93600000000106
1243.43400000000106
1243.96100000000106
1247.22600000000107
1249.75300000000107
1250.28200000000107
1251.55100000000107
1257.73800000000108
1259.21700000000108
1266.11000000000108
1268.68500000000109
1276.33800000000109
1276.70900000000109
1278.18500000000109
1278.59800000000109
1285.9470000000011
1286.5930000000011
1287.3780000000011
1287.6630000000011
1292.38600000000111
1292.90100000000111
1293.23400000000111
1297.80600000000111
1298.35500000000111
1299.02400000000111
1299.83000000000111
1300.70400000000111
1301.00200000000111
1301.32700000000111
1305.28400000000112
1305.81800000000112
1311.03100000000112
1341.03800000000115
1345.07900000000115
1346.03200000000115
1346.52000000000115
1347.75900000000116
1351.06800000000116
1352.22700000000116
1356.69300000000116
1358.23700000000116
1358.84100000000117
1385.62300000000119
1387.16900000000119
1387.30800000000119
1387.75600000000119
1388.72200000000119
1389.66200000000119
1390.81800000000119
1391.35800000000119
1392.7630000000012
1393.9810000000012
1396.5850000000012
1397.8910000000012
1399.3000000000012
1402.2720000000012
1402.6170000000012
1406.50800000000121
1407.11300000000121
1409.02300000000121
1410.33400000000121
1413.36100000000121
1414.52500000000121
1414.95800000000122
1415.58600000000122
1418.25500000000122
1433.22400000000123
1434.26200000000123
1435.72600000000123
1440.40900000000124
1449.28800000000125
1451.89200000000125
1452.43100000000125
1453.30400000000125
1455.00400000000125
1456.72600000000125
1457.14600000000125
1482.73900000000128
1483.17800000000128
1484.55700000000128
1485.57800000000128
1490.83000000000128
1491.40300000000128
1495.95600000000129
1497.42500000000129
1498.07300000000129
1501.18600000000129
1501.88900000000129
1502.68800000000129
1503.83700000000129
1504.9270000000013
1506.1010000000013
1507.8170000000013
21
-1
0.86900000000000001
9.16500000000000018
34.6869999999999892
61.1070000000000126
77.6740000000000273
113.5020000000000592
146.331000000000088
191.998000000000129
235.442000000000167
297.270000000000222
369.889000000000287
457.141000000000364
574.354000000000468
626.950000000000515
685.792000000000567
770.012000000000642
863.172000000000725
956.918000000000808
1108.55900000000094
1259.21800000000108
1440.41000000000124
0
0
5000
0
0
0
0
7200
0
0
0
0
0
22
0
3240.51099999987044
1800.00000000000156
1800
0
64
0
1
4
7
10
13
16
19
22
25
28
31
34
37
40
43
46
49
52
55
58
61
64
67
70
73
76
79
82
85
88
91
94
97
100
103
106
109
112
115
118
121
124
127
130
133
136
139
142
145
148
151
154
157
160
163
166
169
172
175
178
181
184
187
190
193
196
199
202
205
208
211
214
217
220
223
226
229
232
235
238
241
244
247
250
253
256
259
262
265
268
271
274
277
280
283
286
289
292
295
298
301
304
307
310
313
316
319
322
325
328
331
334
337
340
343
346
349
352
355
358
361
364
367
370
373
376
379
382
385
388
391
394
397
400
403
406
409
412
415
418
421
424
427
430
433
436
439
442
445
448
451
454
457
460
463
466
469
472
475
478
481
484
487
490
493
496
499
502
505
508
511
514
517
520
523
526
529
532
535
538
541
544
547
550
