3
27
19
3
27
19
PPR2.14
PR3_day3
0
4
11
43
05
12
38
45
23
3
.3
1
369
1
16
1
1
1
1
1
1
1
1
1
1
1
1
1
1
1
1
1
1
1
1
1
184
368
-1
26.0809999999999918
32.7839999999999875
32.9979999999999877
33.5769999999999882
33.8039999999999884
72.8940000000000231
75.039000000000025
83.8590000000000328
85.6800000000000344
100.949000000000048
101.9110000000000489
102.6960000000000496
108.9850000000000552
115.602000000000061
118.5020000000000636
129.682000000000074
132.467000000000076
136.40200000000008
137.30000000000008
137.958000000000081
140.611000000000083
147.329000000000089
147.437000000000089
176.176000000000115
176.443000000000115
178.074000000000117
178.550000000000117
179.275000000000118
185.724000000000123
186.056000000000124
186.689000000000124
186.954000000000124
190.097000000000127
198.539000000000135
199.037000000000135
201.525000000000137
214.804000000000149
216.20300000000015
217.057000000000151
217.335000000000151
218.230000000000152
219.465000000000153
219.999000000000154
222.601000000000156
225.167000000000158
230.237000000000163
230.925000000000163
232.696000000000165
233.980000000000166
235.456000000000167
238.20800000000017
239.112000000000171
248.961000000000179
251.424000000000182
252.300000000000182
252.855000000000183
255.363000000000185
255.798000000000186
256.139000000000186
257.226000000000187
275.534000000000203
276.342000000000204
278.400000000000206
283.14300000000021
287.445000000000214
289.080000000000215
290.047000000000216
291.987000000000218
293.573000000000219
293.958000000000219
294.34800000000022
301.255000000000226
302.935000000000227
303.629000000000228
304.692000000000229
304.988000000000229
305.264000000000229
311.184000000000235
330.729000000000252
332.713000000000254
336.913000000000258
337.261000000000258
340.752000000000261
342.146000000000262
346.874000000000266
349.282000000000269
350.97400000000027
354.997000000000274
358.249000000000277
431.577000000000342
432.522000000000342
467.173000000000373
469.236000000000375
474.94300000000038
476.570000000000382
477.289000000000382
481.152000000000386
482.691000000000387
486.914000000000391
487.977000000000392
488.473000000000392
512.743000000000414
513.692000000000415
514.106000000000415
514.832000000000416
515.459000000000416
515.856000000000416
516.596000000000417
516.976000000000418
521.302000000000421
524.319000000000424
524.605000000000424
524.937000000000425
525.253000000000425
528.046000000000427
531.55400000000043
532.108000000000431
533.802000000000432
545.961000000000443
547.017000000000444
547.244000000000444
548.257000000000445
548.860000000000446
550.108000000000447
553.32300000000045
554.15300000000045
554.983000000000451
555.373000000000452
555.783000000000452
556.289000000000452
559.252000000000455
562.256000000000458
563.879000000000459
564.59300000000046
570.411000000000465
575.67800000000047
578.266000000000472
585.615000000000478
591.131000000000483
592.736000000000485
595.409000000000487
605.244000000000496
605.888000000000496
606.526000000000497
606.931000000000497
607.489000000000498
617.494000000000507
619.071000000000508
623.591000000000512
624.247000000000513
624.896000000000513
625.588000000000514
629.531000000000517
630.267000000000518
631.391000000000519
687.487000000000569
689.428000000000571
690.526000000000572
703.161000000000583
725.419000000000603
729.819000000000606
733.66500000000061
734.20200000000061
734.703000000000611
735.390000000000611
736.161000000000612
738.797000000000614
739.867000000000615
741.156000000000617
741.591000000000617
742.238000000000618
743.008000000000618
749.045000000000624
752.409000000000627
762.175000000000635
793.624000000000663
796.043000000000665
807.770000000000676
809.291000000000677
810.198000000000678
810.871000000000678
811.856000000000679
813.694000000000681
813.997000000000681
814.675000000000682
816.589000000000684
822.224000000000689
905.886000000000763
907.166000000000764
908.034000000000765
908.335000000000765
912.082000000000768
912.917000000000769
914.593000000000771
916.245000000000772
917.231000000000773
920.268000000000776
921.096000000000776
921.406000000000777
921.956000000000777
922.477000000000778
922.883000000000778
924.496000000000779
925.02700000000078
925.44500000000078
932.019000000000786
933.595000000000788
935.444000000000789
938.065000000000792
938.908000000000792
939.063000000000792
950.504000000000802
951.686000000000804
952.246000000000804
953.160000000000805
953.615000000000805
978.620000000000828
979.045000000000828
979.685000000000828
998.938000000000846
999.642000000000846
1000.194000000000847
1000.509000000000847
1002.511000000000849
1003.168000000000849
1004.06000000000085
1007.585000000000853
1008.105000000000854
1010.401000000000856
1011.332000000000857
1012.737000000000858
1013.332000000000858
1014.220000000000859
1020.887000000000865
1021.644000000000866
1023.443000000000867
1023.965000000000868
1024.69500000000087
1025.68700000000087
1027.97900000000087
1028.89600000000087
1029.43200000000087
1032.27200000000088
1033.84000000000088
1034.72200000000088
1040.09700000000088
1048.81500000000089
1049.65400000000089
1059.9640000000009
1060.9480000000009
1061.6640000000009
1066.98100000000091
1067.46500000000091
1068.13900000000091
1069.20700000000091
1133.71500000000097
1134.37300000000097
1136.92200000000097
1137.75700000000097
1138.41000000000097
1139.20500000000097
1143.76700000000097
1144.24500000000097
1145.25200000000098
1145.85200000000098
1149.82600000000098
1150.83500000000098
1151.27600000000098
1153.20300000000098
1153.72600000000098
1155.10400000000098
1157.28700000000099
1181.47000000000101
1184.46900000000101
1188.63700000000101
1189.23500000000101
1189.97200000000102
1190.45900000000102
1191.16400000000102
1194.88800000000102
1238.67900000000106
1241.42600000000106
1242.02500000000106
1242.69900000000106
1247.25700000000107
1248.73000000000107
1249.32100000000107
1251.77900000000107
1262.51800000000108
1263.26300000000108
1265.62100000000108
1267.19900000000108
1267.82300000000108
1268.96100000000109
1271.00800000000109
1272.58100000000109
1279.39000000000109
1280.2680000000011
1311.68700000000112
1314.61500000000113
1315.79800000000113
1317.54600000000113
1321.63700000000113
1323.10400000000113
1323.71600000000113
1324.66600000000113
1326.66300000000114
1327.89000000000114
1335.53800000000114
1336.00200000000114
1336.93700000000115
1337.39100000000115
1345.10800000000115
1346.63600000000115
1348.20400000000116
1356.60300000000116
1368.80000000000117
1369.57300000000117
1371.20000000000118
1371.56800000000118
1399.7550000000012
1402.4520000000012
1403.71500000000121
1408.14800000000121
1409.10300000000121
1410.66000000000121
1411.16600000000121
1412.36700000000121
1413.46900000000121
1417.98000000000122
1419.06000000000122
1427.41900000000123
1430.91100000000123
1431.42000000000123
1432.19200000000123
1433.35800000000123
1434.09400000000123
1435.07900000000123
1437.54000000000124
1445.72300000000124
1447.28100000000124
1448.51900000000124
1453.17300000000125
1453.70800000000125
1454.21500000000125
1457.43600000000125
1460.00700000000126
1460.86500000000126
1464.19400000000126
1464.79500000000126
1468.20700000000126
1469.27000000000126
1470.53600000000126
1471.81400000000127
1472.99100000000127
1475.16100000000127
1476.54300000000127
1478.63000000000127
1479.31100000000127
1480.40200000000127
1485.03000000000128
1851.6750000000016
1853.0760000000016
1854.51300000000161
1859.11400000000161
1881.34300000000163
1891.17300000000164
1910.64200000000166
15
-1
26.0819999999999918
33.8049999999999884
102.6970000000000496
147.330000000000089
201.526000000000137
239.113000000000171
294.34900000000022
469.237000000000375
533.803000000000432
607.490000000000498
796.044000000000665
939.064000000000792
1049.65500000000089
1251.78000000000107
1419.06100000000122
0
0
5000
0
0
0
0
7200
0
0
0
0
0
16
0
3219.16199999987279
1800.00000000000156
1800
0
46
0
1
4
7
10
13
16
19
22
25
28
31
34
37
40
43
46
49
52
55
58
61
64
67
70
73
76
79
82
85
88
91
94
97
100
103
106
109
112
115
118
121
124
127
130
133
136
139
142
145
148
151
154
157
160
163
166
169
172
175
178
181
184
187
190
193
196
199
202
205
208
211
214
217
220
223
226
229
232
235
238
241
244
247
250
253
256
259
262
265
268
271
274
277
280
283
286
289
292
295
298
301
304
307
310
313
316
319
322
325
328
331
334
337
340
343
346
349
352
355
358
361
364
367
370
373
376
379
382
385
388
391
394
397
400
403
406
409
412
415
418
421
424
427
430
433
436
439
442
445
448
451
454
457
460
463
466
469
472
475
478
481
484
487
490
493
496
499
502
505
508
511
514
517
520
523
526
529
532
535
538
541
544
547
550
