3
15
19
3
15
19
PPR2.16
FR2_day 2
0
2
11
40
04
12
27
01
24
2
.3
1
28
1
12
1
1
1
1
1
1
1
1
1
1
1
1
1
1
1
1
1
1
1
1
1
1
27
-1
41.2009999999999949
47.6830000000000007
61.3960000000000129
61.7940000000000132
68.9490000000000196
100.4370000000000476
128.763000000000073
129.831000000000074
245.784000000000177
247.642000000000178
259.785000000000189
321.163000000000244
324.947000000000247
332.602000000000254
333.264000000000254
343.615000000000264
348.670000000000268
357.312000000000276
359.542000000000278
377.118000000000293
379.452000000000295
379.775000000000296
400.294000000000314
401.187000000000315
401.903000000000315
405.317000000000318
742.194000000000618
11
-1
47.6830000000000007
61.7940000000000132
100.4370000000000476
129.831000000000074
247.642000000000178
321.163000000000244
333.264000000000254
348.670000000000268
359.542000000000278
379.452000000000295
401.187000000000315
2
0
5000
0
0
0
0
2700
99
0
0
0
0
0
0
2700.79599999992988
0
0
0
0
0
0
