3
15
19
3
15
19
PPR2.11
FR2_day2
0
3
9
57
07
10
44
43
24
2
.3
1
70
1
35
1
1
1
1
1
1
1
1
1
1
1
1
1
1
1
1
1
1
1
1
1
1
69
-1
445.629000000000354
446.302000000000355
525.828000000000425
558.570000000000454
585.660000000000478
589.041000000000482
594.995000000000487
596.075000000000488
627.110000000000515
627.819000000000516
695.956000000000576
770.244000000000642
787.475000000000658
791.593000000000661
809.180000000000677
832.073000000000697
851.519000000000715
868.72600000000073
963.261000000000814
967.092000000000817
982.520000000000831
990.011000000000838
1006.602000000000852
1014.87100000000086
1023.024000000000867
1028.29500000000087
1042.02300000000088
1044.91800000000089
1045.31000000000089
1057.7430000000009
1061.4460000000009
1079.08400000000092
1099.59400000000093
1128.33600000000096
1133.78600000000097
1155.55200000000098
1174.065000000001
1188.33200000000101
1190.20500000000102
1347.68600000000116
1356.80800000000116
1654.06600000000143
1658.50700000000143
1668.44500000000144
1672.09800000000144
1688.40900000000146
1689.63700000000146
1699.00900000000147
1705.45400000000147
1715.53800000000148
1723.69400000000149
1732.7430000000015
1736.1560000000015
1746.88800000000151
1751.32400000000151
1759.15200000000152
1766.05800000000153
1772.04700000000153
1775.50300000000154
1782.80300000000154
1786.51700000000154
1796.79700000000155
1798.43100000000156
1812.57600000000157
1818.15700000000157
1828.07300000000158
1837.25000000000159
1876.20000000000162
1878.27800000000163
34
-1
446.302000000000355
558.570000000000454
589.041000000000482
596.075000000000488
627.819000000000516
770.244000000000642
791.593000000000661
832.073000000000697
868.72600000000073
967.092000000000817
990.011000000000838
1014.87100000000086
1028.29500000000087
1044.91800000000089
1061.4460000000009
1099.59400000000093
1133.78600000000097
1174.065000000001
1190.20500000000102
1356.80800000000116
1658.50700000000143
1672.09800000000144
1689.63700000000146
1705.45400000000147
1723.69400000000149
1736.1560000000015
1751.32400000000151
1766.05800000000153
1775.50300000000154
1786.51700000000154
1798.43100000000156
1818.15700000000157
1837.25000000000159
1878.27800000000163
2
0
5000
0
0
0
0
2700
99
0
0
0
0
0
0
2700.79599999992988
0
0
0
0
0
0
