3
14
19
3
14
19
PPR2.12
FR2_day1
0
4
10
16
01
11
07
28
24
2
.3
1
56
1
27
1
1
1
1
1
1
1
1
1
1
1
1
1
1
1
1
1
1
1
1
1
1
55
-1
110.8760000000000568
111.8180000000000577
112.3190000000000581
170.088000000000109
173.222000000000112
180.236000000000118
183.492000000000121
195.496000000000132
195.718000000000132
205.430000000000141
206.716000000000142
219.938000000000154
225.347000000000159
234.980000000000167
527.713000000000427
546.716000000000444
555.291000000000452
573.643000000000468
578.197000000000472
600.936000000000492
606.532000000000497
606.676000000000497
609.8430000000005
612.645000000000502
614.380000000000504
630.668000000000518
635.428000000000523
654.132000000000539
660.280000000000545
670.367000000000554
673.645000000000557
682.234000000000564
685.527000000000567
693.887000000000575
698.983000000000579
709.698000000000589
711.50800000000059
723.0070000000006
728.176000000000605
736.447000000000612
743.160000000000618
762.048000000000635
765.447000000000638
775.965000000000648
776.883000000000648
786.520000000000657
796.385000000000666
809.522000000000677
811.377000000000679
824.35500000000069
826.078000000000692
835.859000000000701
845.149000000000709
855.006000000000718
860.733000000000723
26
-1
111.8180000000000577
173.222000000000112
183.492000000000121
195.718000000000132
206.716000000000142
225.347000000000159
527.713000000000427
555.291000000000452
578.197000000000472
606.532000000000497
614.380000000000504
635.428000000000523
660.280000000000545
673.645000000000557
685.527000000000567
698.983000000000579
711.50800000000059
728.176000000000605
743.160000000000618
765.447000000000638
776.883000000000648
796.385000000000666
811.377000000000679
826.078000000000692
845.149000000000709
860.733000000000723
2
0
5000
0
0
0
0
2700
99
0
0
0
0
0
0
2700.79599999992988
0
0
0
0
0
0
