3
29
19
3
29
19
PPR2.13
PR3_day5
0
3
11
21
53
13
05
52
23
3
.3
1
879
1
25
1
1
1
1
1
1
1
1
1
1
1
1
1
1
1
1
1
1
1
1
1
184
878
-1
1.02700000000000001
14.27300000000000028
14.53700000000000029
15.57200000000000031
15.69100000000000031
43.547999999999997
43.8059999999999973
45.1049999999999984
45.2379999999999985
45.5029999999999988
45.8519999999999991
46.0179999999999992
64.5940000000000157
65.5700000000000166
66.5140000000000174
66.6900000000000176
68.0570000000000188
68.1820000000000189
68.3990000000000191
68.9020000000000196
69.36500000000002
70.0390000000000206
70.2140000000000207
76.4860000000000263
91.6530000000000398
92.2810000000000403
92.3980000000000404
92.7650000000000407
93.2200000000000411
93.8860000000000417
97.8980000000000453
98.2390000000000456
98.4450000000000458
99.0620000000000463
99.4860000000000467
100.1910000000000473
112.5590000000000583
113.2510000000000589
114.0640000000000597
114.3440000000000599
115.6930000000000611
115.8320000000000612
116.2850000000000616
116.647000000000062
117.1360000000000624
117.2590000000000625
117.9390000000000631
118.0740000000000632
118.3630000000000635
118.7200000000000638
120.2720000000000652
120.4160000000000653
220.882000000000155
222.382000000000156
222.799000000000156
223.140000000000157
223.810000000000157
224.974000000000158
225.465000000000159
225.659000000000159
226.365000000000159
226.50200000000016
226.70600000000016
228.642000000000161
229.077000000000162
229.369000000000162
229.745000000000162
230.838000000000163
231.416000000000164
231.630000000000164
231.747000000000164
240.428000000000172
241.970000000000173
242.240000000000174
242.659000000000174
243.745000000000175
244.037000000000175
244.602000000000176
245.358000000000176
245.695000000000177
246.193000000000177
246.402000000000177
246.618000000000177
247.060000000000178
247.385000000000178
247.639000000000178
247.753000000000178
247.958000000000179
249.62400000000018
250.327000000000181
251.593000000000182
251.857000000000182
252.045000000000182
272.6530000000002
273.154000000000201
273.546000000000201
273.997000000000202
274.594000000000202
274.750000000000202
275.151000000000203
275.482000000000203
276.092000000000204
276.459000000000204
277.292000000000205
277.650000000000205
278.353000000000206
278.775000000000206
279.964000000000207
280.220000000000207
280.529000000000207
280.723000000000208
281.402000000000208
281.884000000000209
282.190000000000209
282.84200000000021
283.65700000000021
283.81500000000021
284.200000000000211
290.024000000000216
290.729000000000217
291.047000000000217
291.387000000000217
293.779000000000219
294.24600000000022
294.61300000000022
295.05300000000022
295.520000000000221
295.680000000000221
295.852000000000221
296.123000000000221
297.139000000000222
298.173000000000223
298.518000000000223
299.025000000000224
299.462000000000224
299.798000000000225
300.109000000000225
300.445000000000225
300.799000000000226
301.392000000000226
301.751000000000226
303.210000000000228
303.829000000000228
304.394000000000229
305.037000000000229
307.116000000000231
323.751000000000246
324.236000000000246
324.377000000000246
324.932000000000247
326.022000000000248
326.737000000000249
327.445000000000249
327.582000000000249
328.19600000000025
328.38900000000025
328.68200000000025
329.025000000000251
329.223000000000251
329.834000000000251
329.968000000000251
330.247000000000252
331.718000000000253
331.889000000000253
332.608000000000254
333.235000000000254
333.513000000000255
334.066000000000255
334.554000000000255
335.122000000000256
335.456000000000256
335.592000000000256
336.245000000000257
336.436000000000257
336.664000000000257
336.856000000000258
337.116000000000258
342.067000000000262
365.415000000000283
366.504000000000284
367.202000000000284
367.559000000000285
367.851000000000285
368.609000000000286
369.586000000000287
369.985000000000287
370.556000000000287
371.030000000000288
371.354000000000288
371.671000000000288
372.175000000000289
373.07400000000029
373.29600000000029
374.198000000000291
374.409000000000291
375.726000000000292
376.125000000000292
376.471000000000293
376.784000000000293
376.941000000000293
377.386000000000294
377.522000000000294
377.877000000000294
378.597000000000295
378.812000000000295
379.092000000000295
379.943000000000296
380.144000000000296
380.546000000000296
380.899000000000297
382.227000000000298
382.884000000000298
415.268000000000327
415.423000000000327
415.602000000000327
417.826000000000329
418.26400000000033
418.54400000000033
418.81600000000033
419.270000000000331
419.627000000000331
420.084000000000331
420.251000000000332
421.521000000000333
422.151000000000333
422.656000000000334
423.256000000000334
423.550000000000334
425.510000000000336
426.490000000000337
426.936000000000338
428.910000000000339
429.40800000000034
429.65900000000034
429.79300000000034
430.454000000000341
430.954000000000341
431.827000000000342
432.197000000000342
432.441000000000342
433.074000000000343
433.295000000000343
433.645000000000344
435.327000000000345
436.818000000000346
437.164000000000347
437.575000000000347
438.329000000000348
439.894000000000349
454.740000000000362
455.048000000000362
455.492000000000363
455.704000000000363
456.205000000000364
458.081000000000365
458.525000000000366
460.431000000000367
460.642000000000368
461.003000000000368
462.058000000000369
463.05100000000037
463.61800000000037
465.228000000000372
466.180000000000372
467.190000000000373
467.562000000000374
467.998000000000374
468.313000000000374
468.721000000000375
468.842000000000375
489.681000000000393
489.839000000000393
491.769000000000395
492.420000000000396
493.687000000000397
496.422000000000399
538.611000000000437
539.439000000000437
539.594000000000438
542.43900000000044
542.979000000000441
544.976000000000442
545.602000000000443
547.417000000000444
548.561000000000446
549.223000000000446
554.928000000000451
555.720000000000452
557.548000000000454
561.904000000000457
564.56300000000046
565.17100000000046
567.183000000000462
567.833000000000463
568.190000000000463
570.915000000000465
572.374000000000467
573.205000000000467
573.460000000000468
573.642000000000468
573.936000000000468
574.341000000000468
575.060000000000469
575.96500000000047
579.441000000000473
580.114000000000474
580.513000000000474
674.574000000000557
675.401000000000558
677.19500000000056
677.80900000000056
677.91900000000056
678.412000000000561
680.801000000000563
681.357000000000563
681.761000000000564
681.975000000000564
682.908000000000565
684.239000000000566
684.808000000000566
685.574000000000567
687.243000000000569
687.511000000000569
687.870000000000569
688.29900000000057
688.53100000000057
688.65300000000057
689.515000000000571
689.630000000000571
690.561000000000572
691.910000000000573
694.202000000000575
694.686000000000575
704.084000000000584
704.613000000000584
705.477000000000585
705.771000000000585
706.236000000000586
706.605000000000586
706.726000000000586
707.263000000000586
707.412000000000587
708.577000000000588
709.521000000000588
710.138000000000589
710.490000000000589
711.68300000000059
712.112000000000591
712.684000000000591
712.767000000000591
713.110000000000592
713.315000000000592
713.604000000000592
713.897000000000592
714.450000000000593
714.605000000000593
716.575000000000595
717.018000000000595
717.767000000000596
721.329000000000599
721.757000000000599
721.9260000000006
734.31900000000061
1016.727000000000861
1018.273000000000863
1019.297000000000864
1019.729000000000864
1020.143000000000864
1021.576000000000866
1023.524000000000867
1024.60100000000087
1025.19200000000087
1025.88900000000087
1026.28800000000087
1026.81000000000087
1027.23500000000087
1027.71700000000087
1028.08200000000087
1029.14500000000087
1041.82600000000088
1042.45700000000088
1043.61400000000089
1044.38500000000089
1045.14300000000089
1046.50100000000089
1046.72700000000089
1048.53900000000089
1048.83200000000089
1050.04300000000089
1050.83900000000089
1051.35700000000089
1053.85000000000089
1054.14300000000089
1054.7730000000009
1055.4750000000009
1055.7340000000009
1056.1540000000009
1056.7220000000009
1057.2630000000009
1057.6040000000009
1058.1810000000009
1058.9860000000009
1059.7140000000009
1061.0600000000009
1061.7270000000009
1062.0360000000009
1065.1380000000009
1065.6410000000009
1066.06000000000091
1066.75800000000091
1067.54300000000091
1068.12300000000091
1069.26700000000091
1070.13800000000091
1070.55500000000091
1070.98400000000091
1071.12000000000091
1072.19200000000091
1072.95200000000091
1073.11500000000091
1073.95000000000091
1074.70500000000091
1076.48900000000091
1078.49000000000092
1079.61300000000092
1079.87300000000092
1080.87200000000092
1081.83600000000092
1090.83100000000093
1091.57500000000093
1092.01800000000093
1092.27200000000093
1092.70700000000093
1093.30300000000093
1094.09000000000093
1094.44600000000093
1094.70900000000093
1095.07100000000093
1095.26600000000093
1095.43000000000093
1096.09400000000093
1096.49700000000093
1097.37800000000093
1097.85500000000093
1098.14100000000093
1098.88200000000093
1099.58800000000093
1099.95300000000094
1100.44500000000094
1100.56400000000094
1101.47800000000094
1102.48700000000094
1103.15200000000094
1103.98900000000094
1104.21100000000094
1104.59700000000094
1104.93800000000094
1105.29000000000094
1106.00000000000094
1106.43800000000094
1106.96500000000094
1109.61300000000094
1110.15800000000094
1110.34800000000094
1110.94400000000094
1111.70500000000095
1111.96200000000095
1112.38900000000095
1115.48900000000095
1193.65600000000102
1194.47500000000102
1195.34500000000102
1195.80400000000102
1198.16700000000102
1198.70600000000102
1199.42900000000102
1200.05100000000102
1200.93200000000102
1201.51600000000103
1201.92600000000103
1210.77000000000103
1211.34200000000103
1213.11100000000104
1215.10300000000104
1218.97500000000104
1220.44900000000104
1221.29200000000104
1224.53400000000105
1225.85900000000105
1226.49800000000105
1227.61000000000105
1227.98400000000105
1228.52900000000105
1229.75100000000105
1230.28500000000105
1314.80500000000113
1316.87800000000113
1318.12100000000113
1319.53000000000113
1320.22400000000113
1321.34800000000113
1322.54800000000113
1324.80300000000114
1326.80600000000114
1327.74000000000114
1328.17400000000114
1328.76400000000114
1329.05700000000114
1330.55700000000114
1332.12700000000114
1332.54900000000114
1333.01400000000114
1333.68200000000114
1335.57500000000114
1336.80000000000115
1338.88300000000115
1339.26200000000115
1340.32400000000115
1341.16400000000115
1342.66100000000115
1342.93300000000115
1343.96500000000115
1345.07000000000115
1345.84300000000115
1347.64600000000116
1348.36500000000116
1348.96500000000116
1349.61200000000116
1350.10900000000116
1350.97700000000116
1351.46000000000116
1351.75000000000116
1352.20600000000116
1353.44500000000116
1360.71000000000117
1372.43300000000118
1373.33700000000118
1374.23000000000118
1509.0090000000013
1513.1490000000013
1514.9680000000013
1515.6720000000013
1518.16400000000131
1520.21500000000131
1521.99100000000131
1524.85000000000131
1526.42600000000131
1528.17500000000132
1528.53300000000132
1530.96400000000132
1531.67400000000132
1536.34100000000132
1538.84800000000132
1538.99000000000133
1539.76200000000133
1541.24700000000133
1545.17900000000133
1552.85000000000134
1558.52900000000134
1558.71100000000134
1559.77700000000134
1560.35600000000134
1560.83000000000134
1561.63700000000135
1574.85600000000136
1576.78800000000136
1577.41800000000136
1578.23200000000136
1578.60700000000136
1579.58500000000136
1581.05100000000136
1581.86300000000136
1582.52000000000136
1583.03900000000136
1584.01900000000137
1584.31600000000137
1584.66900000000137
1586.27200000000137
1586.44400000000137
1587.08400000000137
1587.88900000000137
1589.32400000000137
1593.00900000000137
1593.93600000000137
1595.08000000000138
1659.33700000000143
1661.61700000000143
1661.89900000000143
1662.56800000000143
1666.24900000000144
1666.52500000000144
1667.67300000000144
1668.69800000000144
1679.13200000000145
1680.59900000000145
1681.74000000000145
1682.13700000000145
1686.32200000000146
1786.97400000000155
1788.94100000000155
1791.53000000000155
1792.36900000000155
1793.96600000000155
1794.31300000000155
1794.59900000000155
1795.00800000000155
1795.65000000000155
1796.33200000000155
2498.46599999995217
2499.23999999995208
2502.6649999999517
2504.12399999995154
2507.07699999995122
2507.52799999995117
2508.05599999995111
2510.70599999995082
2511.41199999995074
2513.78699999995048
2514.06899999995045
2515.99099999995024
2517.31599999995009
2520.68599999994972
2522.83399999994948
2530.64499999994862
2531.53199999994852
2532.04299999994847
2533.18799999994834
2533.98699999994825
2535.82799999994805
2545.394999999947
2548.83299999994662
2549.55499999994654
2551.09699999994637
2551.50399999994632
2552.11099999994626
2552.6579999999462
2553.65899999994609
2554.12699999994604
2554.81099999994596
2555.66799999994587
2558.0359999999456
2558.53899999994555
2558.79199999994552
2559.42299999994545
2569.70999999994432
2571.05399999994417
2572.73699999994399
2573.5229999999439
2573.89099999994386
2584.4139999999427
2587.75899999994233
2588.10599999994229
2590.49299999994203
2590.812999999942
2643.14199999993623
2643.97099999993614
2644.61299999993607
2650.7099999999354
2652.67099999993518
2653.96699999993504
2659.02699999993448
2660.04399999993437
2661.14599999993425
2662.58999999993409
2663.90699999993394
2664.94499999993383
2795.90699999991941
2805.50999999991835
2807.97099999991808
2808.54299999991802
2809.27199999991794
2813.08699999991752
2816.43199999991715
2997.30799999989723
2999.30299999989701
3000.50499999989687
3363.69999999985687
3364.56799999985678
3365.48599999985668
3368.22499999985638
3369.56399999985623
3370.14599999985616
3378.24999999985527
3384.29699999985461
3385.35499999985449
3386.99699999985431
3388.16099999985418
3390.33299999985394
3391.34799999985383
3570.98499999983404
3571.60999999983398
3817.24599999980692
3818.98499999980673
3820.71099999980654
3821.70599999980643
3822.11899999980639
3822.46999999980635
3823.41199999980624
3824.91199999980608
3826.35399999980592
3828.3229999998057
3828.88899999980564
3829.92399999980553
3831.9419999998053
3833.01399999980519
3833.13899999980517
3834.56799999980502
3835.37299999980493
3835.92599999980487
3836.98399999980475
3837.74699999980466
3839.03199999980452
3839.41699999980448
3840.25799999980439
3842.8969999998041
3843.61799999980402
3849.34999999980339
3849.84399999980333
3861.57099999980204
3998.43999999978697
3999.72999999978683
4000.8679999997867
4001.56399999978662
4003.22699999978644
4005.52599999978619
4006.59399999978607
4006.97799999978603
4007.51699999978597
4008.19699999978589
4008.83599999978582
4009.0509999997858
4009.29599999978577
4010.14099999978568
4010.50899999978564
4011.48799999978553
4011.82899999978549
4012.19499999978545
4012.47199999978542
4013.38699999978532
4014.72099999978517
4014.99699999978514
4017.62199999978485
4018.01399999978481
4018.1549999997848
4018.32699999978478
4018.54199999978475
4018.76099999978473
4019.09499999978469
4040.39199999978235
4041.90999999978218
4042.40399999978213
4042.76399999978209
4043.72599999978198
4044.20599999978193
4044.33999999978191
4044.4709999997819
4044.67499999978188
4044.92099999978185
4045.3819999997818
4045.64399999978177
4045.91099999978174
4046.71699999978165
4052.87599999978097
4053.17799999978094
4054.29799999978082
4055.3329999997807
4056.2809999997806
4061.58499999978001
4061.84999999977998
4062.34699999977993
4062.6489999997799
4063.44099999977981
4065.71699999977956
4066.05399999977952
4066.2399999997795
4066.45099999977948
4066.60899999977946
4067.1529999997794
4067.45999999977937
4067.82599999977933
4067.93899999977931
4068.43999999977926
4072.48099999977881
4072.76899999977878
4073.33899999977872
4081.85799999977778
4084.77699999977746
4085.59899999977737
4085.81899999977734
4086.00699999977732
4086.2219999997773
4086.92099999977722
4118.40399999977376
4119.35699999977365
4120.85799999977348
4121.84599999977338
4122.91799999977326
4124.28499999977311
4125.07199999977302
4128.80299999977261
4129.35999999977255
4129.8349999997725
4130.45699999977243
4131.00399999977237
4131.41799999977232
4131.66599999977229
4132.07699999977225
4132.28799999977223
4132.59999999977219
4133.19399999977213
4133.74199999977207
4134.15799999977202
4134.72599999977196
4135.44199999977188
4168.52899999976824
4170.60499999976801
4171.28299999976793
4174.07799999976762
4179.32499999976705
4180.29799999976694
4180.55199999976691
4181.09499999976685
4274.92199999975652
4275.55699999975645
4276.38699999975636
4277.38199999975625
4278.18099999975616
4279.43899999975602
4279.97799999975596
4284.08999999975551
4285.21599999975538
4286.8579999997552
4288.37399999975504
4290.19099999975484
4291.98299999975464
4295.19099999975428
4296.02199999975419
4296.73599999975412
4299.76099999975378
4301.02799999975364
4301.67799999975357
4302.02099999975353
4302.71899999975346
4303.2699999997534
4306.58799999975303
4307.7539999997529
4316.52199999975194
4319.96699999975156
4321.3409999997514
4321.80399999975135
4323.73699999975114
4324.35899999975107
4326.27599999975086
4326.8709999997508
4327.23299999975076
4347.56099999974852
4352.34299999974799
4352.76399999974794
4787.93599999970002
4792.91799999969947
4799.04899999969879
4800.12999999969867
4802.04299999969846
4806.77299999969794
4807.82399999969783
4808.36499999969777
4809.41399999969765
4811.28799999969744
4812.24399999969734
4814.21599999969712
4816.94899999969682
4817.08699999969681
4821.24099999969635
4822.08099999969626
4824.437999999696
4826.64499999969575
4842.12899999969405
4848.28899999969337
24
-1
1.02800000000000001
15.69200000000000031
46.0189999999999992
70.0400000000000206
100.1920000000000473
120.4170000000000653
231.748000000000164
252.046000000000182
284.201000000000211
307.117000000000231
337.117000000000258
382.885000000000298
439.895000000000349
557.549000000000454
694.687000000000575
1029.14600000000087
1081.83700000000092
1201.92700000000103
1360.71100000000117
1668.69900000000144
2590.813999999942
3849.84499999980333
4073.33999999977872
4327.23399999975076
0
0
5000
0
0
0
0
7200
0
0
0
0
0
25
0
6127.3349999995525
1800.00000000000156
1800
0
73
0
1
4
7
10
13
16
19
22
25
28
31
34
37
40
43
46
49
52
55
58
61
64
67
70
73
76
79
82
85
88
91
94
97
100
103
106
109
112
115
118
121
124
127
130
133
136
139
142
145
148
151
154
157
160
163
166
169
172
175
178
181
184
187
190
193
196
199
202
205
208
211
214
217
220
223
226
229
232
235
238
241
244
247
250
253
256
259
262
265
268
271
274
277
280
283
286
289
292
295
298
301
304
307
310
313
316
319
322
325
328
331
334
337
340
343
346
349
352
355
358
361
364
367
370
373
376
379
382
385
388
391
394
397
400
403
406
409
412
415
418
421
424
427
430
433
436
439
442
445
448
451
454
457
460
463
466
469
472
475
478
481
484
487
490
493
496
499
502
505
508
511
514
517
520
523
526
529
532
535
538
541
544
547
550
