3
21
19
3
21
19
PPR2.12
FR5_day2
0
4
10
30
34
11
17
33
24
2
.3
1
342
1
67
1
1
1
1
1
1
1
1
1
1
1
1
1
1
1
1
1
1
1
1
1
1
341
-1
111.2840000000000572
111.7990000000000577
112.5610000000000583
113.4500000000000591
113.8180000000000594
119.6510000000000646
120.6080000000000655
122.2080000000000669
124.8220000000000692
126.6220000000000708
164.381000000000104
165.614000000000105
168.485000000000108
169.467000000000109
169.987000000000109
180.484000000000119
181.53900000000012
182.583000000000121
183.434000000000121
184.083000000000122
189.465000000000127
190.131000000000127
190.912000000000128
191.752000000000129
193.25300000000013
200.727000000000137
201.499000000000137
203.320000000000139
204.89800000000014
206.143000000000141
212.257000000000147
212.611000000000147
213.366000000000148
214.104000000000149
214.517000000000149
220.802000000000154
221.683000000000155
224.820000000000158
227.18600000000016
228.872000000000162
235.753000000000168
236.405000000000168
238.86400000000017
240.107000000000172
241.752000000000173
251.865000000000182
252.836000000000183
254.906000000000185
255.392000000000185
255.609000000000185
268.082000000000196
268.546000000000197
269.359000000000198
271.268000000000199
272.5610000000002
277.828000000000205
278.283000000000206
278.911000000000206
279.632000000000207
280.056000000000207
285.522000000000212
287.361000000000214
287.768000000000214
290.211000000000216
291.775000000000218
444.166000000000353
651.351000000000537
653.094000000000538
653.368000000000539
654.053000000000539
663.329000000000548
664.129000000000548
664.532000000000548
665.97000000000055
667.909000000000552
679.152000000000562
679.612000000000562
680.102000000000562
680.903000000000563
681.171000000000563
691.933000000000573
693.248000000000574
694.030000000000575
696.390000000000577
697.722000000000578
704.420000000000584
706.291000000000586
706.970000000000586
707.716000000000587
708.827000000000588
715.897000000000594
716.755000000000595
717.821000000000596
721.084000000000599
722.7930000000006
728.855000000000606
729.477000000000606
729.826000000000607
730.490000000000607
730.929000000000608
731.303000000000608
739.210000000000615
740.109000000000616
741.152000000000617
742.198000000000618
742.557000000000618
751.056000000000625
753.129000000000627
753.632000000000628
754.288000000000628
754.876000000000629
764.917000000000638
765.557000000000638
765.779000000000638
766.591000000000639
766.804000000000639
772.001000000000644
772.622000000000645
773.954000000000646
775.556000000000647
776.903000000000648
778.52600000000065
784.692000000000655
786.723000000000657
787.945000000000658
788.655000000000659
789.51600000000066
797.444000000000667
798.051000000000667
799.559000000000668
800.646000000000669
803.799000000000672
811.435000000000679
811.877000000000679
813.233000000000681
814.978000000000682
819.734000000000686
825.833000000000692
826.420000000000692
827.672000000000693
828.536000000000694
829.692000000000695
838.194000000000703
840.568000000000705
842.057000000000706
848.180000000000712
848.414000000000712
853.356000000000716
855.750000000000718
858.12100000000072
859.063000000000721
869.537000000000731
874.788000000000735
883.475000000000743
884.216000000000744
886.445000000000746
886.998000000000746
888.530000000000748
895.801000000000754
896.345000000000754
897.418000000000755
898.689000000000756
899.212000000000757
909.362000000000766
910.765000000000767
911.708000000000768
914.19600000000077
915.588000000000772
921.829000000000777
922.723000000000778
923.889000000000779
924.223000000000779
926.593000000000781
935.035000000000789
936.22300000000079
937.267000000000791
938.680000000000792
940.242000000000793
947.3580000000008
949.901000000000802
950.102000000000802
952.140000000000804
952.507000000000804
959.07700000000081
961.264000000000812
964.474000000000815
965.404000000000816
967.345000000000818
975.115000000000824
975.912000000000825
977.605000000000827
979.194000000000828
980.334000000000829
993.428000000000841
994.307000000000841
995.850000000000843
996.247000000000843
997.881000000000845
999.052000000000846
1005.632000000000852
1006.211000000000852
1006.932000000000853
1011.186000000000856
1012.185000000000857
1032.87500000000088
1033.60200000000088
1036.66000000000088
1042.74200000000088
1047.96500000000089
1060.8000000000009
1061.4140000000009
1062.3550000000009
1062.9020000000009
1063.1120000000009
1071.67700000000091
1072.39500000000091
1073.77100000000091
1075.37000000000091
1076.53200000000091
1087.04600000000092
1088.65800000000093
1090.17000000000093
1092.32800000000093
1095.14100000000093
1095.47300000000093
1102.59700000000094
1104.78200000000094
1105.31800000000094
1107.23200000000094
1107.74300000000094
1743.45700000000151
1745.16200000000151
1746.68800000000151
1748.44800000000151
1751.18400000000151
1777.02500000000154
1778.81500000000154
1781.38500000000154
1782.80300000000154
1784.18200000000154
1814.89200000000157
1816.22800000000157
1818.38100000000157
1822.30700000000158
1825.62500000000158
1841.29600000000159
1841.94800000000159
1844.0980000000016
1845.9310000000016
1846.0780000000016
1856.02300000000161
1857.29500000000161
1857.69000000000161
1858.96500000000161
1860.13300000000161
1869.35000000000162
1870.62800000000162
1871.93800000000162
1872.43300000000162
1874.82700000000162
1887.41900000000163
1889.19200000000164
1891.04900000000164
1897.43500000000164
1899.36100000000165
1900.49200000000165
1913.26400000000166
1913.95300000000166
1914.54500000000166
1915.03500000000166
1916.98900000000166
1927.12800000000167
1928.21900000000167
1929.13100000000167
1930.59500000000167
1931.21700000000167
1940.88500000000168
1941.84500000000168
1942.37300000000168
1942.66000000000168
1943.31700000000168
1954.65600000000169
1955.20900000000169
1958.4990000000017
1960.1990000000017
1960.6030000000017
1967.19000000000171
1968.22600000000171
1968.90000000000171
1972.36200000000171
1972.92200000000171
1984.65700000000172
1985.19100000000172
1986.61900000000172
1988.84400000000172
1991.30300000000173
1991.48000000000173
1997.34300000000173
1998.46200000000173
1999.79900000000173
2000.24200000000173
2001.15700000000174
2009.33500000000174
2010.25300000000174
2012.39000000000175
2016.84400000000175
2018.16600000000175
2024.64500000000176
2027.02200000000176
2028.08200000000176
2029.92600000000176
2035.27400000000177
2044.08300000000177
2051.22500000000142
2052.48300000000128
2052.90200000000124
2055.85700000000091
2093.07899999999681
2093.50599999999677
2095.06599999999659
2097.89599999999628
2100.17799999999603
2115.38399999999436
2116.45999999999424
2116.90199999999419
2118.13199999999405
2118.87099999999397
2139.69599999999168
2140.90999999999154
2141.2739999999915
2142.06099999999142
2143.74799999999123
2145.19099999999107
2147.6779999999908
2148.37999999999072
2166.26699999998875
2167.01599999998867
2167.39099999998863
2168.5099999999885
2171.93599999998813
2173.21399999998799
66
-1
113.8180000000000594
126.6220000000000708
169.987000000000109
184.083000000000122
193.25300000000013
206.143000000000141
214.517000000000149
228.872000000000162
241.752000000000173
255.609000000000185
272.5610000000002
280.056000000000207
291.775000000000218
654.053000000000539
667.909000000000552
681.171000000000563
697.722000000000578
708.827000000000588
722.7930000000006
730.929000000000608
742.557000000000618
754.876000000000629
766.804000000000639
778.52600000000065
789.51600000000066
803.799000000000672
819.734000000000686
829.692000000000695
848.414000000000712
874.788000000000735
888.530000000000748
899.212000000000757
915.588000000000772
926.593000000000781
940.242000000000793
952.507000000000804
967.345000000000818
980.334000000000829
997.881000000000845
1012.185000000000857
1047.96500000000089
1063.1120000000009
1076.53200000000091
1095.14100000000093
1107.74300000000094
1751.18400000000151
1784.18200000000154
1825.62500000000158
1846.0780000000016
1860.13300000000161
1874.82700000000162
1899.36100000000165
1916.98900000000166
1931.21700000000167
1943.31700000000168
1960.6030000000017
1972.92200000000171
1991.30300000000173
2001.15700000000174
2018.16600000000175
2035.27400000000177
2055.85700000000091
2100.17799999999603
2118.87099999999397
2143.74799999999123
2171.93599999998813
5
0
5000
0
0
0
0
2700
99
0
0
0
0
0
0
2700.79599999992988
0
0
0
0
0
0
