3
20
19
3
20
19
PPR2.16
FR5_day1
0
2
11
11
47
12
00
18
24
2
.3
1
199
1
39
1
1
1
1
1
1
1
1
1
1
1
1
1
1
1
1
1
1
1
1
1
1
198
-1
3.16100000000000005
36.4639999999999907
37.3229999999999915
38.0029999999999921
38.3029999999999924
38.5069999999999926
51.5130000000000041
52.470000000000005
54.9460000000000072
55.3480000000000075
56.0690000000000082
62.9630000000000143
68.251000000000019
69.1330000000000198
71.0310000000000214
71.631000000000022
76.6110000000000264
79.2290000000000287
82.2930000000000314
110.0180000000000561
110.6500000000000566
111.9790000000000578
112.3690000000000582
147.392000000000089
190.180000000000127
190.326000000000127
192.477000000000129
193.16000000000013
198.048000000000134
198.682000000000135
199.193000000000135
202.290000000000138
205.251000000000141
205.735000000000141
211.691000000000146
212.295000000000147
212.581000000000147
215.88100000000015
217.879000000000152
224.538000000000158
225.411000000000159
226.263000000000159
229.279000000000162
229.739000000000162
236.147000000000168
236.617000000000169
237.014000000000169
237.701000000000169
238.11400000000017
243.434000000000175
243.962000000000175
244.352000000000175
248.261000000000179
251.859000000000182
268.218000000000197
270.714000000000199
272.670000000000201
273.455000000000201
273.625000000000201
280.193000000000207
282.670000000000209
285.733000000000212
286.684000000000213
289.685000000000216
298.067000000000223
299.931000000000225
300.330000000000225
303.647000000000228
304.259000000000229
312.595000000000236
314.075000000000237
317.03600000000024
317.67600000000024
320.788000000000243
378.690000000000295
380.025000000000296
380.844000000000297
386.910000000000302
387.334000000000302
392.726000000000307
393.274000000000308
393.895000000000308
396.46500000000031
396.996000000000311
401.826000000000315
402.707000000000316
402.997000000000316
403.671000000000317
405.747000000000319
406.545000000000319
419.834000000000331
420.693000000000332
424.275000000000335
425.885000000000337
426.209000000000337
431.779000000000342
432.465000000000342
437.740000000000347
438.900000000000348
441.25700000000035
636.560000000000524
637.927000000000525
1054.62300000000089
1055.1850000000009
1058.6980000000009
1067.35900000000091
1068.07300000000091
1068.84000000000091
1069.44900000000091
1072.18300000000091
1093.90800000000093
1095.59400000000093
1096.18300000000093
1096.76400000000093
1099.39100000000093
1099.58200000000093
1117.74600000000095
1118.40700000000095
1119.28800000000095
1119.55000000000095
1121.95300000000095
1131.34100000000096
1131.63200000000096
1136.36400000000097
1137.85800000000097
1139.39400000000097
1140.51700000000097
1152.80700000000098
1157.62000000000099
1158.01800000000099
1158.61300000000099
1159.31900000000099
1168.945000000001
1169.958000000001
1172.710000000001
1174.115000000001
1175.710000000001
1184.44100000000101
1185.16500000000101
1185.84100000000101
1187.96400000000101
1192.09700000000102
1204.35000000000103
1205.27900000000103
1205.58500000000103
1206.08500000000103
1207.01700000000103
1207.49400000000103
1216.06300000000104
1216.73400000000104
1217.17200000000104
1221.19300000000104
1221.99100000000104
1232.42800000000105
1233.53000000000105
1237.77200000000106
1239.29900000000106
1239.67000000000106
1252.24800000000107
1253.59000000000107
1267.12400000000108
1268.57500000000108
1271.39700000000109
1278.59300000000109
1279.61400000000109
1279.9130000000011
1280.3430000000011
1283.1260000000011
2240.83099999998054
2244.22699999998017
2245.45199999998003
2247.81399999997977
2252.41799999997926
2269.27599999997741
2270.33299999997729
2274.70899999997681
2276.42299999997662
2276.6429999999766
2293.57699999997473
2386.68099999996448
2387.24599999996441
2390.31299999996408
2392.75899999996381
2412.07299999996168
2413.16299999996156
2414.05199999996146
2417.61599999996107
2418.80799999996094
2438.28399999995879
2440.9729999999585
2443.30599999995824
2444.38399999995812
2445.05799999995805
2462.26699999995615
2465.92799999995575
2467.72599999995555
2468.94099999995542
2469.47199999995536
38
-1
38.3029999999999924
56.0690000000000082
71.631000000000022
111.9790000000000578
193.16000000000013
205.735000000000141
217.879000000000152
229.739000000000162
238.11400000000017
251.859000000000182
273.625000000000201
289.685000000000216
304.259000000000229
320.788000000000243
387.334000000000302
396.996000000000311
406.545000000000319
426.209000000000337
441.25700000000035
1058.6980000000009
1072.18300000000091
1099.39100000000093
1121.95300000000095
1139.39400000000097
1159.31900000000099
1175.710000000001
1192.09700000000102
1207.01700000000103
1221.99100000000104
1239.67000000000106
1271.39700000000109
1283.1260000000011
2252.41799999997926
2276.6429999999766
2392.75899999996381
2418.80799999996094
2445.05799999995805
2469.47199999995536
5
0
5000
0
0
0
0
2700
99
0
0
0
0
0
0
2700.79599999992988
0
0
0
0
0
0
