3
29
19
3
29
19
PPR2.10
PR3_day5
0
2
8
53
21
9
45
21
23
3
.3
1
153
1
11
1
1
1
1
1
1
1
1
1
1
1
1
1
1
1
1
1
1
1
1
1
184
152
-1
38.4389999999999925
46.0949999999999993
46.9530000000000001
52.539000000000005
54.1110000000000064
72.8990000000000231
78.1560000000000278
78.8960000000000284
80.63300000000003
85.0040000000000339
85.1150000000000339
85.4440000000000342
101.5960000000000486
101.9260000000000489
102.3870000000000493
102.9600000000000498
103.5060000000000503
103.9890000000000507
111.2100000000000571
111.8710000000000577
112.232000000000058
112.7020000000000584
181.236000000000119
181.88800000000012
182.35000000000012
183.380000000000121
186.360000000000124
186.833000000000124
187.341000000000125
192.91000000000013
193.50100000000013
195.195000000000132
197.268000000000134
197.713000000000134
198.026000000000134
206.477000000000142
207.142000000000142
207.526000000000143
230.550000000000163
232.203000000000165
233.084000000000165
234.274000000000166
235.445000000000167
236.230000000000168
238.59000000000017
241.482000000000173
241.798000000000173
242.202000000000173
243.260000000000174
245.589000000000176
246.524000000000177
261.724000000000191
263.124000000000192
263.561000000000192
263.900000000000193
264.509000000000193
272.1470000000002
273.254000000000201
275.223000000000203
275.636000000000203
276.042000000000204
276.438000000000204
276.780000000000204
277.340000000000205
282.299000000000209
283.03100000000021
284.170000000000211
284.625000000000211
423.039000000000334
424.471000000000335
425.601000000000336
463.21600000000037
483.721000000000388
487.429000000000391
496.8380000000004
498.002000000000401
499.579000000000402
501.531000000000404
501.872000000000404
502.325000000000404
502.620000000000405
503.107000000000405
506.793000000000408
507.288000000000409
507.849000000000409
725.863000000000603
727.018000000000604
727.498000000000604
727.891000000000605
733.88200000000061
735.684000000000612
736.019000000000612
736.329000000000612
737.172000000000613
748.014000000000623
749.626000000000624
750.358000000000625
753.105000000000627
753.680000000000628
754.101000000000628
754.392000000000628
754.891000000000629
756.54200000000063
759.164000000000633
759.456000000000633
760.169000000000634
886.176000000000745
887.994000000000747
893.353000000000752
896.591000000000755
897.581000000000756
916.481000000000772
917.669000000000773
918.033000000000774
920.881000000000776
921.536000000000777
924.84800000000078
925.33200000000078
927.230000000000782
948.973000000000801
950.058000000000802
951.058000000000803
952.863000000000805
953.060000000000805
954.028000000000806
954.486000000000806
959.34700000000081
960.038000000000811
960.632000000000812
961.326000000000812
965.823000000000816
966.367000000000817
966.779000000000817
967.972000000000818
1140.03800000000097
1141.70900000000097
1144.07200000000097
1147.75000000000098
1148.60500000000098
1271.02100000000109
1283.8760000000011
1288.6760000000011
1289.2670000000011
1293.35000000000111
1294.22600000000111
1296.14400000000111
1296.68900000000111
1362.42500000000117
2107.21299999999526
2109.78199999999497
3047.31699999989172
3051.16899999989129
10
-1
38.4399999999999925
54.1120000000000064
85.4450000000000342
112.7030000000000585
198.027000000000134
246.525000000000177
424.472000000000335
736.330000000000612
927.231000000000782
1296.69000000000111
0
0
5000
0
0
0
0
7200
0
0
0
0
0
11
0
3096.79099999988627
1800.00000000000156
1800
0
31
0
1
4
7
10
13
16
19
22
25
28
31
34
37
40
43
46
49
52
55
58
61
64
67
70
73
76
79
82
85
88
91
94
97
100
103
106
109
112
115
118
121
124
127
130
133
136
139
142
145
148
151
154
157
160
163
166
169
172
175
178
181
184
187
190
193
196
199
202
205
208
211
214
217
220
223
226
229
232
235
238
241
244
247
250
253
256
259
262
265
268
271
274
277
280
283
286
289
292
295
298
301
304
307
310
313
316
319
322
325
328
331
334
337
340
343
346
349
352
355
358
361
364
367
370
373
376
379
382
385
388
391
394
397
400
403
406
409
412
415
418
421
424
427
430
433
436
439
442
445
448
451
454
457
460
463
466
469
472
475
478
481
484
487
490
493
496
499
502
505
508
511
514
517
520
523
526
529
532
535
538
541
544
547
550
