3
28
19
3
28
19
PPR2.11
PR3_day4
0
3
10
32
44
11
18
46
23
3
.3
1
153
1
11
1
1
1
1
1
1
1
1
1
1
1
1
1
1
1
1
1
1
1
1
1
184
152
-1
207.450000000000143
215.31700000000015
219.973000000000154
221.230000000000155
225.318000000000158
226.340000000000159
234.388000000000167
236.113000000000168
237.021000000000169
239.648000000000171
242.164000000000173
245.343000000000176
246.117000000000177
255.604000000000185
262.283000000000191
270.017000000000198
271.387000000000199
272.1450000000002
274.002000000000202
275.656000000000203
280.501000000000207
287.973000000000214
289.734000000000216
319.865000000000242
322.288000000000245
324.538000000000247
326.181000000000248
326.372000000000248
332.250000000000253
333.358000000000254
336.710000000000257
340.981000000000261
345.949000000000266
349.187000000000268
349.621000000000269
352.259000000000271
371.149000000000288
374.068000000000291
375.664000000000292
379.090000000000295
380.460000000000296
382.184000000000298
388.189000000000303
390.384000000000305
475.560000000000381
477.750000000000383
479.273000000000384
481.895000000000386
488.008000000000392
491.857000000000395
495.102000000000398
495.829000000000399
508.68300000000041
510.560000000000412
511.631000000000413
512.970000000000414
516.235000000000417
518.970000000000419
519.86400000000042
521.982000000000422
524.508000000000424
526.074000000000426
527.099000000000426
527.790000000000427
529.061000000000428
530.122000000000429
530.54400000000043
531.46000000000043
536.565000000000435
537.674000000000436
540.490000000000438
548.776000000000446
554.189000000000451
555.613000000000452
557.489000000000453
558.230000000000454
559.922000000000456
561.112000000000457
563.408000000000459
566.791000000000462
572.684000000000467
573.212000000000467
575.371000000000469
575.82100000000047
576.874000000000471
577.908000000000472
581.967000000000475
584.544000000000478
586.91100000000048
589.050000000000482
625.001000000000513
629.406000000000517
631.003000000000519
632.19400000000052
639.503000000000526
641.688000000000528
645.574000000000532
647.088000000000533
647.465000000000533
653.335000000000539
655.02700000000054
656.015000000000541
657.261000000000542
660.264000000000545
661.294000000000546
661.793000000000546
662.932000000000547
663.988000000000548
673.039000000000556
673.489000000000556
695.210000000000576
731.662000000000608
735.023000000000611
737.393000000000613
738.256000000000614
740.511000000000616
742.115000000000617
743.436000000000619
748.117000000000623
758.007000000000632
761.979000000000635
763.801000000000637
768.291000000000641
769.998000000000642
773.437000000000645
774.588000000000646
783.098000000000654
794.311000000000664
795.571000000000665
796.778000000000666
801.43200000000067
802.865000000000671
803.989000000000672
808.240000000000676
809.713000000000678
874.520000000000735
882.354000000000742
887.981000000000747
893.319000000000752
894.899000000000753
900.360000000000758
901.549000000000759
903.390000000000761
911.764000000000768
916.755000000000773
922.402000000000778
932.584000000000787
948.513000000000801
950.109000000000802
957.654000000000809
960.190000000000811
963.005000000000814
10
-1
207.451000000000143
225.319000000000158
246.118000000000177
289.735000000000216
352.260000000000271
495.830000000000399
540.491000000000438
631.004000000000519
748.118000000000623
932.585000000000787
0
0
5000
0
0
0
0
7200
0
0
0
0
0
11
0
2732.68599999992637
1800.00000000000156
1800
0
31
0
1
4
7
10
13
16
19
22
25
28
31
34
37
40
43
46
49
52
55
58
61
64
67
70
73
76
79
82
85
88
91
94
97
100
103
106
109
112
115
118
121
124
127
130
133
136
139
142
145
148
151
154
157
160
163
166
169
172
175
178
181
184
187
190
193
196
199
202
205
208
211
214
217
220
223
226
229
232
235
238
241
244
247
250
253
256
259
262
265
268
271
274
277
280
283
286
289
292
295
298
301
304
307
310
313
316
319
322
325
328
331
334
337
340
343
346
349
352
355
358
361
364
367
370
373
376
379
382
385
388
391
394
397
400
403
406
409
412
415
418
421
424
427
430
433
436
439
442
445
448
451
454
457
460
463
466
469
472
475
478
481
484
487
490
493
496
499
502
505
508
511
514
517
520
523
526
529
532
535
538
541
544
547
550
