3
20
19
3
20
19
PPR2.14
FR5_day1
0
4
11
11
53
11
58
38
24
2
.3
1
247
1
44
1
1
1
1
1
1
1
1
1
1
1
1
1
1
1
1
1
1
1
1
1
1
246
-1
26.1699999999999917
29.8629999999999886
56.1630000000000082
58.10600000000001
113.9290000000000595
118.4530000000000636
140.818000000000083
142.329000000000085
154.776000000000096
155.339000000000096
157.603000000000098
160.995000000000101
161.278000000000102
182.958000000000121
183.425000000000121
184.285000000000122
186.682000000000124
188.219000000000126
193.74400000000013
194.100000000000131
194.478000000000131
197.291000000000134
197.752000000000134
202.449000000000138
202.723000000000138
203.016000000000139
203.263000000000139
206.160000000000141
210.973000000000146
212.070000000000147
214.226000000000149
216.429000000000151
216.739000000000151
230.106000000000163
230.492000000000163
231.798000000000164
271.247000000000199
271.5410000000002
274.741000000000202
277.748000000000205
282.82600000000021
283.73000000000021
284.109000000000211
289.277000000000215
291.249000000000217
292.254000000000218
297.802000000000223
303.646000000000228
303.937000000000228
304.480000000000229
309.131000000000233
346.481000000000266
346.946000000000266
360.140000000000278
362.783000000000281
506.848000000000408
510.302000000000412
512.365000000000413
519.26700000000042
521.159000000000421
522.401000000000422
525.035000000000425
533.926000000000433
534.222000000000433
536.931000000000435
537.727000000000436
538.322000000000436
541.580000000000439
542.39600000000044
543.059000000000441
546.188000000000443
574.315000000000468
574.641000000000469
575.031000000000469
577.001000000000471
581.035000000000474
581.449000000000475
582.082000000000475
585.395000000000478
585.746000000000479
590.031000000000482
590.545000000000483
592.107000000000484
596.750000000000488
598.08000000000049
602.925000000000494
603.454000000000494
605.504000000000496
605.930000000000496
614.203000000000504
615.190000000000505
618.920000000000508
621.32700000000051
771.282000000000643
777.084000000000648
777.764000000000649
779.861000000000651
781.730000000000653
785.183000000000656
793.721000000000663
795.640000000000665
827.790000000000694
828.820000000000694
829.341000000000695
834.153000000000699
834.5620000000007
837.000000000000702
837.715000000000702
840.413000000000705
840.757000000000705
846.49100000000071
850.817000000000714
852.481000000000715
855.105000000000718
862.406000000000724
867.399000000000729
868.066000000000729
873.296000000000734
873.685000000000734
876.286000000000737
879.58000000000074
879.72500000000074
890.224000000000749
893.466000000000752
898.910000000000757
901.907000000000759
902.35500000000076
906.052000000000763
906.819000000000764
909.419000000000766
912.591000000000769
913.76800000000077
916.185000000000772
917.105000000000773
923.358000000000778
927.390000000000782
927.716000000000782
932.387000000000786
943.872000000000797
948.1230000000008
972.300000000000822
975.310000000000825
1114.23300000000095
1120.64000000000095
1121.65600000000095
1130.17000000000096
1130.65700000000096
1131.49500000000096
1135.68200000000097
1144.11200000000097
1151.21400000000098
1151.48900000000098
1153.23400000000098
1154.80100000000098
1157.01300000000099
1173.283000000001
1174.786000000001
1178.82100000000101
1179.46300000000101
1180.68200000000101
1185.81700000000101
1191.21700000000102
1191.94500000000102
1196.64500000000102
1199.68900000000102
1203.84800000000103
1213.35100000000104
1213.82600000000104
1214.35000000000104
1215.57200000000104
1224.11600000000105
1231.51400000000105
1243.35700000000106
1244.57800000000106
1245.56200000000106
1246.80300000000107
1257.95300000000108
1264.96200000000108
1266.38100000000108
1267.22400000000108
1270.64900000000109
1277.97500000000109
1278.66600000000109
1279.69400000000109
1282.2060000000011
1294.34100000000111
1299.25400000000111
1299.99000000000111
1301.19000000000111
1305.95700000000112
1307.26900000000112
1307.90100000000112
1329.36400000000114
1331.36900000000114
1332.34200000000114
1338.04800000000115
1358.33200000000116
1364.99700000000117
1366.22900000000117
1372.45700000000118
1373.47800000000118
1374.42500000000118
1381.53400000000119
1382.72000000000119
1384.77700000000119
1385.21800000000119
1386.03800000000119
1396.8310000000012
1397.5620000000012
1398.2790000000012
1398.9570000000012
1404.24700000000121
1410.62200000000121
1411.05600000000121
1413.09800000000121
1417.41900000000122
1422.86400000000122
1434.20600000000123
1434.86300000000123
1436.43100000000123
1440.31800000000124
1441.19900000000124
1448.44300000000124
1448.99600000000125
1453.71400000000125
1454.70600000000125
1465.93100000000126
1473.20500000000127
1474.10600000000127
1474.66700000000127
1475.79300000000127
1481.89300000000127
1489.08600000000128
1919.38000000000166
1920.43700000000166
1923.90800000000167
1925.20500000000167
1933.69400000000168
2007.02600000000174
2010.03100000000174
2010.76700000000174
2015.09500000000175
2027.11000000000176
2030.25700000000176
2031.17500000000176
2041.13000000000177
43
-1
113.9290000000000595
157.603000000000098
188.219000000000126
197.752000000000134
212.070000000000147
271.5410000000002
289.277000000000215
309.131000000000233
506.848000000000408
525.035000000000425
538.322000000000436
577.001000000000471
592.107000000000484
605.930000000000496
771.282000000000643
785.183000000000656
829.341000000000695
840.757000000000705
862.406000000000724
879.58000000000074
902.35500000000076
917.105000000000773
943.872000000000797
1121.65600000000095
1144.11200000000097
1157.01300000000099
1180.68200000000101
1203.84800000000103
1224.11600000000105
1246.80300000000107
1270.64900000000109
1294.34100000000111
1307.90100000000112
1358.33200000000116
1374.42500000000118
1386.03800000000119
1404.24700000000121
1422.86400000000122
1441.19900000000124
1465.93100000000126
1481.89300000000127
1925.20500000000167
2015.09500000000175
5
0
5000
0
0
0
0
2700
99
0
0
0
0
0
0
2700.79599999992988
0
0
0
0
0
0
