3
10
19
3
10
19
PPR2.16
FR!_day2
0
2
11
00
01
11
47
07
24
2
.3
1
53
1
42
1
1
1
1
1
1
1
1
1
1
1
1
1
1
1
1
1
1
1
1
1
1
52
-1
17.2979999999999992
164.411000000000104
217.065000000000151
226.95100000000016
359.067000000000277
493.002000000000396
523.234000000000423
523.403000000000423
558.453000000000454
606.287000000000497
607.398000000000498
609.6740000000005
609.9550000000005
611.726000000000502
643.05300000000053
702.408000000000582
719.362000000000597
719.997000000000598
721.858000000000599
724.099000000000601
785.285000000000656
813.836000000000681
830.678000000000696
1488.00300000000128
1489.22000000000128
1546.13700000000133
1566.97800000000135
1586.86300000000137
1610.81700000000139
1623.0440000000014
1638.02700000000141
1659.59900000000143
1684.58000000000145
1703.01300000000147
1707.69900000000148
1709.17700000000148
1737.9050000000015
1749.22900000000151
1749.64600000000151
1761.68100000000152
1798.41700000000156
1811.96700000000157
1829.49500000000158
1845.4780000000016
1861.32700000000161
1879.87900000000163
2002.78200000000174
2006.86000000000174
2010.69700000000174
2185.40799999998664
2230.41199999998169
2262.21799999997818
41
-1
17.2979999999999992
164.411000000000104
217.065000000000151
226.95100000000016
359.067000000000277
493.002000000000396
523.234000000000423
558.453000000000454
606.287000000000497
611.726000000000502
643.05300000000053
702.408000000000582
719.362000000000597
785.285000000000656
813.836000000000681
830.678000000000696
1488.00300000000128
1546.13700000000133
1566.97800000000135
1586.86300000000137
1610.81700000000139
1623.0440000000014
1638.02700000000141
1659.59900000000143
1684.58000000000145
1703.01300000000147
1709.17700000000148
1737.9050000000015
1749.22900000000151
1761.68100000000152
1798.41700000000156
1811.96700000000157
1829.49500000000158
1845.4780000000016
1861.32700000000161
1879.87900000000163
2002.78200000000174
2010.69700000000174
2185.40799999998664
2230.41199999998169
2262.21799999997818
1
0
5000
0
0
0
0
2700
99
0
0
0
0
0
0
2700.79699999992988
0
0
0
0
0
0
