3
22
19
3
22
19
PPR2.12
FR5_day3
0
4
10
16
21
11
04
33
24
2
.3
1
282
1
54
1
1
1
1
1
1
1
1
1
1
1
1
1
1
1
1
1
1
1
1
1
1
281
-1
9.88600000000000019
10.70600000000000021
42.5609999999999962
43.8049999999999973
44.4349999999999978
52.4110000000000049
53.0820000000000055
53.5180000000000059
54.1500000000000064
56.4680000000000085
60.1170000000000118
60.6270000000000122
62.7220000000000141
67.7520000000000185
68.1790000000000189
69.0660000000000197
71.7220000000000221
82.6000000000000317
83.0490000000000321
83.7840000000000328
84.8970000000000338
86.5920000000000353
170.26400000000011
171.14100000000011
172.007000000000111
174.108000000000113
175.123000000000114
175.298000000000114
183.476000000000121
183.998000000000122
184.714000000000122
185.330000000000123
186.386000000000124
192.578000000000129
193.07900000000013
194.019000000000131
194.781000000000131
195.553000000000132
202.272000000000138
202.948000000000139
203.306000000000139
204.62900000000014
211.363000000000146
216.11000000000015
217.910000000000152
218.288000000000152
219.036000000000153
219.524000000000153
220.742000000000154
221.100000000000155
238.03800000000017
238.36200000000017
238.45900000000017
239.022000000000171
239.408000000000171
239.635000000000171
248.301000000000179
249.19800000000018
250.223000000000181
250.659000000000181
252.137000000000182
252.363000000000182
257.109000000000187
258.750000000000188
260.36000000000019
262.037000000000191
262.814000000000192
267.202000000000196
278.628000000000206
278.882000000000206
279.262000000000206
280.147000000000207
280.859000000000208
288.869000000000215
289.286000000000215
289.617000000000216
290.785000000000217
291.008000000000217
299.473000000000224
299.796000000000225
300.869000000000226
301.342000000000226
302.244000000000227
337.642000000000258
552.665000000000449
553.54500000000045
554.07400000000045
555.567000000000452
580.242000000000474
582.722000000000476
586.034000000000479
587.91500000000048
588.145000000000481
639.463000000000526
639.918000000000527
640.806000000000527
640.969000000000528
641.182000000000528
650.441000000000536
652.033000000000537
652.178000000000538
657.922000000000543
660.323000000000545
666.874000000000551
671.018000000000554
672.502000000000556
673.822000000000557
674.265000000000557
681.116000000000563
681.850000000000564
682.321000000000564
682.930000000000565
683.821000000000566
686.183000000000568
695.952000000000576
696.267000000000577
697.825000000000578
699.74000000000058
700.09700000000058
706.208000000000586
706.689000000000586
707.097000000000586
707.393000000000587
707.979000000000587
708.520000000000588
708.821000000000588
710.024000000000589
710.290000000000589
710.88400000000059
711.08700000000059
711.50700000000059
714.167000000000593
714.598000000000593
714.865000000000593
715.413000000000594
720.932000000000599
729.057000000000606
739.978000000000616
740.395000000000616
740.996000000000616
742.101000000000617
756.30700000000063
757.364000000000631
758.093000000000632
760.917000000000634
762.381000000000635
771.168000000000643
772.431000000000644
772.717000000000645
773.128000000000645
773.867000000000646
780.435000000000651
781.749000000000653
781.897000000000653
783.307000000000654
785.740000000000656
791.023000000000661
791.720000000000662
792.861000000000662
794.478000000000664
795.334000000000665
804.032000000000672
804.458000000000673
805.100000000000673
805.445000000000674
805.930000000000674
814.932000000000682
817.289000000000684
817.930000000000685
819.008000000000686
820.736000000000687
837.777000000000702
838.531000000000703
841.697000000000706
843.996000000000708
844.625000000000708
853.996000000000717
854.888000000000718
856.123000000000719
858.841000000000721
859.711000000000722
867.633000000000729
868.172000000000729
868.94100000000073
869.768000000000731
871.374000000000732
879.424000000000739
879.89000000000074
880.39800000000074
881.905000000000742
883.660000000000743
890.140000000000749
891.32800000000075
891.86700000000075
893.203000000000752
894.469000000000753
905.296000000000762
905.830000000000763
906.314000000000763
907.370000000000764
907.952000000000765
916.260000000000772
919.763000000000775
920.351000000000776
920.855000000000776
921.353000000000777
930.951000000000785
931.418000000000786
931.761000000000786
933.492000000000787
934.808000000000789
942.227000000000795
942.793000000000796
943.718000000000796
944.342000000000797
944.702000000000797
956.549000000000808
957.269000000000808
958.63000000000081
959.671000000000811
960.958000000000812
969.528000000000819
969.95200000000082
970.52100000000082
971.550000000000821
972.204000000000822
979.517000000000828
980.202000000000829
980.544000000000829
981.24900000000083
981.80400000000083
990.033000000000838
991.824000000000839
992.53200000000084
993.04500000000084
993.883000000000841
1005.412000000000851
1005.935000000000852
1006.168000000000852
1007.489000000000853
1008.112000000000854
1026.23300000000087
1028.96500000000087
1029.94000000000087
1030.78000000000087
1032.99100000000088
1047.24400000000089
1047.63600000000089
1048.09400000000089
1048.55300000000089
1049.13500000000089
1057.1770000000009
1057.6920000000009
1058.0340000000009
1058.7270000000009
1060.7490000000009
1098.68100000000093
1099.89100000000094
1100.56200000000094
1102.34800000000094
1102.90900000000094
1114.67700000000095
1116.21000000000095
1117.09800000000095
1117.63200000000095
1118.70300000000095
1131.14800000000096
1132.97000000000096
1133.38200000000096
1135.19700000000097
1135.53700000000097
1145.85100000000098
1146.33600000000098
1146.86200000000098
1147.32300000000098
1147.84700000000098
1166.03100000000099
1166.68100000000099
1168.733000000001
1169.043000000001
1170.861000000001
53
-1
44.4349999999999978
56.4680000000000085
71.7220000000000221
86.5920000000000353
175.123000000000114
186.386000000000124
195.553000000000132
211.363000000000146
220.742000000000154
239.408000000000171
252.137000000000182
267.202000000000196
280.859000000000208
291.008000000000217
302.244000000000227
555.567000000000452
588.145000000000481
641.182000000000528
660.323000000000545
674.265000000000557
683.821000000000566
700.09700000000058
707.979000000000587
720.932000000000599
742.101000000000617
762.381000000000635
773.867000000000646
785.740000000000656
795.334000000000665
805.930000000000674
820.736000000000687
844.625000000000708
859.711000000000722
871.374000000000732
883.660000000000743
894.469000000000753
907.952000000000765
921.353000000000777
934.808000000000789
944.702000000000797
960.959000000000812
972.204000000000822
981.80400000000083
993.883000000000841
1008.112000000000854
1032.99100000000088
1049.13500000000089
1060.7490000000009
1102.90900000000094
1118.70300000000095
1135.53700000000097
1147.84700000000098
1170.861000000001
5
0
5000
0
0
0
0
2700
99
0
0
0
0
0
0
2700.79599999992988
0
0
0
0
0
0
