3
27
19
3
27
19
PPR2.13
PR3_day3
0
3
11
38
40
13
41
03
23
3
.3
1
1327
1
30
1
1
1
1
1
1
1
1
1
1
1
1
1
1
1
1
1
1
1
1
1
184
1326
-1
0.85800000000000001
9.47100000000000018
9.80800000000000019
10.77000000000000021
11.76200000000000023
11.99800000000000024
28.3729999999999898
28.5499999999999897
29.2089999999999891
29.325999999999989
29.8629999999999886
30.527999999999988
31.2959999999999874
31.4859999999999872
47.7060000000000007
47.9320000000000009
48.6130000000000015
49.6570000000000025
50.6670000000000034
50.8770000000000035
51.0570000000000037
51.6290000000000042
51.8820000000000044
52.6260000000000051
57.9570000000000098
58.17300000000001
59.8420000000000115
104.8560000000000515
105.2130000000000518
105.6690000000000522
105.9680000000000525
106.2020000000000527
106.8140000000000532
107.0290000000000534
107.683000000000054
108.4580000000000547
109.0160000000000552
113.1610000000000589
115.2220000000000607
115.7920000000000612
115.9990000000000614
116.1850000000000615
116.4280000000000618
117.0250000000000623
117.1910000000000624
117.4860000000000627
117.840000000000063
137.44200000000008
138.470000000000081
138.692000000000082
138.986000000000082
139.351000000000082
139.744000000000082
140.217000000000083
147.81600000000009
148.73700000000009
148.845000000000091
149.336000000000091
150.060000000000092
150.438000000000092
151.521000000000093
152.572000000000094
153.653000000000095
154.002000000000095
155.031000000000096
155.251000000000096
155.402000000000096
156.165000000000097
156.766000000000098
157.535000000000098
157.757000000000098
158.069000000000099
158.581000000000099
162.190000000000102
163.209000000000103
163.540000000000104
163.896000000000104
164.365000000000104
164.670000000000105
166.151000000000106
167.369000000000107
167.700000000000107
167.857000000000107
168.073000000000108
168.903000000000108
169.164000000000109
169.470000000000109
170.28900000000011
170.48800000000011
170.76800000000011
171.31000000000011
171.797000000000111
172.506000000000112
173.780000000000113
175.141000000000114
175.524000000000114
175.865000000000115
176.279000000000115
181.54500000000012
203.99500000000014
204.56500000000014
205.093000000000141
205.912000000000141
206.279000000000142
207.059000000000142
208.400000000000143
208.605000000000144
208.772000000000144
209.528000000000144
210.432000000000145
210.978000000000146
211.106000000000146
211.282000000000146
212.272000000000147
212.716000000000147
213.245000000000148
213.333000000000148
222.817000000000156
223.041000000000156
223.346000000000157
224.335000000000158
224.631000000000158
224.996000000000158
233.517000000000166
234.823000000000167
235.645000000000168
240.437000000000172
242.066000000000173
243.005000000000174
243.911000000000175
244.893000000000176
245.725000000000177
246.430000000000177
246.618000000000177
246.767000000000178
246.932000000000178
247.216000000000178
247.428000000000178
248.628000000000179
249.40100000000018
262.170000000000191
262.412000000000191
262.854000000000192
263.210000000000192
263.768000000000193
264.345000000000193
264.848000000000194
266.332000000000195
268.614000000000197
269.942000000000198
270.107000000000198
277.446000000000205
277.716000000000205
277.956000000000205
278.221000000000205
278.345000000000206
278.837000000000206
279.424000000000207
279.590000000000207
279.879000000000207
280.227000000000207
281.292000000000208
281.851000000000209
282.039000000000209
282.229000000000209
282.399000000000209
282.581000000000209
282.79700000000021
282.95600000000021
283.72800000000021
284.135000000000211
284.281000000000211
288.188000000000214
288.820000000000215
289.177000000000215
289.850000000000216
290.167000000000216
290.443000000000216
291.453000000000217
291.790000000000218
292.354000000000218
292.755000000000218
299.495000000000224
299.976000000000225
300.518000000000225
300.777000000000226
300.913000000000226
301.425000000000226
302.348000000000227
302.788000000000227
336.401000000000257
337.397000000000258
337.805000000000258
338.127000000000259
339.66600000000026
340.410000000000261
340.727000000000261
341.171000000000261
376.451000000000293
376.875000000000293
377.645000000000294
378.253000000000294
378.555000000000295
378.889000000000295
379.456000000000295
379.660000000000296
379.899000000000296
380.147000000000296
380.727000000000296
380.874000000000297
381.084000000000297
381.829000000000297
382.146000000000298
382.707000000000298
383.332000000000299
384.038000000000299
388.094000000000303
391.213000000000306
391.784000000000306
392.769000000000307
393.143000000000308
393.385000000000308
393.778000000000308
394.132000000000308
394.473000000000309
394.815000000000309
395.131000000000309
395.67400000000031
396.671000000000311
396.887000000000311
397.309000000000311
397.490000000000311
397.722000000000312
398.701000000000312
399.236000000000313
400.633000000000314
401.712000000000315
403.890000000000317
404.180000000000317
404.964000000000318
405.291000000000318
405.783000000000319
405.937000000000319
406.423000000000319
406.67000000000032
407.13500000000032
407.29400000000032
407.41200000000032
407.782000000000321
409.403000000000322
409.538000000000322
410.179000000000323
440.73600000000035
441.05200000000035
447.970000000000356
448.188000000000356
448.525000000000357
449.728000000000358
450.259000000000358
450.669000000000359
450.991000000000359
451.425000000000359
451.75300000000036
451.93000000000036
452.47100000000036
453.208000000000361
453.738000000000361
453.866000000000361
454.117000000000362
454.784000000000362
455.920000000000363
456.206000000000364
456.664000000000364
456.877000000000364
457.268000000000364
544.968000000000442
545.403000000000443
546.480000000000444
547.760000000000445
548.633000000000446
549.912000000000447
550.468000000000447
550.744000000000447
551.327000000000448
551.670000000000448
551.837000000000448
551.987000000000449
552.262000000000449
552.849000000000449
553.24000000000045
554.606000000000451
556.191000000000452
556.890000000000453
557.219000000000453
565.23200000000046
566.146000000000461
566.985000000000462
567.390000000000462
567.726000000000463
568.165000000000463
569.022000000000464
569.361000000000464
569.536000000000464
569.882000000000464
570.218000000000465
570.656000000000465
663.427000000000548
663.888000000000548
664.260000000000548
664.552000000000549
664.708000000000549
664.950000000000549
665.165000000000549
666.76000000000055
666.894000000000551
667.290000000000551
667.715000000000551
668.634000000000552
668.794000000000552
669.351000000000553
669.709000000000553
669.954000000000553
670.418000000000554
675.028000000000558
676.345000000000559
676.610000000000559
677.78600000000056
678.416000000000561
678.936000000000561
679.103000000000562
679.817000000000562
680.041000000000562
680.239000000000562
680.413000000000563
680.669000000000563
682.064000000000564
682.647000000000565
688.044000000000569
732.377000000000609
732.714000000000609
733.74000000000061
734.397000000000611
734.720000000000611
735.907000000000612
736.082000000000612
736.430000000000612
736.931000000000613
737.440000000000613
737.724000000000614
738.163000000000614
739.105000000000615
740.143000000000616
740.753000000000616
741.232000000000617
741.594000000000617
742.134000000000617
742.802000000000618
742.909000000000618
743.143000000000618
743.992000000000619
744.257000000000619
744.51500000000062
745.17900000000062
745.826000000000621
746.113000000000621
746.498000000000621
747.559000000000622
747.912000000000623
748.026000000000623
748.398000000000623
748.629000000000623
748.993000000000624
749.299000000000624
749.488000000000624
749.978000000000624
750.565000000000625
750.842000000000625
751.467000000000626
751.872000000000626
752.223000000000626
752.676000000000627
753.156000000000627
754.041000000000628
926.324000000000781
928.004000000000782
929.665000000000784
930.000000000000784
930.364000000000785
931.312000000000786
931.753000000000786
932.141000000000786
933.022000000000787
933.352000000000787
967.239000000000817
968.042000000000818
969.144000000000819
969.97600000000082
970.06800000000082
970.38900000000082
1190.88200000000102
1192.29200000000102
1192.76800000000102
1193.14100000000102
1193.84400000000102
1193.99500000000102
1194.31100000000102
1194.56000000000102
1196.83200000000102
1197.56800000000102
1198.46500000000102
1199.10200000000102
1199.27100000000102
1200.57600000000102
1201.13600000000103
1201.43500000000103
1201.83800000000103
1202.40800000000103
1202.95400000000103
1203.24600000000103
1203.93400000000103
1204.34200000000103
1204.67200000000103
1205.31100000000103
1206.78900000000103
1206.94800000000103
1207.29500000000103
1207.64900000000103
1207.92000000000103
1210.17100000000103
1213.58900000000104
1213.72300000000104
1215.07400000000104
1222.63600000000104
1223.46400000000104
1224.32600000000105
1227.02600000000105
1227.82600000000105
1227.99200000000105
1228.16000000000105
1228.67300000000105
1229.01300000000105
1229.92300000000105
1230.11500000000105
1230.51700000000105
1230.82200000000105
1235.60300000000106
1236.77800000000106
1237.11300000000106
1237.26800000000106
1237.65800000000106
1238.57500000000106
1239.17500000000106
1239.71900000000106
1239.85900000000106
1240.22400000000106
1240.85600000000106
1242.14700000000106
1242.63600000000106
1243.09100000000106
1244.22400000000106
1245.10700000000106
1245.59700000000106
1246.04400000000106
1246.57500000000107
1247.08100000000107
1247.87300000000107
1248.49800000000107
1249.42700000000107
1250.62700000000107
1250.75400000000107
1251.20200000000107
1252.82000000000107
1256.34900000000107
1257.49700000000108
1257.96000000000108
1259.39600000000108
1259.49400000000108
1292.40000000000111
1293.31400000000111
1294.31900000000111
1296.02800000000111
1296.38000000000111
1296.55600000000111
1297.00500000000111
1307.24700000000112
1308.27400000000112
1309.02200000000112
1309.31700000000112
1309.48500000000112
1310.29400000000112
1310.76100000000112
1311.23100000000112
1312.07800000000112
1312.33500000000112
1312.67200000000112
1313.67600000000112
1313.81500000000113
1314.35200000000113
1314.69100000000113
1315.06600000000113
1316.15100000000113
1316.67100000000113
1319.30500000000113
1322.08500000000113
1324.75900000000113
1325.95000000000114
1326.70700000000114
1326.96900000000114
1327.75700000000114
1328.01300000000114
1331.33900000000114
1332.08000000000114
1332.55500000000114
1333.01800000000114
1333.69400000000114
1334.40600000000114
1335.49100000000114
1335.65700000000114
1337.10700000000115
1337.36900000000115
1398.9530000000012
1399.8410000000012
1400.5110000000012
1400.9570000000012
1401.3290000000012
1401.9750000000012
1402.1710000000012
1403.80600000000121
1404.60100000000121
1409.03700000000121
1410.94900000000121
1411.23400000000121
1411.57900000000121
1411.87000000000121
1413.47100000000121
1414.10600000000121
1414.75200000000121
1416.63800000000122
1419.95900000000122
1428.59200000000123
1429.95300000000123
1430.24800000000123
1430.80200000000123
1431.17600000000123
1431.60600000000123
1432.57000000000123
1432.84500000000123
1433.37000000000123
1434.14200000000123
1434.43000000000123
1434.66800000000123
1434.99700000000123
1438.48100000000124
1439.27000000000124
1441.90500000000124
1443.20100000000124
1443.98600000000124
1444.57200000000124
1444.99300000000124
1445.34300000000124
1445.58100000000124
1447.33400000000124
1450.20200000000125
1453.46600000000125
1454.04000000000125
1460.83900000000126
1462.02700000000126
1464.95000000000126
1465.85900000000126
1466.79800000000126
1467.16800000000126
1469.50200000000126
1471.18400000000126
1471.47700000000127
1472.55300000000127
1472.81600000000127
1473.27900000000127
1473.45700000000127
1474.30900000000127
1474.53200000000127
1475.87000000000127
1476.43700000000127
1477.81400000000127
1481.22400000000127
1521.71900000000131
1523.60200000000131
1579.03400000000136
1581.01300000000136
1581.93300000000136
1583.89300000000136
1585.33000000000137
1586.03100000000137
1586.78600000000137
1587.99200000000137
1588.99200000000137
1589.56500000000137
1590.17300000000137
1599.09600000000138
1603.82300000000138
1604.27300000000138
1608.58700000000139
1609.79000000000139
1610.18500000000139
1611.17100000000139
1611.84100000000139
1613.59800000000139
1614.72100000000139
1615.75500000000139
1663.37400000000144
1663.85900000000144
1664.54100000000144
1665.26900000000144
1665.50600000000144
1665.89000000000144
1666.60000000000144
1667.76600000000144
1668.29400000000144
1668.45200000000144
1670.44200000000144
1671.05700000000144
1673.58200000000144
1673.97200000000144
1674.19500000000145
1674.49900000000145
1675.06900000000145
1675.56300000000145
1676.08200000000145
1679.28800000000145
1679.70300000000145
1680.40400000000145
1680.99400000000145
1682.31900000000145
1683.17400000000145
1683.89800000000145
1686.54700000000146
1687.31300000000146
1687.47000000000146
1687.97500000000146
1689.07500000000146
1689.83800000000146
1690.59800000000146
1690.95100000000146
1691.47300000000146
1693.71400000000146
1694.12600000000146
1694.67000000000146
1695.42500000000146
1696.00300000000146
1696.53700000000147
1696.95600000000147
1697.51400000000147
1697.85200000000147
1699.13600000000147
1699.25800000000147
1699.46100000000147
1699.91400000000147
1701.40800000000147
1702.23400000000147
1712.49900000000148
1714.94500000000148
1716.42700000000148
1719.95000000000149
1720.39300000000149
1720.70700000000149
1730.6930000000015
1731.2560000000015
1739.0770000000015
1740.4130000000015
1740.9080000000015
1743.82000000000151
1744.52700000000151
1746.11600000000151
1747.04700000000151
1747.98800000000151
1749.04400000000151
1750.83500000000151
1751.07700000000151
1751.57700000000151
1756.34800000000152
1758.20000000000152
1758.47600000000152
1758.91900000000152
1759.83900000000152
1760.26800000000152
1761.40200000000152
1761.55800000000152
1762.17400000000152
1762.52400000000152
1762.75600000000152
1762.89200000000152
1763.85900000000152
1764.74700000000153
1764.99200000000153
1765.25800000000153
1766.03800000000153
1766.85300000000153
1768.05000000000153
1922.55300000000167
1923.42500000000167
1923.79700000000167
1929.54800000000167
1930.99900000000167
1991.17200000000173
1992.34200000000173
1992.75300000000173
1992.97800000000173
1993.13500000000173
1993.30400000000173
1993.97300000000173
1994.32500000000173
1995.22200000000173
1995.94600000000173
1996.90600000000173
1998.38800000000173
1998.74700000000173
1999.00400000000173
1999.12900000000173
1999.62900000000173
2004.58200000000174
2006.90100000000174
2009.58400000000174
2010.17200000000174
2022.82100000000175
2028.77600000000176
2030.96100000000176
2031.30600000000176
2032.20000000000176
2032.84600000000176
2033.37800000000176
2034.36200000000176
2035.55300000000177
2035.89200000000177
2036.45100000000177
2038.55700000000177
2039.59700000000177
2041.24000000000177
2041.58900000000177
2042.02700000000177
2044.18400000000177
2044.78700000000177
2045.32000000000177
2045.71800000000178
2048.07000000000177
2048.58700000000171
2049.37500000000163
2050.06500000000155
2050.24000000000153
2050.40800000000151
2051.61300000000138
2052.25800000000131
2053.66500000000115
2054.07200000000111
2054.73000000000104
2060.65400000000038
2151.88199999999034
2153.24099999999019
2154.22999999999008
2154.83899999999001
2157.01699999998977
2157.60199999998971
2158.42499999998962
2158.66899999998959
2159.00299999998955
2159.14099999998954
2161.2669999999893
2162.27399999998919
2162.99399999998911
2166.19599999998876
2167.30899999998864
2167.53599999998861
2167.74399999998859
2167.94999999998857
2168.19599999998854
2168.60799999998849
2170.97099999998823
2171.3109999999882
2171.73799999998815
2172.1439999999881
2173.50099999998796
2173.9869999999879
2174.45999999998785
2174.74599999998782
2175.8169999999877
2176.43799999998763
2176.92799999998758
2178.22299999998744
2180.19999999998722
2180.43799999998719
2181.11699999998712
2189.62099999998618
2194.04099999998569
2195.50699999998553
2200.73399999998496
2201.93199999998482
2202.21499999998479
2204.80999999998451
2206.44599999998433
2346.68399999996888
2348.48099999996868
2348.73299999996866
2350.1849999999685
2352.78799999996821
2353.61799999996812
2355.16999999996795
2355.50799999996791
2355.86299999996787
2357.10099999996773
2357.26099999996772
2357.58299999996768
2359.28899999996749
2359.95599999996742
2360.55599999996735
2361.14599999996729
2361.62499999996724
2362.21799999996717
2362.68299999996712
2363.31799999996705
2363.60899999996702
2364.88899999996688
2365.65699999996679
2365.95899999996676
2366.34899999996672
2369.92699999996632
2374.28599999996584
2375.17299999996574
2375.94599999996566
2380.0999999999652
2383.09499999996487
2383.56099999996482
2384.6789999999647
2385.27199999996463
2385.88999999996456
2386.88399999996445
2534.64899999994818
2535.81099999994805
2536.04899999994803
2536.20999999994801
2536.83099999994794
2536.96599999994793
2538.52699999994775
2540.69899999994751
2542.07199999994736
2542.74999999994729
2543.30299999994723
2543.86499999994717
2544.5019999999471
2544.79099999994706
2591.6339999999419
2593.17199999994174
2594.71199999994157
2595.2689999999415
2595.84599999994144
2596.02199999994142
2596.47099999994137
2597.04699999994131
2597.44399999994126
2598.57299999994114
2598.9419999999411
2599.42399999994105
2785.71599999992053
2787.05799999992038
2787.95499999992028
2788.7229999999202
2789.24199999992014
2790.54499999992
2790.99699999991995
2792.61799999991977
2792.96299999991973
2794.06599999991961
2794.46999999991957
2795.1069999999195
2796.0129999999194
2798.77299999991909
2802.80499999991865
2803.44499999991858
2804.1499999999185
2805.9979999999183
2806.13699999991828
2807.52099999991813
2810.08799999991785
2811.55599999991768
2811.66899999991767
2812.42899999991759
2812.86799999991754
2816.65599999991712
2817.37099999991704
2817.798999999917
2819.40799999991682
2820.00299999991675
2820.4729999999167
2821.21299999991662
2821.90399999991654
2822.75299999991645
2823.30499999991639
2824.1329999999163
2824.91199999991621
2825.21499999991618
2825.9319999999161
2826.26699999991606
2826.63899999991602
2827.66699999991591
2828.11999999991586
2828.74199999991579
2829.18499999991574
2829.84799999991567
2830.69599999991558
2831.46199999991549
2835.44199999991505
2836.68399999991492
2837.24499999991485
2837.55199999991482
2838.22899999991475
2838.82999999991468
2839.61199999991459
2840.32999999991451
2840.51099999991449
2841.3289999999144
2841.71099999991436
2842.2479999999143
2842.68899999991425
2843.10899999991421
2873.80999999991083
2958.15199999990154
2959.63199999990138
2960.91799999990123
2965.25599999990076
2966.94999999990057
2967.42099999990052
2968.41899999990041
2968.66599999990038
2969.22599999990032
2969.66199999990027
2980.10699999989912
2981.26399999989899
2981.82499999989893
2982.31599999989888
2986.32999999989844
3030.2109999998936
3030.87199999989353
3031.70399999989344
3032.82799999989331
3033.76499999989321
3037.71799999989278
3038.34599999989271
3039.05499999989263
3042.19899999989228
3043.76399999989211
3045.36799999989193
3047.03499999989175
3047.74799999989167
3048.14699999989163
3048.91399999989154
3049.78999999989145
3051.04199999989131
3052.8849999998911
3053.46799999989104
3054.30599999989095
3058.69599999989046
3058.84799999989045
3059.3089999998904
3060.76199999989024
3061.1419999998902
3062.27899999989007
3378.8719999998552
3380.57399999985502
3380.80999999985499
3384.43199999985459
3385.2869999998545
3387.27799999985428
3387.44799999985426
3388.15399999985418
3388.66299999985412
3389.50699999985403
3390.79299999985389
3391.26799999985384
3391.79799999985378
3394.09399999985353
3394.24399999985351
3395.72499999985335
3396.71099999985324
3397.89899999985311
3398.48799999985304
3399.25199999985296
3401.79799999985268
3667.32999999982343
3668.05299999982335
3668.84799999982327
3670.03299999982314
3706.61499999981911
3708.35199999981892
3709.20999999981882
3710.22399999981871
3711.44499999981858
3711.90899999981852
3712.58299999981845
3713.75499999981832
3714.26399999981826
3714.50499999981824
3715.26899999981815
3716.01199999981807
3718.17099999981783
3722.23099999981739
3722.63299999981734
3723.34799999981726
3724.21499999981717
3724.93599999981709
3725.92599999981698
3727.78299999981678
3746.05099999981476
3746.39699999981473
3747.10099999981465
3747.72399999981458
3750.85299999981424
3754.49399999981383
3754.96499999981378
3755.89799999981368
3756.53799999981361
3756.75299999981359
3757.38599999981352
3758.08299999981344
3760.31499999981319
3764.14399999981277
3765.34599999981264
3768.68599999981227
3769.17899999981222
3770.38799999981208
3770.58899999981206
3770.96599999981202
3833.42199999980514
3952.02399999979208
3952.66399999979201
3953.25099999979194
3954.05099999979186
3954.76299999979178
3955.26699999979172
3955.4739999997917
3955.91699999979165
3956.06699999979163
3957.3189999997915
3957.85599999979144
3958.60599999979135
3959.0589999997913
3959.82699999979122
3960.13999999979119
3960.58399999979114
3961.42499999979104
3961.93299999979099
3962.33299999979094
3962.63999999979091
3962.88599999979088
3992.6679999997876
4067.78699999977933
4069.8779999997791
4071.6749999997789
4072.18499999977885
4083.18699999977763
4124.23999999977311
4124.72299999977306
4127.89699999977271
4132.14299999977224
4133.87599999977205
4135.07999999977192
4135.57999999977186
4135.74799999977184
4148.47099999977044
4151.49099999977011
4151.68699999977009
4153.23699999976992
4153.88399999976985
4155.61299999976966
4156.1469999997696
4157.0119999997695
4157.52299999976945
4158.36199999976935
4159.00399999976928
4159.28799999976925
4159.66599999976921
4160.75499999976909
4161.39499999976902
4162.81299999976886
4163.16699999976882
4163.88599999976875
4165.75199999976854
4167.0529999997684
4167.67999999976833
4168.16199999976828
4168.28899999976826
4181.15699999976684
4184.63999999976646
4185.28599999976639
4193.28899999976551
4194.66999999976536
4239.18199999976045
4241.90099999976015
4243.06399999976003
4244.95899999975982
4247.04299999975959
4248.03999999975948
4381.44899999974478
4384.66499999974443
4385.8759999997443
4386.58899999974422
4386.7239999997442
4387.06699999974417
4387.55399999974411
4388.07899999974406
4388.47099999974401
4395.76999999974321
4397.18899999974305
4397.73099999974299
4398.03299999974296
4399.16699999974283
4399.86999999974276
4400.4119999997427
4401.07799999974262
4401.48999999974258
4401.80499999974254
4402.38399999974248
4402.68299999974245
4403.59599999974235
4404.25399999974227
4404.81099999974221
4405.60599999974212
4406.64099999974201
4407.87099999974188
4408.34499999974182
4408.93099999974176
4409.70799999974167
4411.61299999974146
4412.03799999974142
4412.84199999974133
4413.19399999974129
4414.17699999974118
4414.58199999974114
4414.8699999997411
4415.26599999974106
4416.29899999974095
4416.54399999974092
4416.83399999974089
4417.01599999974087
4417.15399999974085
4417.84499999974078
4418.41699999974071
4418.98499999974065
4419.24199999974062
4419.64999999974058
4420.48499999974049
4421.81099999974034
4423.0399999997402
4423.72899999974013
4423.9459999997401
4424.38899999974006
4424.83199999974001
4536.76099999972768
4537.79199999972757
4538.89399999972744
4541.86399999972712
4542.63499999972703
4544.7609999997268
4545.75999999972669
4547.36999999972651
4547.65399999972648
4548.50699999972639
4548.83499999972635
4564.65899999972461
4565.68099999972449
4567.22399999972432
4569.16399999972411
4569.72899999972405
4592.49399999972154
4598.24699999972091
4767.1739999997023
4919.46199999968553
4924.70799999968495
4925.92299999968482
4938.06199999968348
5219.30299999965251
5220.40799999965239
5221.27899999965229
5226.04599999965177
5226.20899999965175
5227.37499999965162
5228.97499999965144
5230.45299999965128
5230.95399999965123
5231.51299999965116
5232.85199999965102
5234.07699999965088
5234.66999999965082
5235.32699999965074
5236.89899999965057
5237.45199999965051
5238.31399999965042
5238.99499999965034
5239.61499999965027
5240.05599999965022
5240.56799999965017
5243.19099999964988
5243.62199999964983
5244.43999999964974
5244.72599999964971
5245.45399999964963
5245.93699999964958
5246.42899999964952
5246.78999999964948
5247.72199999964938
5248.28999999964932
5253.35299999964876
5254.09999999964868
5254.7689999996486
5255.32299999964854
5257.43499999964831
5257.76299999964827
5258.13899999964823
5260.83499999964793
5261.26899999964789
5261.51799999964786
5261.87099999964782
5263.62399999964763
5264.89599999964749
5495.78399999962206
5497.38399999962188
5502.13799999962136
5503.63199999962119
5505.28199999962101
5506.62699999962086
5508.48999999962066
5580.95899999961268
5640.57999999960611
5642.55799999960589
5644.24699999960571
5645.45399999960558
5646.22699999960549
5646.83699999960542
5648.60399999960523
5649.38199999960514
5650.14499999960506
5650.98799999960496
5651.69299999960489
5652.40899999960481
5652.71999999960477
5653.17299999960472
5654.01399999960463
5654.80899999960454
5656.00399999960441
5656.42399999960437
5657.54499999960424
5657.85499999960421
5658.53399999960413
5659.16299999960406
5660.07899999960396
5660.6769999996039
5662.05899999960375
5662.61799999960368
5676.66999999960214
5687.67699999960092
5694.71799999960015
5694.91499999960013
5857.80199999958219
5859.80599999958197
5860.11599999958193
5862.72599999958165
5863.1379999995816
5864.44299999958146
5867.27899999958114
5880.24099999957972
5991.77199999956743
5992.9749999995673
5994.73099999956711
5996.23499999956694
5998.85299999956665
6000.08599999956652
6000.64599999956646
6002.18299999956629
6003.16799999956618
6004.12099999956607
6004.53899999956603
6005.6649999995659
6006.03999999956586
6007.03099999956575
6009.60899999956547
6011.1059999995653
6012.0889999995652
6013.22999999956507
6013.896999999565
6014.08899999956498
6014.52199999956493
6014.65799999956491
6019.38699999956439
6020.30199999956429
6020.76799999956424
6021.06499999956421
6021.34299999956418
6021.84999999956412
6021.9949999995641
6035.57599999956261
6036.15599999956254
6111.42699999955426
6199.61999999954454
6200.9379999995444
6202.53299999954422
6203.82399999954408
6204.24999999954403
6207.21299999954371
6208.1979999995436
6208.79599999954353
6209.48599999954346
6209.92799999954341
6210.71499999954332
6213.18199999954305
6213.92899999954297
6239.9449999995401
6242.31199999953984
6246.63299999953936
6248.44499999953916
6260.55499999953783
6262.42699999953762
6263.62699999953749
6388.97399999952369
6424.15399999951981
6427.69999999951942
6432.76199999951887
6480.07999999951365
6493.40599999951219
6624.9269999994977
6715.41599999948774
29
-1
0.85900000000000001
11.76300000000000023
31.2969999999999874
52.6270000000000051
109.0170000000000552
140.218000000000083
158.582000000000099
176.280000000000115
224.997000000000158
270.108000000000198
292.756000000000218
384.039000000000299
441.05300000000035
557.220000000000453
682.648000000000565
754.042000000000628
1215.07500000000104
1297.00600000000111
1419.96000000000122
1590.17400000000137
1702.23500000000147
2010.17300000000174
2181.11799999998712
2599.42499999994105
2969.66299999990027
3727.78399999981678
4168.28999999976826
4569.72999999972405
5662.61899999960368
0
0
5000
0
0
0
0
7200
0
0
0
0
0
30
0
7200.00099999943437
1537.48200000000132
1800
0
88
0
1
4
7
10
13
16
19
22
25
28
31
34
37
40
43
46
49
52
55
58
61
64
67
70
73
76
79
82
85
88
91
94
97
100
103
106
109
112
115
118
121
124
127
130
133
136
139
142
145
148
151
154
157
160
163
166
169
172
175
178
181
184
187
190
193
196
199
202
205
208
211
214
217
220
223
226
229
232
235
238
241
244
247
250
253
256
259
262
265
268
271
274
277
280
283
286
289
292
295
298
301
304
307
310
313
316
319
322
325
328
331
334
337
340
343
346
349
352
355
358
361
364
367
370
373
376
379
382
385
388
391
394
397
400
403
406
409
412
415
418
421
424
427
430
433
436
439
442
445
448
451
454
457
460
463
466
469
472
475
478
481
484
487
490
493
496
499
502
505
508
511
514
517
520
523
526
529
532
535
538
541
544
547
550
