3
15
19
3
15
19
PPR2.10
FR2_day2
0
2
10
49
40
11
35
30
24
2
.3
1
138
1
52
1
1
1
1
1
1
1
1
1
1
1
1
1
1
1
1
1
1
1
1
1
1
137
-1
10.63300000000000021
18.4809999999999982
19.0299999999999978
74.4550000000000245
75.7780000000000257
82.2640000000000314
89.8670000000000382
98.0610000000000454
103.6560000000000504
104.3730000000000511
111.3290000000000572
115.6880000000000611
129.235000000000073
133.035000000000077
146.978000000000089
150.590000000000092
160.168000000000101
161.549000000000102
176.250000000000115
177.258000000000116
188.403000000000126
189.339000000000127
206.890000000000142
218.121000000000152
218.487000000000152
227.654000000000161
228.578000000000161
250.719000000000181
254.471000000000184
266.742000000000195
280.520000000000207
364.411000000000282
371.569000000000288
384.5980000000003
389.425000000000304
404.279000000000317
413.018000000000325
426.798000000000337
431.061000000000341
450.689000000000359
452.05100000000036
471.359000000000377
472.993000000000378
495.097000000000398
496.136000000000399
508.11200000000041
524.805000000000424
540.132000000000438
540.944000000000439
553.52000000000045
563.346000000000459
579.299000000000473
584.369000000000477
599.609000000000491
614.293000000000504
642.975000000000529
649.909000000000536
662.900000000000547
672.688000000000556
690.509000000000572
703.883000000000583
704.542000000000584
715.396000000000594
716.034000000000594
732.332000000000609
733.37800000000061
751.091000000000625
757.898000000000631
758.502000000000632
776.587000000000648
777.864000000000649
793.711000000000663
794.397000000000664
1052.68200000000089
1060.1720000000009
1062.3040000000009
1064.6830000000009
1067.09100000000091
1070.05800000000091
1071.53300000000091
1072.16900000000091
1073.05300000000091
1073.64400000000091
1079.05700000000092
1080.14900000000092
1081.57200000000092
1087.37700000000092
1088.55600000000093
1091.59300000000093
1092.38200000000093
1094.63700000000093
1099.32600000000093
1100.87600000000094
1107.61700000000094
1108.68500000000094
1109.15000000000094
1110.38100000000094
1115.08100000000095
1116.06800000000095
1122.15900000000096
1136.19300000000097
1139.32300000000097
1294.93200000000111
1295.80500000000111
1296.43300000000111
1299.51000000000111
1300.57900000000111
1301.20300000000111
1304.24300000000112
1310.14500000000112
1311.26700000000112
1313.91200000000113
1314.20600000000113
1315.07000000000113
1315.80000000000113
1319.41000000000113
1327.24600000000114
1330.61800000000114
1331.57000000000114
1334.96800000000114
1335.26400000000114
1338.30200000000115
1339.85900000000115
1342.44900000000115
1344.50400000000115
1346.48800000000115
1349.90900000000116
1351.07400000000116
1351.30700000000116
1351.45700000000116
1353.47900000000116
1362.11400000000117
1363.72100000000117
1363.88300000000117
1368.36300000000117
1375.05800000000118
1375.29700000000118
51
-1
18.4809999999999982
75.7780000000000257
89.8670000000000382
103.6560000000000504
115.6880000000000611
133.035000000000077
150.590000000000092
161.549000000000102
177.258000000000116
189.339000000000127
218.121000000000152
228.578000000000161
254.471000000000184
280.520000000000207
371.569000000000288
389.425000000000304
413.018000000000325
431.061000000000341
452.05100000000036
472.993000000000378
496.136000000000399
524.805000000000424
540.944000000000439
563.346000000000459
584.369000000000477
614.293000000000504
649.909000000000536
672.688000000000556
703.883000000000583
716.034000000000594
733.37800000000061
757.898000000000631
777.864000000000649
794.397000000000664
1060.1720000000009
1070.05800000000091
1080.14900000000092
1088.55600000000093
1099.32600000000093
1108.68500000000094
1116.06800000000095
1136.19300000000097
1295.80500000000111
1304.24300000000112
1311.26700000000112
1327.24600000000114
1335.26400000000114
1344.50400000000115
1351.07400000000116
1363.72100000000117
1375.29700000000118
2
0
5000
0
0
0
0
2700
99
0
0
0
0
0
0
2700.79599999992988
0
0
0
0
0
0
