3
24
19
3
24
19
PPR2.15
FR5_day5
0
1
10
48
17
11
34
35
24
2
.3
1
156
1
29
1
1
1
1
1
1
1
1
1
1
1
1
1
1
1
1
1
1
1
1
1
1
155
-1
25.0789999999999926
26.2749999999999916
28.1199999999999901
28.5299999999999897
28.9529999999999894
33.0359999999999877
35.2549999999999897
35.5429999999999899
36.4869999999999908
37.2259999999999914
38.9189999999999929
45.1389999999999984
45.6239999999999989
47.2010000000000003
47.8940000000000009
48.6670000000000016
54.4920000000000068
54.8930000000000071
55.7040000000000078
56.3320000000000084
57.4700000000000094
57.9110000000000098
60.367000000000012
61.487000000000013
63.0600000000000144
67.8910000000000186
68.278000000000019
68.5970000000000193
69.0840000000000197
95.9870000000000436
97.0360000000000445
97.1670000000000447
98.4560000000000458
99.2400000000000465
99.4160000000000466
102.7500000000000496
103.6980000000000505
108.2580000000000545
108.9420000000000551
109.3400000000000555
110.5600000000000565
111.2160000000000571
114.7890000000000603
119.3090000000000643
119.9000000000000648
120.3810000000000653
120.8730000000000657
121.5480000000000663
127.920000000000072
129.181000000000073
129.293000000000073
129.688000000000074
129.741000000000074
133.790000000000077
134.794000000000078
135.476000000000079
136.331000000000079
136.92200000000008
137.52900000000008
140.382000000000083
154.407000000000096
155.409000000000096
156.241000000000097
156.784000000000098
157.060000000000098
160.785000000000101
183.216000000000121
183.779000000000122
185.315000000000123
188.203000000000126
188.955000000000126
193.68400000000013
195.650000000000132
196.676000000000133
197.248000000000134
200.968000000000137
202.535000000000138
253.679000000000184
254.295000000000184
256.738000000000186
257.116000000000187
259.134000000000188
264.973000000000194
265.874000000000194
267.370000000000196
268.774000000000197
269.388000000000198
278.714000000000206
285.541000000000212
286.216000000000213
286.828000000000213
288.075000000000214
288.291000000000214
298.786000000000224
300.707000000000225
302.086000000000227
302.804000000000227
305.34800000000023
309.614000000000233
310.989000000000235
312.347000000000236
314.001000000000237
314.335000000000238
316.126000000000239
356.913000000000275
358.609000000000277
359.062000000000277
364.092000000000282
365.003000000000283
369.465000000000286
370.862000000000288
371.640000000000288
372.749000000000289
373.48800000000029
374.166000000000291
401.235000000000315
402.480000000000316
402.984000000000316
403.850000000000317
405.087000000000318
428.144000000000339
428.918000000000339
429.60000000000034
430.08500000000034
431.966000000000342
443.198000000000352
443.512000000000352
444.108000000000353
448.648000000000357
449.157000000000357
455.524000000000363
456.199000000000364
457.374000000000365
457.837000000000365
459.658000000000367
471.763000000000377
472.171000000000378
474.41200000000038
475.10500000000038
476.042000000000381
483.969000000000388
484.891000000000389
485.80700000000039
486.36100000000039
488.092000000000392
529.202000000000428
530.363000000000429
537.460000000000436
539.780000000000438
540.565000000000438
550.371000000000447
551.482000000000448
552.507000000000449
553.35600000000045
553.98100000000045
28
-1
28.9529999999999894
38.9189999999999929
48.6670000000000016
57.4700000000000094
69.0840000000000197
99.2400000000000465
111.2160000000000571
121.5480000000000663
129.741000000000074
140.382000000000083
157.060000000000098
188.955000000000126
202.535000000000138
259.134000000000188
269.388000000000198
288.075000000000214
305.34800000000023
316.126000000000239
365.003000000000283
374.166000000000291
405.087000000000318
431.966000000000342
449.157000000000357
459.658000000000367
476.042000000000381
488.092000000000392
540.565000000000438
553.98100000000045
5
0
5000
0
0
0
0
2700
99
0
0
0
0
0
0
2700.79599999992988
0
0
0
0
0
0
