3
14
19
3
14
19
PPR2.10
FR2_day1
0
2
11
11
43
11
58
16
24
2
.3
1
58
1
27
1
1
1
1
1
1
1
1
1
1
1
1
1
1
1
1
1
1
1
1
1
1
57
-1
39.4289999999999934
43.2139999999999967
80.1200000000000295
84.4440000000000334
93.5030000000000414
98.2790000000000456
109.3980000000000555
112.9350000000000587
130.524000000000074
134.565000000000078
146.174000000000088
152.675000000000094
177.417000000000116
182.731000000000121
330.277000000000252
334.811000000000256
337.960000000000258
365.073000000000283
395.57700000000031
422.859000000000334
433.193000000000343
459.366000000000366
467.083000000000373
490.220000000000394
493.035000000000396
494.192000000000397
514.198000000000415
522.503000000000422
541.524000000000439
547.830000000000445
563.601000000000459
568.384000000000463
628.694000000000517
632.28200000000052
665.91800000000055
667.731000000000551
695.404000000000576
706.936000000000586
955.554000000000807
962.805000000000814
964.284000000000815
990.660000000000838
1063.1330000000009
1070.66200000000091
1076.19800000000091
1077.15200000000091
1095.72100000000093
1101.38700000000094
1142.64700000000097
1143.38300000000097
1160.05700000000099
1162.95700000000099
1163.45700000000099
1183.10700000000101
1191.36500000000102
1208.84300000000103
1244.92300000000106
26
-1
43.2139999999999967
84.4440000000000334
98.2790000000000456
112.9350000000000587
134.565000000000078
152.675000000000094
182.731000000000121
334.811000000000256
395.57700000000031
433.193000000000343
467.083000000000373
493.035000000000396
522.503000000000422
547.830000000000445
568.384000000000463
632.28200000000052
667.731000000000551
706.936000000000586
962.805000000000814
1063.1330000000009
1076.19800000000091
1101.38700000000094
1143.38300000000097
1162.95700000000099
1191.36500000000102
1244.92300000000106
2
0
5000
0
0
0
0
2700
99
0
0
0
0
0
0
2700.79599999992988
0
0
0
0
0
0
