3
23
19
3
23
19
PPR2.16
FR5_day4
0
2
11
00
42
11
47
08
24
2
.3
1
184
1
36
1
1
1
1
1
1
1
1
1
1
1
1
1
1
1
1
1
1
1
1
1
1
183
-1
23.0659999999999943
34.8709999999999893
34.9439999999999894
35.2219999999999896
35.66699999999999
35.9429999999999903
42.9289999999999965
43.3989999999999969
44.2009999999999976
45.4829999999999988
45.807999999999999
46.0689999999999993
53.2650000000000057
53.8430000000000062
54.3170000000000066
54.6740000000000069
58.9540000000000107
75.3610000000000253
75.7730000000000257
75.9880000000000258
76.4860000000000263
77.5320000000000272
84.6120000000000335
85.3140000000000341
86.8250000000000355
87.1780000000000358
87.448000000000036
87.8700000000000364
94.6280000000000424
94.7380000000000425
95.1810000000000429
95.4580000000000431
95.8100000000000434
103.4480000000000502
103.8950000000000506
104.1490000000000509
104.3940000000000511
104.6770000000000513
104.9510000000000516
105.1700000000000518
105.479000000000052
113.1050000000000588
113.9090000000000595
114.1860000000000598
114.43900000000006
115.6690000000000611
126.3030000000000705
127.0640000000000712
127.3280000000000714
127.5470000000000716
128.419000000000072
141.271000000000084
141.998000000000084
142.195000000000085
142.425000000000085
143.534000000000086
143.818000000000086
183.688000000000122
185.649000000000123
185.980000000000124
186.267000000000124
188.570000000000126
188.941000000000126
195.463000000000132
196.000000000000132
196.239000000000133
198.657000000000135
199.921000000000136
218.400000000000152
219.588000000000153
220.430000000000154
221.197000000000155
221.473000000000155
229.338000000000162
231.409000000000164
232.028000000000164
232.433000000000165
233.425000000000166
242.758000000000174
243.534000000000175
244.373000000000175
244.618000000000176
245.222000000000176
252.901000000000183
253.315000000000183
253.571000000000184
254.494000000000184
255.006000000000185
263.197000000000192
263.833000000000193
264.249000000000193
264.548000000000193
264.827000000000194
273.317000000000201
273.842000000000202
274.063000000000202
274.854000000000202
275.090000000000203
281.300000000000208
281.921000000000209
282.542000000000209
282.85100000000021
283.86200000000021
330.674000000000252
330.998000000000252
332.487000000000254
333.092000000000254
333.760000000000255
341.482000000000262
341.921000000000262
345.356000000000265
345.585000000000265
345.829000000000266
465.864000000000372
468.711000000000375
470.186000000000376
470.428000000000376
470.701000000000376
478.793000000000384
479.267000000000384
479.513000000000384
480.506000000000385
481.194000000000386
491.984000000000395
492.526000000000396
492.871000000000396
493.139000000000396
493.423000000000397
509.914000000000411
510.206000000000412
510.566000000000412
510.802000000000412
511.779000000000413
717.180000000000595
717.549000000000596
718.364000000000596
719.099000000000597
719.534000000000597
738.606000000000614
739.124000000000615
739.559000000000615
740.368000000000616
741.580000000000617
1120.97600000000095
1121.98900000000095
1122.24100000000096
1122.76800000000096
1124.13800000000096
1143.68400000000097
1144.37000000000097
1145.25800000000098
1148.55500000000098
1148.80300000000098
1162.23700000000099
1163.05100000000099
1163.49700000000099
1164.39000000000099
1165.31600000000099
1230.42900000000105
1231.09700000000105
1231.36800000000105
1232.10600000000105
1232.49600000000105
1266.90200000000108
1267.83800000000108
1268.13600000000108
1268.65300000000109
1269.42200000000109
1291.0150000000011
1292.28000000000111
1293.33100000000111
1294.19900000000111
1294.45200000000111
1317.45100000000113
1317.93300000000113
1318.65000000000113
1319.29600000000113
1319.68300000000113
1335.94800000000114
1337.07500000000115
1337.57600000000115
1338.05500000000115
1338.93600000000115
35
-1
35.66699999999999
45.807999999999999
58.9540000000000107
77.5320000000000272
87.448000000000036
95.8100000000000434
104.6770000000000513
115.6690000000000611
128.419000000000072
143.534000000000086
188.570000000000126
199.921000000000136
221.473000000000155
233.425000000000166
245.222000000000176
255.006000000000185
264.827000000000194
275.090000000000203
283.86200000000021
333.760000000000255
345.829000000000266
470.701000000000376
481.194000000000386
493.423000000000397
511.779000000000413
719.534000000000597
741.580000000000617
1124.13800000000096
1148.80300000000098
1165.31600000000099
1232.49600000000105
1269.42200000000109
1294.45200000000111
1319.68300000000113
1338.93600000000115
5
0
5000
0
0
0
0
2700
99
0
0
0
0
0
0
2700.79599999992988
0
0
0
0
0
0
