3
18
19
3
18
19
PPR2.13
FR2_day4
0
3
11
04
42
11
52
45
24
2
.3
1
184
1
56
1
1
1
1
1
1
1
1
1
1
1
1
1
1
1
1
1
1
1
1
1
1
183
-1
6.13100000000000011
9.80800000000000019
12.40900000000000024
12.80500000000000025
15.1640000000000003
17.9549999999999987
48.3130000000000013
49.2070000000000021
52.500000000000005
52.8030000000000053
53.8230000000000062
54.1050000000000064
55.7910000000000079
75.7250000000000256
78.8780000000000284
80.1650000000000296
80.5070000000000299
81.3400000000000306
81.6750000000000309
103.1200000000000499
103.8380000000000506
106.4910000000000529
107.3130000000000537
107.5700000000000539
108.4260000000000546
108.841000000000055
110.7480000000000567
111.7140000000000576
115.0920000000000606
117.2800000000000625
117.6190000000000628
136.388000000000079
137.27600000000008
137.845000000000081
144.699000000000087
145.009000000000087
145.210000000000087
146.708000000000089
174.071000000000113
175.303000000000114
178.677000000000117
180.820000000000119
181.370000000000119
185.879000000000123
186.216000000000124
186.452000000000124
186.899000000000124
191.160000000000128
191.686000000000129
195.510000000000132
195.707000000000132
211.583000000000146
212.738000000000147
216.26300000000015
216.516000000000151
217.887000000000152
218.553000000000152
218.994000000000153
219.181000000000153
222.685000000000156
223.210000000000157
223.995000000000157
224.300000000000158
225.095000000000158
231.109000000000164
232.781000000000165
241.080000000000172
241.281000000000173
245.368000000000176
249.66600000000018
250.682000000000181
298.749000000000224
299.687000000000225
304.687000000000229
304.935000000000229
306.33900000000023
310.191000000000234
310.381000000000234
310.633000000000234
310.863000000000234
312.414000000000236
312.654000000000236
316.219000000000239
316.532000000000239
316.84200000000024
317.11000000000024
317.944000000000241
318.417000000000241
324.583000000000247
324.786000000000247
328.80300000000025
329.068000000000251
329.437000000000251
330.229000000000252
330.599000000000252
334.888000000000256
335.322000000000256
336.032000000000257
336.270000000000257
336.620000000000257
338.073000000000259
339.046000000000259
340.16500000000026
342.624000000000263
462.91400000000037
468.331000000000374
468.652000000000375
479.714000000000384
480.000000000000385
487.324000000000391
487.645000000000391
493.247000000000396
493.601000000000397
498.486000000000401
502.634000000000405
504.532000000000406
509.422000000000411
510.772000000000412
511.458000000000413
516.935000000000417
517.285000000000418
522.001000000000422
522.255000000000422
523.123000000000423
523.462000000000423
527.760000000000427
528.241000000000427
529.743000000000429
530.57000000000043
537.323000000000436
538.259000000000436
544.492000000000442
544.773000000000442
550.689000000000447
748.800000000000623
754.845000000000629
756.05600000000063
760.341000000000634
760.779000000000634
761.702000000000635
976.647000000000826
983.873000000000832
984.384000000000833
989.487000000000837
989.977000000000838
991.559000000000839
1000.178000000000847
1001.307000000000848
1001.785000000000848
1013.933000000000859
1014.73300000000086
1028.88800000000087
1030.75400000000087
1033.71600000000088
1034.05800000000088
1035.37000000000088
1036.13700000000088
1036.45900000000088
1042.11300000000088
1042.39900000000088
1145.88800000000098
1146.57200000000098
1148.00100000000098
1148.48000000000098
1148.92000000000098
1150.68700000000098
1151.11100000000098
1647.66100000000142
1649.00900000000142
1997.12800000000173
1999.07300000000173
2001.00300000000174
2001.76500000000174
2152.15299999999031
2299.14899999997412
2301.22699999997389
2302.33999999997377
2305.58399999997341
2305.72199999997339
2424.84999999996027
2425.87399999996016
2438.60499999995876
2444.95799999995806
55
-1
9.80800000000000019
17.9549999999999987
49.2070000000000021
75.7250000000000256
81.6750000000000309
103.8380000000000506
111.7140000000000576
117.6190000000000628
137.27600000000008
145.009000000000087
175.303000000000114
181.370000000000119
191.160000000000128
212.738000000000147
218.994000000000153
225.095000000000158
232.781000000000165
241.281000000000173
250.682000000000181
299.687000000000225
306.33900000000023
312.654000000000236
318.417000000000241
324.786000000000247
330.599000000000252
336.270000000000257
462.91400000000037
468.652000000000375
480.000000000000385
487.645000000000391
493.601000000000397
504.532000000000406
511.458000000000413
517.285000000000418
523.462000000000423
530.57000000000043
538.259000000000436
544.773000000000442
748.800000000000623
756.05600000000063
976.647000000000826
984.384000000000833
991.559000000000839
1001.307000000000848
1014.73300000000086
1030.75400000000087
1036.45900000000088
1042.39900000000088
1146.57200000000098
1649.00900000000142
1999.07300000000173
2299.14899999997412
2305.72199999997339
2425.87399999996016
2444.95799999995806
2
0
5000
0
0
0
0
2700
99
0
0
0
0
0
0
2700.79599999992988
0
0
0
0
0
0
