3
19
19
3
19
19
PPR2.10
FR2_day5
0
2
9
27
11
10
13
13
24
2
.3
1
44
1
19
1
1
1
1
1
1
1
1
1
1
1
1
1
1
1
1
1
1
1
1
1
1
43
-1
1.97400000000000003
47.2120000000000003
57.2400000000000092
117.6340000000000628
118.993000000000064
124.9230000000000693
127.5430000000000716
139.570000000000082
140.494000000000083
151.369000000000093
152.467000000000094
182.56000000000012
182.840000000000121
190.154000000000127
194.381000000000131
195.243000000000132
199.832000000000136
204.32500000000014
204.73000000000014
213.151000000000148
213.931000000000148
222.005000000000156
223.444000000000157
234.946000000000167
235.495000000000168
246.332000000000177
247.111000000000178
260.97000000000019
261.30800000000019
275.069000000000203
276.235000000000204
290.286000000000216
291.014000000000217
311.041000000000235
312.174000000000236
314.231000000000237
329.592000000000251
580.019000000000474
582.232000000000475
583.849000000000477
586.664000000000479
588.674000000000481
593.293000000000485
18
-1
47.2120000000000003
117.6340000000000628
127.5430000000000716
140.494000000000083
152.467000000000094
182.840000000000121
194.381000000000131
204.32500000000014
213.931000000000148
223.444000000000157
235.495000000000168
247.111000000000178
261.30800000000019
276.235000000000204
291.014000000000217
312.174000000000236
580.019000000000474
588.674000000000481
2
0
5000
0
0
0
0
2700
99
0
0
0
0
0
0
2700.79599999992988
0
0
0
0
0
0
