3
18
19
3
18
19
PPR2.11
FR2_day4
0
3
10
13
17
10
59
35
24
2
.3
1
117
1
56
1
1
1
1
1
1
1
1
1
1
1
1
1
1
1
1
1
1
1
1
1
1
116
-1
19.2019999999999976
22.5149999999999948
35.6949999999999901
39.4599999999999934
112.4680000000000582
115.6880000000000611
133.086000000000077
134.755000000000078
142.198000000000085
144.004000000000086
152.494000000000094
156.918000000000098
164.172000000000104
166.635000000000106
291.378000000000217
298.101000000000223
308.901000000000233
547.536000000000445
555.472000000000452
556.450000000000453
561.789000000000457
565.583000000000461
572.372000000000467
577.962000000000472
587.37800000000048
592.951000000000485
602.934000000000494
605.805000000000496
619.387000000000508
621.04400000000051
634.551000000000522
634.885000000000522
637.829000000000525
639.455000000000526
642.929000000000529
646.666000000000533
661.081000000000545
661.479000000000546
670.707000000000554
676.797000000000559
690.577000000000572
697.330000000000578
1077.03400000000091
1083.71300000000092
1097.27800000000093
1099.83000000000094
1116.32200000000095
1118.45300000000095
1137.34600000000097
1141.12900000000097
1146.94200000000098
1151.22200000000098
1163.40300000000099
1168.237000000001
1176.392000000001
1179.13100000000101
1186.06100000000101
1187.31400000000101
1196.63500000000102
1199.13700000000102
1210.79300000000103
1213.85900000000104
1222.93200000000104
1226.61000000000105
1241.69900000000106
1243.74600000000106
1252.87400000000107
1261.61900000000108
1268.96200000000109
1274.06500000000109
1295.81400000000111
1299.36200000000111
1313.51600000000112
1318.51500000000113
1528.80700000000132
1530.92000000000132
1555.12200000000134
1562.03300000000135
1572.31300000000135
1573.69700000000136
1590.81800000000137
1592.28400000000137
1599.21100000000138
1605.63900000000138
1611.03200000000139
1611.35300000000139
1628.9200000000014
1631.90600000000141
1636.69100000000141
1638.61500000000141
1644.18300000000142
1657.50800000000143
1659.90600000000143
1661.08100000000143
1665.52500000000144
1667.82900000000144
1723.34700000000149
1727.93000000000149
1757.02300000000152
1761.44600000000152
1784.40100000000154
1785.86700000000154
1803.31200000000156
1808.83600000000156
1832.36400000000159
1834.99300000000159
1849.0800000000016
1856.22200000000161
1857.31400000000161
1882.15100000000163
1888.80700000000164
1900.05500000000165
1981.37900000000172
1999.07200000000173
2002.49900000000174
2024.34700000000176
55
-1
22.5149999999999948
39.4599999999999934
115.6880000000000611
134.755000000000078
144.004000000000086
156.918000000000098
166.635000000000106
298.101000000000223
547.536000000000445
556.450000000000453
565.583000000000461
577.962000000000472
592.951000000000485
605.805000000000496
621.04400000000051
634.885000000000522
646.666000000000533
661.479000000000546
676.797000000000559
697.330000000000578
1083.71300000000092
1099.83000000000094
1118.45300000000095
1141.12900000000097
1151.22200000000098
1168.237000000001
1179.13100000000101
1187.31400000000101
1199.13700000000102
1213.85900000000104
1226.61000000000105
1243.74600000000106
1261.61900000000108
1274.06500000000109
1299.36200000000111
1318.51500000000113
1530.92000000000132
1562.03300000000135
1573.69700000000136
1592.28400000000137
1605.63900000000138
1611.35300000000139
1631.90600000000141
1644.18300000000142
1659.90600000000143
1667.82900000000144
1727.93000000000149
1761.44600000000152
1785.86700000000154
1808.83600000000156
1834.99300000000159
1856.22200000000161
1888.80700000000164
1981.37900000000172
2002.49900000000174
2
0
5000
0
0
0
0
2700
99
0
0
0
0
0
0
2700.79599999992988
0
0
0
0
0
0
