3
18
19
3
18
19
PPR2.14
FR2_day4
0
4
11
04
45
11
52
45
24
2
.3
1
108
1
46
1
1
1
1
1
1
1
1
1
1
1
1
1
1
1
1
1
1
1
1
1
1
107
-1
9.34100000000000018
30.2389999999999883
87.5930000000000362
89.6110000000000379
95.8890000000000435
96.1110000000000437
105.9780000000000525
106.3120000000000528
111.3300000000000572
111.6020000000000575
111.9480000000000578
121.2660000000000661
139.196000000000082
142.497000000000085
142.847000000000085
150.224000000000092
184.009000000000122
187.413000000000125
191.274000000000128
191.809000000000129
201.794000000000138
202.158000000000138
208.585000000000144
209.011000000000144
219.611000000000153
220.081000000000154
250.717000000000181
251.131000000000181
257.143000000000187
257.526000000000187
261.09900000000019
261.703000000000191
267.233000000000196
267.845000000000196
269.747000000000198
270.239000000000198
283.86800000000021
300.504000000000225
309.378000000000233
310.241000000000234
317.919000000000241
318.252000000000241
329.423000000000251
329.743000000000251
334.702000000000256
340.666000000000261
345.160000000000265
347.712000000000267
348.036000000000267
348.464000000000268
349.319000000000269
349.890000000000269
438.975000000000348
439.461000000000349
448.558000000000357
450.309000000000358
471.860000000000377
475.30000000000038
485.90300000000039
486.27800000000039
494.777000000000398
495.404000000000398
495.700000000000399
504.697000000000407
505.013000000000407
505.459000000000407
520.31100000000042
523.197000000000423
545.899000000000443
742.022000000000617
752.814000000000627
757.255000000000631
767.72400000000064
768.688000000000641
783.674000000000654
784.312000000000655
796.581000000000666
813.567000000000681
821.483000000000688
827.852000000000694
840.484000000000705
1078.93100000000092
1102.31600000000094
1105.53700000000094
1122.11500000000095
1131.77600000000096
1143.70300000000097
1144.20000000000097
1161.26300000000099
1166.29300000000099
1179.25500000000101
1187.98200000000101
1199.10000000000102
1201.04700000000102
1211.17800000000103
1219.38600000000104
1237.66300000000106
1273.92100000000109
1286.0800000000011
1287.8180000000011
1292.81200000000111
1298.34600000000111
1300.19100000000111
1319.29900000000113
1323.60400000000113
1354.45400000000116
1354.75100000000116
45
-1
30.2389999999999883
89.6110000000000379
96.1110000000000437
106.3120000000000528
111.9480000000000578
139.196000000000082
184.009000000000122
191.809000000000129
202.158000000000138
209.011000000000144
220.081000000000154
251.131000000000181
257.526000000000187
267.845000000000196
300.504000000000225
310.241000000000234
318.252000000000241
329.743000000000251
345.160000000000265
439.461000000000349
450.309000000000358
475.30000000000038
486.27800000000039
495.404000000000398
505.013000000000407
523.197000000000423
742.022000000000617
757.255000000000631
768.688000000000641
784.312000000000655
813.567000000000681
827.852000000000694
1078.93100000000092
1105.53700000000094
1131.77600000000096
1144.20000000000097
1166.29300000000099
1187.98200000000101
1201.04700000000102
1219.38600000000104
1273.92100000000109
1287.8180000000011
1300.19100000000111
1323.60400000000113
1354.75100000000116
2
0
5000
0
0
0
0
2700
99
0
0
0
0
0
0
2700.79599999992988
0
0
0
0
0
0
