3
13
19
3
13
19
PPR2.14
FR1_day5
0
4
10
52
20
11
40
00
24
2
.3
1
31
1
31
1
1
1
1
1
1
1
1
1
1
1
1
1
1
1
1
1
1
1
1
1
1
30
-1
9.01500000000000017
16.432
91.0320000000000392
112.8630000000000586
227.52200000000016
263.970000000000193
279.823000000000207
289.665000000000216
321.035000000000243
368.603000000000286
382.627000000000298
400.044000000000314
412.366000000000325
434.937000000000345
448.192000000000356
457.183000000000364
467.477000000000374
476.107000000000381
485.55900000000039
494.297000000000397
524.689000000000424
685.454000000000567
694.078000000000575
726.785000000000604
738.629000000000614
883.598000000000743
899.717000000000757
921.690000000000777
941.625000000000795
952.340000000000804
30
-1
9.01500000000000017
16.432
91.0320000000000392
112.8630000000000586
227.52200000000016
263.970000000000193
279.823000000000207
289.665000000000216
321.035000000000243
368.603000000000286
382.627000000000298
400.044000000000314
412.366000000000325
434.937000000000345
448.192000000000356
457.183000000000364
467.477000000000374
476.107000000000381
485.55900000000039
494.297000000000397
524.689000000000424
685.454000000000567
694.078000000000575
726.785000000000604
738.629000000000614
883.598000000000743
899.717000000000757
921.690000000000777
941.625000000000795
952.340000000000804
1
0
5000
0
0
0
0
2700
99
0
0
0
0
0
0
2700.79699999992988
0
0
0
0
0
0
