3
15
19
3
15
19
PPR2.15
FR2_day 2
0
1
11
39
59
12
27
01
24
2
.3
1
26
1
9
1
1
1
1
1
1
1
1
1
1
1
1
1
1
1
1
1
1
1
1
1
1
25
-1
36.3409999999999906
82.5430000000000317
83.7030000000000327
84.012000000000033
88.4210000000000369
91.4500000000000396
91.6450000000000397
91.8190000000000399
92.5240000000000405
109.5380000000000556
109.8010000000000559
130.511000000000074
239.601000000000171
413.318000000000325
760.981000000000634
764.240000000000637
767.14900000000064
769.269000000000642
771.680000000000644
775.308000000000647
775.924000000000648
776.410000000000648
891.985000000000751
894.239000000000753
894.822000000000753
8
-1
82.5430000000000317
91.4500000000000396
109.8010000000000559
239.601000000000171
760.981000000000634
769.269000000000642
775.924000000000648
894.239000000000753
2
0
5000
0
0
0
0
2700
99
0
0
0
0
0
0
2700.79599999992988
0
0
0
0
0
0
