3
18
19
3
18
19
PPR2.12
FR2_day4
0
4
10
13
21
10
59
35
24
2
.3
1
163
1
77
1
1
1
1
1
1
1
1
1
1
1
1
1
1
1
1
1
1
1
1
1
1
162
-1
2.16000000000000003
2.75300000000000004
9.37500000000000018
10.67200000000000021
13.08200000000000026
40.4579999999999943
41.8189999999999955
46.7139999999999998
46.867
47.1400000000000002
47.2490000000000003
54.3990000000000067
55.9720000000000081
58.8930000000000107
61.525000000000013
62.1880000000000136
66.7910000000000177
68.3760000000000191
70.6920000000000211
80.7650000000000301
84.027000000000033
235.805000000000168
236.823000000000169
249.33400000000018
250.992000000000181
263.481000000000192
264.294000000000193
264.367000000000193
271.5930000000002
271.8890000000002
280.229000000000207
280.775000000000208
286.658000000000213
288.016000000000214
293.856000000000219
296.332000000000222
303.418000000000228
304.869000000000229
311.766000000000235
313.225000000000237
366.020000000000283
367.512000000000285
374.696000000000291
375.086000000000292
382.403000000000298
383.232000000000299
383.298000000000299
391.498000000000306
393.363000000000308
400.292000000000314
400.798000000000314
411.827000000000324
413.095000000000325
431.116000000000341
432.447000000000342
447.842000000000356
449.445000000000358
630.209000000000518
630.800000000000519
651.249000000000537
652.181000000000538
1332.10000000000114
1333.56500000000114
1356.24100000000116
1357.08300000000116
1378.71800000000118
1380.42500000000118
1406.03600000000121
1408.82800000000121
1423.19200000000122
1426.25900000000122
1434.91000000000123
1437.26100000000123
1445.68900000000124
1447.35600000000124
1460.06700000000126
1460.56300000000126
1472.06600000000127
1476.41400000000127
1484.31300000000128
1487.87500000000128
1494.75200000000129
1497.83100000000129
1506.0830000000013
1510.5770000000013
1521.31500000000131
1524.32900000000131
1535.61200000000132
1542.15600000000133
1554.50900000000134
1558.67300000000134
1573.01600000000136
1576.41500000000136
1588.23300000000137
1589.09800000000137
1603.91400000000138
1606.38000000000138
1618.7680000000014
1621.5260000000014
1642.77700000000142
1645.96400000000142
1665.65100000000144
1666.43200000000144
1681.26400000000145
1683.15100000000145
1740.1830000000015
1753.25700000000152
1766.49700000000153
1768.68200000000153
1775.62600000000154
1776.91700000000154
1788.39400000000155
1789.98700000000155
1811.79800000000157
1812.40600000000157
1824.27900000000158
1826.07600000000158
1832.80200000000159
1834.01700000000159
1848.2980000000016
1848.6890000000016
1855.78600000000161
1857.52000000000161
1868.28600000000162
1871.34400000000162
1883.03300000000163
1884.54800000000163
1885.02000000000163
1885.18200000000163
1910.99200000000166
1911.60400000000166
1937.59600000000168
1974.42300000000171
1982.74600000000172
1984.10900000000172
2082.03499999999803
2083.76499999999784
2103.46199999999567
2104.45799999999556
2118.633999999994
2122.2499999999936
2134.25499999999228
2136.58999999999202
2143.07199999999131
2143.76999999999123
2164.98899999998889
2171.51199999998817
2180.05499999998723
2185.61999999998662
2197.18399999998535
2200.52199999998498
2208.15399999998414
2209.57099999998398
2209.81599999998396
2217.82599999998307
2220.06999999998283
2233.21499999998138
2235.63299999998111
2247.81099999997977
2248.18799999997973
2267.58899999997759
2269.50599999997738
76
-1
2.75300000000000004
10.67200000000000021
41.8189999999999955
47.2490000000000003
55.9720000000000081
62.1880000000000136
70.6920000000000211
84.027000000000033
236.823000000000169
250.992000000000181
264.294000000000193
271.8890000000002
280.775000000000208
288.016000000000214
296.332000000000222
304.869000000000229
313.225000000000237
367.512000000000285
375.086000000000292
383.232000000000299
393.363000000000308
400.798000000000314
413.095000000000325
432.447000000000342
449.445000000000358
630.800000000000519
652.181000000000538
1333.56500000000114
1357.08300000000116
1380.42500000000118
1408.82800000000121
1426.25900000000122
1437.26100000000123
1447.35600000000124
1460.56300000000126
1476.41400000000127
1487.87500000000128
1497.83100000000129
1510.5770000000013
1524.32900000000131
1542.15600000000133
1558.67300000000134
1576.41500000000136
1589.09800000000137
1606.38000000000138
1621.5260000000014
1645.96400000000142
1666.43200000000144
1683.15100000000145
1753.25700000000152
1768.68200000000153
1776.91700000000154
1789.98700000000155
1812.40600000000157
1826.07600000000158
1834.01700000000159
1848.6890000000016
1857.52000000000161
1871.34400000000162
1884.54800000000163
1911.60400000000166
1974.42300000000171
1984.10900000000172
2083.76499999999784
2104.45799999999556
2122.2499999999936
2136.58999999999202
2143.76999999999123
2171.51199999998817
2185.61999999998662
2200.52199999998498
2209.57099999998398
2220.06999999998283
2235.63299999998111
2248.18799999997973
2269.50599999997738
2
0
5000
0
0
0
0
2700
99
0
0
0
0
0
0
2700.79599999992988
0
0
0
0
0
0
