3
11
19
3
11
19
PPR2.14
FR1_day3
0
4
10
47
35
11
34
33
24
2
.3
1
92
1
79
1
1
1
1
1
1
1
1
1
1
1
1
1
1
1
1
1
1
1
1
1
1
91
-1
63.5440000000000148
67.5130000000000183
67.6040000000000184
68.2170000000000189
178.238000000000117
178.438000000000117
179.686000000000118
256.550000000000186
259.753000000000189
260.61600000000019
374.279000000000291
449.979000000000358
496.058000000000399
496.314000000000399
496.453000000000399
499.332000000000402
500.846000000000403
502.532000000000405
538.031000000000436
726.248000000000603
772.873000000000645
781.079000000000652
790.693000000000661
810.822000000000678
829.436000000000695
844.379000000000708
855.328000000000718
880.705000000000741
882.747000000000742
912.279000000000769
919.479000000000775
929.393000000000784
941.994000000000795
953.696000000000805
964.158000000000815
984.905000000000833
991.346000000000839
998.724000000000845
1007.988000000000854
1141.41000000000097
1150.15000000000098
1160.83800000000099
1176.876000000001
1194.66400000000102
1226.90300000000105
1235.40300000000106
1246.30800000000107
1262.32800000000108
1281.4360000000011
1373.57900000000118
1389.16700000000119
1404.17100000000121
1412.28800000000121
1512.7890000000013
1517.30400000000131
1535.28100000000132
1572.71300000000136
1584.37700000000137
1596.40500000000138
1607.96400000000139
1620.2610000000014
1630.89300000000141
1643.24000000000142
1650.81300000000142
1661.51900000000143
1674.99700000000145
1686.45600000000146
1694.91100000000146
1705.84300000000147
1720.79500000000149
1737.5860000000015
1746.00200000000151
1755.80600000000152
1766.51800000000153
1820.97500000000158
1829.67000000000158
1841.13300000000159
1908.23400000000165
1916.33400000000166
1939.32600000000168
1950.42200000000169
1963.8270000000017
1976.49700000000171
1996.20300000000173
2001.89500000000174
2012.49500000000175
2028.87800000000176
2044.15800000000177
2058.60300000000061
2077.47799999999853
2083.56999999999786
78
-1
63.5440000000000148
178.238000000000117
256.550000000000186
374.279000000000291
449.979000000000358
496.058000000000399
502.532000000000405
538.031000000000436
726.248000000000603
772.873000000000645
781.079000000000652
790.693000000000661
810.822000000000678
829.436000000000695
844.379000000000708
855.328000000000718
880.705000000000741
912.279000000000769
919.479000000000775
929.393000000000784
941.994000000000795
953.696000000000805
964.158000000000815
984.905000000000833
991.346000000000839
998.724000000000845
1007.988000000000854
1141.41000000000097
1150.15000000000098
1160.83800000000099
1176.876000000001
1194.66400000000102
1226.90300000000105
1235.40300000000106
1246.30800000000107
1262.32800000000108
1281.4360000000011
1373.57900000000118
1389.16700000000119
1404.17100000000121
1412.28800000000121
1512.7890000000013
1535.28100000000132
1572.71300000000136
1584.37700000000137
1596.40500000000138
1607.96400000000139
1620.2610000000014
1630.89300000000141
1643.24000000000142
1650.81300000000142
1661.51900000000143
1674.99700000000145
1686.45600000000146
1694.91100000000146
1705.84300000000147
1720.79500000000149
1737.5860000000015
1746.00200000000151
1755.80600000000152
1766.51800000000153
1820.97500000000158
1829.67000000000158
1841.13300000000159
1908.23400000000165
1916.33400000000166
1939.32600000000168
1950.42200000000169
1963.8270000000017
1976.49700000000171
1996.20300000000173
2001.89500000000174
2012.49500000000175
2028.87800000000176
2044.15800000000177
2058.60300000000061
2077.47799999999853
2083.56999999999786
1
0
5000
0
0
0
0
2700
99
0
0
0
0
0
0
2700.79699999992988
0
0
0
0
0
0
