3
10
19
3
10
19
PPR2.12
FR1_day2
0
4
10
10
43
10
57
50
24
2
.3
1
49
1
43
1
1
1
1
1
1
1
1
1
1
1
1
1
1
1
1
1
1
1
1
1
1
48
-1
891.20000000000075
980.218000000000829
981.93500000000083
984.577000000000833
985.537000000000834
987.174000000000835
1023.253000000000867
1030.59600000000087
1039.12000000000088
1128.47900000000096
1128.59300000000096
1141.84300000000097
1164.17300000000099
1178.409000000001
1193.13100000000102
1227.42000000000105
1237.94700000000106
1249.95700000000107
1270.83000000000109
1281.2950000000011
1294.71800000000111
1304.25900000000112
1313.54800000000112
1314.26500000000113
1318.67900000000113
1324.64900000000113
1332.77900000000114
1365.84300000000117
1366.01600000000117
1428.33800000000123
1450.29700000000125
1547.76700000000133
1558.86400000000134
1570.69500000000135
1587.51500000000137
1597.61100000000138
1607.28800000000139
1616.08300000000139
1630.76100000000141
1652.33000000000143
1659.49000000000143
1675.31500000000145
1685.54400000000146
1694.33900000000146
1708.97900000000148
1799.57900000000156
1819.67600000000157
1853.4620000000016
42
-1
891.20000000000075
980.218000000000829
985.537000000000834
1023.253000000000867
1030.59600000000087
1039.12000000000088
1128.47900000000096
1141.84300000000097
1164.17300000000099
1178.409000000001
1193.13100000000102
1227.42000000000105
1237.94700000000106
1249.95700000000107
1270.83000000000109
1281.2950000000011
1294.71800000000111
1304.25900000000112
1313.54800000000112
1318.67900000000113
1324.64900000000113
1332.77900000000114
1365.84300000000117
1428.33800000000123
1450.29700000000125
1547.76700000000133
1558.86400000000134
1570.69500000000135
1587.51500000000137
1597.61100000000138
1607.28800000000139
1616.08300000000139
1630.76100000000141
1652.33000000000143
1659.49000000000143
1675.31500000000145
1685.54400000000146
1694.33900000000146
1708.97900000000148
1799.57900000000156
1819.67600000000157
1853.4620000000016
1
0
5000
0
0
0
0
2700
99
0
0
0
0
0
0
2700.79699999992988
0
0
0
0
0
0
