3
16
19
3
16
19
PPR2.10
FR2_day3
0
2
9
17
06
10
05
35
24
2
.3
1
98
1
42
1
1
1
1
1
1
1
1
1
1
1
1
1
1
1
1
1
1
1
1
1
1
97
-1
58.7690000000000106
63.3990000000000147
72.3800000000000226
76.9170000000000267
77.9230000000000276
84.9110000000000338
91.3080000000000394
98.9490000000000462
103.7510000000000505
115.9150000000000613
117.9430000000000631
128.556000000000073
129.223000000000073
137.907000000000081
138.958000000000082
158.373000000000099
158.546000000000099
173.990000000000113
179.962000000000118
180.453000000000119
191.508000000000128
192.594000000000129
206.255000000000142
206.730000000000142
247.137000000000178
248.222000000000179
249.37200000000018
249.84200000000018
270.868000000000199
274.510000000000202
275.127000000000203
296.746000000000222
297.818000000000223
337.693000000000258
338.439000000000259
369.223000000000286
370.457000000000287
400.637000000000314
410.144000000000323
410.681000000000323
427.588000000000338
428.066000000000339
464.489000000000371
468.773000000000375
469.314000000000375
496.7450000000004
500.785000000000403
609.266000000000499
614.023000000000504
615.121000000000505
616.428000000000506
638.802000000000526
643.70700000000053
661.158000000000546
662.794000000000547
663.430000000000548
684.930000000000567
691.143000000000572
721.471000000000599
725.084000000000602
746.525000000000621
758.114000000000632
799.027000000000668
801.84300000000067
814.733000000000682
816.315000000000683
847.404000000000711
849.628000000000713
869.11700000000073
869.531000000000731
874.900000000000735
891.97900000000075
892.906000000000751
913.56400000000077
919.723000000000775
920.435000000000776
945.774000000000798
953.986000000000806
954.655000000000806
966.202000000000816
967.035000000000817
981.96100000000083
986.655000000000835
997.841000000000845
1003.42200000000085
1028.46400000000087
1035.01500000000088
1056.6010000000009
1065.2670000000009
1066.13100000000091
1124.77400000000096
1131.20600000000096
1135.24600000000097
1157.08500000000099
1157.78500000000099
1184.10500000000101
1189.38900000000101
41
-1
63.3990000000000147
76.9170000000000267
91.3080000000000394
103.7510000000000505
117.9430000000000631
129.223000000000073
138.958000000000082
158.546000000000099
179.962000000000118
192.594000000000129
206.730000000000142
248.222000000000179
274.510000000000202
297.818000000000223
338.439000000000259
370.457000000000287
410.144000000000323
428.066000000000339
468.773000000000375
500.785000000000403
614.023000000000504
643.70700000000053
662.794000000000547
691.143000000000572
725.084000000000602
758.114000000000632
801.84300000000067
816.315000000000683
849.628000000000713
869.531000000000731
891.97900000000075
919.723000000000775
953.986000000000806
967.035000000000817
986.655000000000835
1003.42200000000085
1035.01500000000088
1065.2670000000009
1131.20600000000096
1157.78500000000099
1189.38900000000101
2
0
5000
0
0
0
0
2700
99
0
0
0
0
0
0
2700.79599999992988
0
0
0
0
0
0
