3
24
19
3
24
19
PPR2.16
FR5_day5
0
2
10
48
22
11
33
58
24
2
.3
1
213
1
40
1
1
1
1
1
1
1
1
1
1
1
1
1
1
1
1
1
1
1
1
1
1
212
-1
40.5569999999999944
42.1139999999999958
42.2529999999999959
42.5249999999999961
42.7979999999999964
43.0599999999999966
48.8960000000000018
49.5020000000000023
51.0470000000000037
51.2930000000000039
51.7460000000000043
57.5020000000000094
57.7510000000000096
58.2310000000000101
58.7800000000000106
60.6900000000000123
67.6930000000000185
68.4540000000000192
68.8980000000000196
69.5220000000000201
70.1950000000000207
78.6490000000000282
79.1580000000000287
79.9620000000000294
80.5230000000000299
80.9880000000000303
81.5100000000000307
85.4920000000000343
85.9100000000000346
86.1580000000000349
86.7410000000000354
86.9260000000000356
87.7510000000000363
90.843000000000039
91.3310000000000395
92.0140000000000401
97.2680000000000447
97.8180000000000452
98.0880000000000455
98.9030000000000462
99.5440000000000468
104.6730000000000513
105.0870000000000517
105.5050000000000521
105.7690000000000523
106.1110000000000526
106.8290000000000532
112.0840000000000579
112.5890000000000584
113.2040000000000589
113.8640000000000595
114.0530000000000597
114.3500000000000599
133.797000000000077
134.818000000000078
135.135000000000078
135.903000000000079
136.339000000000079
142.048000000000085
142.723000000000085
143.256000000000086
144.543000000000087
145.432000000000088
153.161000000000094
153.653000000000095
153.960000000000095
154.523000000000096
154.787000000000096
160.204000000000101
160.871000000000101
161.813000000000102
162.241000000000102
162.460000000000103
170.25700000000011
170.60400000000011
171.347000000000111
171.897000000000111
173.516000000000112
174.036000000000113
174.876000000000114
194.773000000000131
195.672000000000132
196.401000000000133
196.975000000000133
197.228000000000134
204.79700000000014
205.05300000000014
205.380000000000141
206.220000000000142
207.061000000000142
214.915000000000149
215.28400000000015
216.26000000000015
218.298000000000152
218.890000000000153
228.405000000000161
228.880000000000162
230.374000000000163
230.700000000000163
230.960000000000164
231.420000000000164
237.267000000000169
237.83100000000017
239.368000000000171
240.782000000000172
245.658000000000177
246.010000000000177
251.538000000000182
251.999000000000182
252.306000000000182
253.770000000000184
254.540000000000184
264.623000000000193
265.316000000000194
266.122000000000195
266.876000000000195
267.224000000000196
267.726000000000196
298.531000000000223
298.826000000000224
299.731000000000225
299.982000000000225
301.241000000000226
313.874000000000237
333.409000000000254
334.419000000000255
334.700000000000256
336.673000000000257
337.385000000000258
342.340000000000262
343.731000000000264
344.130000000000264
344.803000000000265
345.577000000000265
355.294000000000274
357.790000000000276
360.799000000000279
361.366000000000279
362.46600000000028
427.947000000000338
431.429000000000342
432.063000000000342
433.878000000000344
434.779000000000344
440.013000000000349
444.121000000000353
528.662000000000428
528.957000000000428
530.299000000000429
530.76400000000043
538.530000000000437
538.945000000000437
539.203000000000437
539.518000000000438
540.266000000000438
549.568000000000446
549.852000000000447
550.832000000000448
551.138000000000448
551.726000000000448
558.423000000000454
559.504000000000455
561.847000000000457
562.509000000000458
563.576000000000459
570.320000000000465
571.442000000000466
572.311000000000467
573.376000000000468
574.086000000000468
580.843000000000474
581.749000000000475
582.129000000000475
582.595000000000476
583.054000000000476
583.598000000000477
591.626000000000484
592.552000000000485
593.400000000000485
593.959000000000486
594.415000000000486
610.3140000000005
611.026000000000501
611.790000000000502
612.100000000000502
613.596000000000503
625.663000000000514
626.156000000000514
627.068000000000515
627.334000000000516
627.746000000000516
657.563000000000542
658.022000000000543
658.307000000000543
658.900000000000544
660.091000000000545
669.602000000000553
670.910000000000554
671.685000000000555
672.766000000000556
673.144000000000556
673.883000000000557
679.703000000000562
681.147000000000563
682.059000000000564
682.523000000000564
683.777000000000566
695.758000000000576
696.082000000000577
696.386000000000577
697.306000000000578
697.628000000000578
39
-1
42.7979999999999964
51.7460000000000043
60.6900000000000123
70.1950000000000207
80.9880000000000303
91.3310000000000395
99.5440000000000468
106.8290000000000532
114.0530000000000597
136.339000000000079
145.432000000000088
154.787000000000096
162.460000000000103
173.516000000000112
197.228000000000134
207.061000000000142
218.890000000000153
230.960000000000164
245.658000000000177
254.540000000000184
267.224000000000196
301.241000000000226
336.673000000000257
345.577000000000265
362.46600000000028
434.779000000000344
530.299000000000429
540.266000000000438
551.726000000000448
563.576000000000459
574.086000000000468
583.054000000000476
594.415000000000486
613.596000000000503
627.746000000000516
660.091000000000545
673.144000000000556
683.777000000000566
697.628000000000578
5
0
5000
0
0
0
0
2700
99
0
0
0
0
0
0
2700.79599999992988
0
0
0
0
0
0
