3
13
19
3
13
19
PPR2.12
FR1_day5
0
4
10
02
10
10
47
51
24
2
.3
1
57
1
53
1
1
1
1
1
1
1
1
1
1
1
1
1
1
1
1
1
1
1
1
1
1
56
-1
49.6780000000000025
49.7680000000000026
58.7110000000000105
106.8790000000000533
118.5460000000000636
131.413000000000075
198.895000000000135
204.85100000000014
210.495000000000145
219.939000000000154
340.875000000000261
465.151000000000371
478.185000000000383
492.064000000000395
501.747000000000404
514.583000000000415
526.283000000000426
534.730000000000433
543.130000000000441
556.444000000000453
564.64200000000046
571.329000000000466
581.013000000000474
591.964000000000484
600.127000000000491
608.661000000000499
617.162000000000506
630.626000000000518
638.449000000000525
650.104000000000536
664.249000000000548
690.940000000000572
704.036000000000584
721.731000000000599
800.88500000000067
805.951000000000674
885.701000000000745
886.278000000000746
906.623000000000764
928.980000000000783
938.625000000000792
950.813000000000803
968.398000000000818
975.058000000000824
984.042000000000832
984.790000000000833
989.794000000000837
1000.244000000000847
1011.274000000000856
1020.326000000000865
1033.85700000000088
1045.99400000000089
1052.23800000000089
1059.5840000000009
1071.90300000000091
1256.32100000000107
52
-1
49.6780000000000025
58.7110000000000105
106.8790000000000533
118.5460000000000636
131.413000000000075
198.895000000000135
204.85100000000014
210.495000000000145
219.939000000000154
340.875000000000261
465.151000000000371
478.185000000000383
492.064000000000395
501.747000000000404
514.583000000000415
526.283000000000426
534.730000000000433
543.130000000000441
556.444000000000453
564.64200000000046
571.329000000000466
581.013000000000474
591.964000000000484
600.127000000000491
608.661000000000499
617.162000000000506
630.626000000000518
638.449000000000525
650.104000000000536
664.249000000000548
690.940000000000572
704.036000000000584
721.731000000000599
800.88500000000067
885.701000000000745
906.623000000000764
928.980000000000783
938.625000000000792
950.813000000000803
968.398000000000818
975.058000000000824
984.042000000000832
989.794000000000837
1000.244000000000847
1011.274000000000856
1020.326000000000865
1033.85700000000088
1045.99400000000089
1052.23800000000089
1059.5840000000009
1071.90300000000091
1256.32100000000107
1
0
5000
0
0
0
0
2700
99
0
0
0
0
0
0
2700.79699999992988
0
0
0
0
0
0
