3
15
19
3
15
19
PPR2.13
FR2_day 2
0
3
11
40
08
12
27
42
24
2
.3
1
222
1
80
1
1
1
1
1
1
1
1
1
1
1
1
1
1
1
1
1
1
1
1
1
1
221
-1
20.9869999999999961
24.2709999999999933
26.999999999999991
29.5329999999999889
31.676999999999987
31.9379999999999868
34.8749999999999893
41.1169999999999949
41.6019999999999953
44.579999999999998
45.8909999999999991
46.8029999999999999
62.0740000000000135
62.7890000000000141
66.8000000000000177
68.8240000000000195
80.63100000000003
84.025000000000033
84.8400000000000337
87.7180000000000363
88.1850000000000367
109.2800000000000554
111.8240000000000577
115.4880000000000609
116.7840000000000621
119.0440000000000641
119.2950000000000643
124.0910000000000686
126.6390000000000708
160.739000000000101
164.799000000000105
168.189000000000108
168.324000000000108
168.594000000000108
173.967000000000113
175.391000000000114
175.549000000000114
178.604000000000117
179.288000000000118
232.754000000000165
233.673000000000166
238.10400000000017
239.161000000000171
240.088000000000172
247.588000000000178
248.383000000000179
264.782000000000194
266.009000000000195
271.7030000000002
273.362000000000201
278.653000000000206
279.749000000000207
281.730000000000209
282.554000000000209
284.541000000000211
285.299000000000212
287.520000000000214
300.731000000000225
301.887000000000226
306.25900000000023
307.696000000000232
308.811000000000233
312.486000000000236
313.014000000000236
314.308000000000238
330.921000000000252
331.256000000000253
337.551000000000258
337.945000000000258
342.132000000000262
342.861000000000263
343.295000000000263
344.704000000000264
348.948000000000268
349.832000000000269
351.551000000000271
351.945000000000271
357.125000000000276
357.984000000000276
359.723000000000278
359.936000000000278
364.830000000000282
366.148000000000284
366.758000000000284
373.94700000000029
473.240000000000379
481.058000000000386
483.565000000000388
483.850000000000388
494.587000000000398
495.634000000000399
508.94700000000041
510.450000000000412
516.435000000000417
517.028000000000418
523.956000000000424
526.641000000000426
530.242000000000429
530.73900000000043
531.06300000000043
534.147000000000433
534.348000000000433
538.873000000000437
539.368000000000437
539.722000000000438
540.087000000000438
545.676000000000443
546.123000000000443
554.862000000000451
555.546000000000452
560.090000000000456
560.990000000000457
561.507000000000457
566.486000000000461
567.234000000000462
568.832000000000464
574.845000000000469
575.170000000000469
585.705000000000479
586.283000000000479
591.972000000000484
592.395000000000484
603.023000000000494
603.490000000000494
611.231000000000501
611.739000000000502
619.569000000000509
620.241000000000509
630.525000000000518
630.750000000000519
636.065000000000523
636.525000000000524
645.087000000000531
720.495000000000598
720.783000000000598
735.828000000000612
736.688000000000613
747.981000000000623
749.247000000000624
755.398000000000629
756.05400000000063
763.045000000000636
819.598000000000686
827.931000000000694
828.311000000000694
835.0930000000007
878.112000000000738
933.015000000000787
933.218000000000787
940.697000000000794
940.980000000000794
949.455000000000802
949.894000000000802
956.622000000000808
957.022000000000808
963.304000000000814
963.756000000000814
971.972000000000822
972.297000000000822
981.99400000000083
982.610000000000831
991.807000000000839
992.30900000000084
1002.830000000000849
1003.31500000000085
1014.525000000000859
1014.99800000000086
1024.45000000000087
1027.53000000000087
1040.68000000000088
1041.53900000000088
1056.9860000000009
1058.7380000000009
1071.16000000000091
1071.57500000000091
1085.10800000000092
1089.55600000000093
1099.30800000000093
1100.29300000000094
1322.02600000000113
1322.90800000000113
1324.98600000000114
1325.91400000000114
1328.30400000000114
1335.48300000000114
1335.76500000000114
1381.06400000000118
1382.30600000000119
1383.43600000000119
1386.35000000000119
1386.54900000000119
1386.90800000000119
1392.4280000000012
1393.0890000000012
1393.8270000000012
1394.2110000000012
1394.6130000000012
1398.5070000000012
1400.5760000000012
1402.7680000000012
1402.9350000000012
1408.42900000000121
1408.65900000000121
1450.81700000000125
1513.4190000000013
1517.56000000000131
1583.02100000000136
1583.30200000000136
1585.96600000000137
1587.59700000000137
1588.57900000000137
1589.33300000000137
1589.62800000000137
1589.85800000000137
1592.20800000000137
1592.57500000000137
1592.90700000000137
1594.37100000000137
1595.45600000000138
1597.03400000000138
1599.31700000000138
79
-1
24.2709999999999933
31.676999999999987
41.6019999999999953
62.7890000000000141
80.63100000000003
88.1850000000000367
111.8240000000000577
119.2950000000000643
160.739000000000101
168.324000000000108
175.391000000000114
233.673000000000166
240.088000000000172
248.383000000000179
266.009000000000195
273.362000000000201
279.749000000000207
287.520000000000214
301.887000000000226
308.811000000000233
330.921000000000252
337.945000000000258
344.704000000000264
351.945000000000271
359.723000000000278
366.758000000000284
473.240000000000379
483.565000000000388
495.634000000000399
510.450000000000412
517.028000000000418
526.641000000000426
534.348000000000433
540.087000000000438
546.123000000000443
555.546000000000452
561.507000000000457
568.832000000000464
575.170000000000469
586.283000000000479
592.395000000000484
603.490000000000494
611.739000000000502
620.241000000000509
630.750000000000519
636.525000000000524
720.495000000000598
736.688000000000613
749.247000000000624
756.05400000000063
819.598000000000686
828.311000000000694
878.112000000000738
933.218000000000787
940.980000000000794
949.894000000000802
957.022000000000808
963.756000000000814
972.297000000000822
982.610000000000831
992.30900000000084
1003.31500000000085
1014.99800000000086
1027.53000000000087
1041.53900000000088
1058.7380000000009
1071.57500000000091
1089.55600000000093
1100.29300000000094
1322.90800000000113
1335.48300000000114
1382.30600000000119
1393.0890000000012
1400.5760000000012
1408.65900000000121
1513.4190000000013
1583.30200000000136
1589.33300000000137
1597.03400000000138
2
0
5000
0
0
0
0
2700
99
0
0
0
0
0
0
2700.79599999992988
0
0
0
0
0
0
