12
17
19
12
17
19
cPPR1.16
PR3_day2.6
0
2
13
47
21
14
54
17
23
3
.3
1
521
1
19
1
1
1
1
1
1
1
1
1
1
1
1
1
1
1
1
1
1
1
1
1
184
520
-1
21.126999999999996
21.4349999999999957
33.380999999999988
103.17800000000005
103.8300000000000506
104.371000000000051
104.6300000000000513
147.525000000000089
148.33300000000009
148.809000000000091
149.500000000000091
150.053000000000092
150.716000000000092
152.732000000000094
202.550000000000138
202.806000000000138
203.209000000000139
203.96600000000014
205.03400000000014
205.477000000000141
205.991000000000141
208.063000000000143
208.439000000000143
208.666000000000144
209.025000000000144
212.426000000000147
213.113000000000148
213.692000000000148
214.287000000000149
215.24000000000015
244.951000000000176
352.415000000000271
353.408000000000272
353.817000000000273
356.813000000000275
357.485000000000276
357.982000000000276
359.548000000000278
366.882000000000284
367.117000000000284
367.522000000000285
367.831000000000285
407.11000000000032
408.212000000000321
408.509000000000321
409.845000000000322
410.201000000000323
410.880000000000323
411.690000000000324
412.847000000000325
413.315000000000325
413.520000000000326
414.203000000000326
416.327000000000328
418.03000000000033
418.45900000000033
419.191000000000331
419.681000000000331
424.966000000000336
425.632000000000336
426.694000000000337
428.036000000000338
428.808000000000339
429.110000000000339
429.49200000000034
429.94100000000034
431.136000000000341
431.706000000000342
432.348000000000342
432.526000000000342
433.177000000000343
434.229000000000344
434.594000000000344
434.946000000000345
435.350000000000345
435.494000000000345
436.158000000000346
436.972000000000346
441.33200000000035
442.047000000000351
442.339000000000351
442.489000000000351
442.589000000000351
443.023000000000352
443.426000000000352
444.321000000000353
444.680000000000353
445.099000000000354
445.609000000000354
445.990000000000354
446.607000000000355
447.611000000000356
448.292000000000357
448.809000000000357
449.155000000000357
450.373000000000358
450.746000000000359
451.140000000000359
451.626000000000359
452.16000000000036
486.55500000000039
492.485000000000396
492.902000000000396
495.213000000000398
496.200000000000399
561.897000000000457
563.211000000000459
569.616000000000464
571.119000000000466
571.545000000000466
571.920000000000466
572.416000000000467
574.856000000000469
575.311000000000469
577.819000000000472
579.046000000000473
579.239000000000473
579.535000000000473
580.174000000000474
580.815000000000474
581.133000000000474
582.533000000000476
583.006000000000476
583.568000000000477
584.039000000000477
592.169000000000484
598.13400000000049
600.158000000000491
653.566000000000539
660.195000000000545
661.058000000000545
661.623000000000546
662.292000000000547
662.957000000000547
663.216000000000547
663.802000000000548
664.496000000000548
664.817000000000549
665.121000000000549
665.74400000000055
666.02700000000055
666.69300000000055
667.404000000000551
667.930000000000552
668.347000000000552
669.085000000000553
669.358000000000553
670.310000000000554
670.564000000000554
670.968000000000554
676.832000000000559
678.194000000000561
678.485000000000561
679.568000000000562
680.987000000000563
699.023000000000579
700.872000000000581
710.72900000000059
711.20000000000059
711.75800000000059
712.661000000000591
713.493000000000592
714.098000000000593
715.382000000000594
715.936000000000594
716.815000000000595
716.983000000000595
717.390000000000596
717.966000000000596
718.963000000000597
719.701000000000598
720.232000000000598
720.840000000000599
721.348000000000599
721.863000000000599
723.0200000000006
725.121000000000602
726.056000000000603
726.772000000000604
727.427000000000604
728.302000000000605
729.548000000000606
730.242000000000607
731.501000000000608
731.792000000000608
732.391000000000609
746.772000000000622
747.633000000000622
747.973000000000623
748.740000000000623
750.240000000000625
750.559000000000625
751.993000000000626
752.625000000000627
753.100000000000627
753.738000000000628
754.574000000000628
754.915000000000629
755.508000000000629
756.35900000000063
757.269000000000631
757.886000000000631
758.760000000000632
759.500000000000633
759.956000000000633
760.836000000000634
761.546000000000635
762.525000000000636
763.994000000000637
765.690000000000638
766.500000000000639
766.790000000000639
767.45800000000064
768.231000000000641
768.629000000000641
771.788000000000644
772.818000000000645
773.117000000000645
773.515000000000645
773.900000000000646
774.937000000000647
788.038000000000658
789.254000000000659
789.93600000000066
908.383000000000765
909.233000000000766
909.852000000000766
912.404000000000769
912.772000000000769
915.677000000000772
915.885000000000772
917.661000000000773
922.466000000000778
923.391000000000778
924.169000000000779
924.60900000000078
925.05700000000078
926.292000000000781
926.710000000000781
927.063000000000782
927.511000000000782
928.174000000000783
930.904000000000785
931.989000000000786
932.380000000000786
933.473000000000787
936.85800000000079
937.191000000000791
937.794000000000791
938.267000000000792
938.850000000000792
939.385000000000793
940.939000000000794
941.538000000000795
941.940000000000795
942.577000000000795
946.446000000000799
947.9340000000008
993.341000000000841
998.055000000000845
999.986000000000846
1000.869000000000847
1001.681000000000848
1002.654000000000849
1003.50500000000085
1004.53100000000085
1005.524000000000851
1006.585000000000852
1007.328000000000853
1008.018000000000854
1009.214000000000855
1010.155000000000856
1010.565000000000856
1013.286000000000858
1014.462000000000859
1015.36800000000086
1019.178000000000864
1020.677000000000865
1021.701000000000866
1022.147000000000866
1022.759000000000867
1023.562000000000867
1024.17900000000087
1027.96900000000087
1028.52300000000087
1074.11900000000091
1081.49800000000092
1083.13900000000092
1083.85300000000092
1087.34500000000092
1088.20400000000092
1099.12800000000093
1101.59400000000094
1101.96200000000094
1103.24600000000094
1104.29700000000094
1105.21700000000094
1108.60300000000094
1108.82200000000094
1108.94200000000094
1224.56200000000105
1231.80500000000105
1274.94300000000109
1280.2500000000011
1282.8760000000011
1285.1970000000011
1286.7550000000011
1289.5420000000011
1292.00300000000111
1293.56200000000111
1293.68800000000111
1294.41500000000111
1296.77000000000111
1297.95500000000111
1298.89300000000111
1299.76100000000111
1301.91900000000111
1303.12100000000112
1303.88900000000112
1305.79000000000112
1306.54400000000112
1307.59400000000112
1309.58100000000112
1310.33600000000112
1310.78800000000112
1311.45400000000112
1313.88000000000113
1401.3530000000012
1426.36400000000123
1427.15500000000123
1428.69400000000123
1429.90600000000123
1430.96300000000123
1431.76300000000123
1433.83400000000123
1435.16000000000123
1436.90500000000123
1437.74300000000124
1438.67700000000124
1632.87000000000141
1634.55200000000141
1637.66800000000141
1639.44500000000141
1670.47600000000144
1708.17100000000148
1712.88500000000148
1715.03500000000148
1717.35300000000148
1720.22000000000149
1721.94500000000149
1722.98800000000149
1724.61200000000149
1726.73900000000149
1727.69800000000149
1728.56000000000149
1729.56700000000149
1731.8910000000015
1734.1340000000015
1735.6840000000015
1736.5390000000015
1737.1310000000015
1738.5400000000015
1740.2850000000015
1741.99100000000151
1742.87200000000151
1743.48400000000151
1744.75200000000151
1745.98100000000151
1746.76500000000151
1747.44800000000151
1749.50100000000151
1751.48500000000151
1752.25400000000151
1753.06700000000152
1754.59400000000152
1755.03500000000152
1759.25700000000152
1760.40900000000152
1760.99400000000152
1761.97400000000152
1762.67800000000152
1763.14700000000152
1763.83700000000152
1764.70500000000153
1766.14600000000153
1767.48900000000153
1767.94600000000153
1768.66000000000153
1769.62300000000153
1769.84000000000153
1834.42300000000159
1834.82300000000159
1836.92900000000159
1839.31300000000159
1839.86300000000159
1840.88600000000159
1841.84900000000159
1842.7010000000016
1844.5050000000016
1844.9700000000016
1845.6040000000016
1846.6140000000016
1847.3570000000016
1848.5480000000016
1849.8480000000016
1850.5970000000016
1851.4900000000016
1852.2890000000016
1854.28100000000161
1855.02000000000161
1856.30600000000161
1857.44500000000161
1858.22700000000161
1858.47500000000161
1859.62900000000161
1860.02300000000161
1860.59500000000161
1860.96300000000161
1861.47600000000161
1862.61200000000161
1864.40900000000161
1866.34400000000162
1866.82600000000162
1867.31600000000162
1867.91700000000162
1868.77500000000162
1870.85800000000162
1871.98900000000162
1872.56000000000162
1873.08100000000162
1873.53400000000162
1873.96400000000162
1874.56400000000162
1877.84100000000163
1878.34700000000163
1878.82900000000163
1879.63600000000163
1880.17000000000163
1882.29500000000163
1882.59600000000163
2032.85700000000176
2034.32100000000176
2037.58500000000177
2041.07200000000177
2042.06700000000177
2045.92500000000178
2047.32400000000178
2049.52400000000161
2051.98400000000134
2055.61400000000094
2056.46300000000085
2059.19000000000054
2061.88400000000025
2063.56300000000006
2067.02799999999968
2067.68899999999961
2072.2789999999991
2073.41199999999898
2074.35599999999887
2075.81399999999871
2076.35799999999865
2077.36399999999854
2078.21299999999845
2079.09899999999835
2080.21899999999823
2080.94999999999815
2081.29499999999811
2082.64599999999796
2083.2309999999979
2084.1089999999978
2084.42199999999777
2085.0089999999977
2085.39899999999766
2085.77199999999762
2088.47599999999732
2089.51299999999721
2090.29399999999712
2090.88199999999705
2091.43599999999699
2092.83299999999684
2094.1129999999967
2094.46199999999666
2095.48799999999655
2096.30399999999646
2096.87799999999639
2097.47799999999633
2098.21499999999625
2099.31699999999613
2100.14599999999603
2100.82399999999596
2101.46699999999589
2102.87199999999573
2103.25999999999569
2103.32599999999568
2132.02899999999252
2134.71099999999223
2164.75599999998892
2165.14999999998888
2166.7839999999887
2223.83999999998241
2224.57699999998233
2225.31599999998225
2227.528999999982
2229.3999999999818
2230.62099999998166
2232.1059999999815
2242.25299999998038
2243.09599999998029
2244.04899999998019
2244.48199999998014
2245.38199999998004
2246.46299999997992
2247.98399999997975
2248.70499999997967
2252.28299999997928
2252.69899999997923
2253.20299999997918
2254.51899999997903
2255.01999999997898
2255.51099999997892
18
-1
21.127999999999996
104.3720000000000511
152.733000000000094
208.667000000000144
367.523000000000285
419.682000000000331
436.159000000000346
452.16100000000036
584.040000000000477
678.486000000000561
732.392000000000609
773.901000000000646
947.9350000000008
1108.60400000000094
1639.44600000000141
1769.62400000000153
1882.29600000000163
2102.87299999999573
0
0
5000
0
0
0
0
7200
0
0
0
0
0
19
0
3902.97399999979748
1800.00000000000156
1800
0
55
0
1
4
7
10
13
16
19
22
25
28
31
34
37
40
43
46
49
52
55
58
61
64
67
70
73
76
79
82
85
88
91
94
97
100
103
106
109
112
115
118
121
124
127
130
133
136
139
142
145
148
151
154
157
160
163
166
169
172
175
178
181
184
187
190
193
196
199
202
205
208
211
214
217
220
223
226
229
232
235
238
241
244
247
250
253
256
259
262
265
268
271
274
277
280
283
286
289
292
295
298
301
304
307
310
313
316
319
322
325
328
331
334
337
340
343
346
349
352
355
358
361
364
367
370
373
376
379
382
385
388
391
394
397
400
403
406
409
412
415
418
421
424
427
430
433
436
439
442
445
448
451
454
457
460
463
466
469
472
475
478
481
484
487
490
493
496
499
502
505
508
511
514
517
520
523
526
529
532
535
538
541
544
547
550
