11
26
19
11
26
19
cPPR1.11
PR3_day2
0
1
9
31
07
10
32
28
23
3
.3
1
339
1
15
1
1
1
1
1
1
1
1
1
1
1
1
1
1
1
1
1
1
1
1
1
184
338
-1
1.32900000000000001
1.49600000000000002
1.69400000000000002
4.10000000000000007
4.25800000000000008
4.66000000000000008
7.54200000000000014
7.69400000000000015
7.90300000000000015
25.2349999999999925
25.3999999999999924
29.7709999999999887
30.7039999999999879
31.0669999999999876
69.2550000000000199
69.7840000000000203
71.8820000000000222
73.0570000000000232
74.0700000000000241
78.0970000000000277
93.5080000000000414
93.6820000000000416
94.165000000000042
94.7090000000000425
94.9600000000000427
95.262000000000043
95.6420000000000433
97.9480000000000454
98.1240000000000455
98.4130000000000458
102.8390000000000497
103.0380000000000499
103.9440000000000507
104.2160000000000509
104.5280000000000512
104.8070000000000514
105.0440000000000517
105.6610000000000522
105.9570000000000525
106.3020000000000528
106.8270000000000532
122.6390000000000673
122.9160000000000675
123.1080000000000677
123.8700000000000684
124.2630000000000687
129.961000000000074
134.947000000000078
136.156000000000079
138.295000000000081
139.023000000000082
140.269000000000083
141.944000000000084
142.015000000000084
142.769000000000085
144.253000000000086
144.782000000000087
149.577000000000091
150.505000000000092
165.683000000000106
165.774000000000106
166.636000000000106
168.478000000000108
173.519000000000112
174.247000000000113
174.689000000000114
176.438000000000115
176.816000000000115
177.489000000000116
177.680000000000116
177.997000000000116
217.416000000000151
217.581000000000152
217.909000000000152
218.781000000000153
219.665000000000153
219.875000000000154
220.107000000000154
220.331000000000154
221.215000000000155
221.386000000000155
221.572000000000155
224.808000000000158
225.333000000000158
225.531000000000159
225.762000000000159
231.609000000000164
231.901000000000164
232.477000000000165
256.315000000000186
256.434000000000186
256.817000000000186
257.710000000000187
258.803000000000188
259.864000000000189
260.032000000000189
260.173000000000189
260.33900000000019
262.558000000000192
262.663000000000192
263.694000000000193
263.965000000000193
265.294000000000194
265.535000000000194
267.494000000000196
268.269000000000197
268.468000000000197
268.602000000000197
278.115000000000205
278.579000000000206
280.220000000000207
280.969000000000208
281.747000000000209
283.36800000000021
284.308000000000211
284.925000000000211
285.310000000000212
286.155000000000212
292.520000000000218
294.54900000000022
294.89800000000022
305.73600000000023
361.73800000000028
364.738000000000282
380.991000000000297
381.509000000000297
381.619000000000297
383.599000000000299
400.688000000000314
402.692000000000316
403.418000000000317
404.675000000000318
405.856000000000319
413.948000000000326
418.17400000000033
419.550000000000331
422.658000000000334
422.938000000000334
423.177000000000334
423.689000000000335
425.181000000000336
437.320000000000347
438.292000000000348
438.856000000000348
440.55000000000035
440.64400000000035
481.746000000000386
484.371000000000389
489.452000000000393
490.507000000000394
492.192000000000396
496.081000000000399
497.2750000000004
498.088000000000401
586.91100000000048
589.226000000000482
591.309000000000484
592.148000000000484
594.309000000000486
599.13500000000049
599.352000000000491
606.153000000000497
613.607000000000503
613.699000000000503
616.851000000000506
618.073000000000507
618.727000000000508
618.913000000000508
619.346000000000508
619.564000000000509
621.747000000000511
622.274000000000511
622.558000000000511
664.843000000000549
669.945000000000553
671.671000000000555
675.231000000000558
675.379000000000558
678.979000000000561
684.097000000000566
685.431000000000567
689.21700000000057
690.137000000000571
691.186000000000572
692.751000000000574
696.258000000000577
696.378000000000577
702.847000000000583
703.039000000000583
703.244000000000583
705.053000000000585
707.951000000000587
708.112000000000587
713.449000000000592
714.783000000000593
718.525000000000596
721.027000000000599
725.521000000000603
725.825000000000603
726.319000000000603
729.456000000000606
890.251000000000749
890.744000000000749
893.039000000000752
894.314000000000753
895.635000000000754
896.523000000000755
898.591000000000756
901.351000000000759
1012.885000000000858
1016.513000000000861
1025.10200000000087
1030.94700000000087
1034.72300000000088
1035.96000000000088
1045.98000000000089
1052.91100000000089
1057.3540000000009
1058.6870000000009
1059.9660000000009
1075.59900000000091
1081.01800000000092
1081.50900000000092
1082.80900000000092
1104.79200000000094
1106.75400000000094
1107.23400000000094
1112.48100000000095
1116.73100000000095
1118.67300000000095
1121.02400000000095
1123.12000000000096
1126.27100000000096
1131.46500000000096
1132.92900000000096
1135.29800000000097
1138.85500000000097
1139.28200000000097
1139.76400000000097
1141.20200000000097
1143.56500000000097
1146.96900000000098
1147.88800000000098
1220.53600000000104
1221.04600000000104
1223.30000000000104
1223.86900000000105
1224.45900000000105
1225.67000000000105
1228.99000000000105
1230.32200000000105
1231.53800000000105
1233.12300000000105
1234.57100000000105
1235.75700000000106
1237.63800000000106
1241.47100000000106
1245.55200000000106
1246.67000000000107
1250.82600000000107
1261.67700000000108
1262.82700000000108
1264.39200000000108
1265.44800000000108
1279.32000000000109
1281.5850000000011
1283.0720000000011
1284.9190000000011
1287.4520000000011
1298.25700000000111
1300.40800000000111
1383.70400000000119
1388.90100000000119
1390.74300000000119
1390.84100000000119
1391.21500000000119
1393.4650000000012
1394.8580000000012
1396.9480000000012
1397.4500000000012
1399.2450000000012
1399.3810000000012
1402.9950000000012
1404.77400000000121
1410.07600000000121
1416.36500000000122
1416.50000000000122
1418.73100000000122
1432.18500000000123
1434.54900000000123
1435.56700000000123
1437.88000000000124
1441.34300000000124
1443.07400000000124
1463.81300000000126
1464.57400000000126
1467.59300000000126
1468.69900000000126
1473.81800000000127
1475.61300000000127
1479.46700000000127
1489.45700000000128
1830.88800000000158
1834.95800000000159
1845.8610000000016
1848.3550000000016
1851.8870000000016
1856.34600000000161
1870.65200000000162
1871.90800000000162
1874.93000000000162
1923.73800000000167
1928.36700000000167
1930.22100000000167
1932.05700000000167
1935.47700000000168
2009.15500000000174
2009.50800000000174
2012.37800000000175
2018.58000000000175
2023.02800000000176
2026.98000000000176
2029.68500000000176
2038.61800000000177
2044.77100000000177
2062.04800000000023
2067.24299999999966
2074.1549999999989
2075.60999999999874
2076.8179999999986
2080.02299999999825
2108.12999999999515
2113.59099999999455
2125.34699999999326
2139.37299999999171
2195.88299999998549
2199.86699999998505
2203.77299999998462
14
-1
1.33000000000000001
25.2359999999999925
74.0710000000000241
98.4140000000000458
123.8710000000000684
166.637000000000106
221.573000000000155
268.603000000000197
405.857000000000319
599.353000000000491
707.952000000000587
1107.23500000000094
1265.44900000000108
1834.95900000000159
0
0
5000
0
0
0
0
7200
0
0
0
0
0
15
0
3635.05999999982699
1800.00000000000156
1800
0
43
0
1
4
7
10
13
16
19
22
25
28
31
34
37
40
43
46
49
52
55
58
61
64
67
70
73
76
79
82
85
88
91
94
97
100
103
106
109
112
115
118
121
124
127
130
133
136
139
142
145
148
151
154
157
160
163
166
169
172
175
178
181
184
187
190
193
196
199
202
205
208
211
214
217
220
223
226
229
232
235
238
241
244
247
250
253
256
259
262
265
268
271
274
277
280
283
286
289
292
295
298
301
304
307
310
313
316
319
322
325
328
331
334
337
340
343
346
349
352
355
358
361
364
367
370
373
376
379
382
385
388
391
394
397
400
403
406
409
412
415
418
421
424
427
430
433
436
439
442
445
448
451
454
457
460
463
466
469
472
475
478
481
484
487
490
493
496
499
502
505
508
511
514
517
520
523
526
529
532
535
538
541
544
547
550
