11
21
19
11
21
19
cPPR1.14
FR5_day4
0
4
11
14
31
12
02
54
24
2
.3
1
170
1
32
1
1
1
1
1
1
1
1
1
1
1
1
1
1
1
1
1
1
1
1
1
1
169
-1
667.785000000000551
677.08200000000056
705.597000000000585
711.45700000000059
1100.02400000000094
1135.01000000000097
1147.63800000000098
1149.86400000000098
1150.76600000000098
1173.546000000001
1271.97300000000109
1274.26600000000109
1275.86800000000109
1276.71200000000109
1279.74400000000109
1337.21400000000115
1339.07400000000115
1340.18600000000115
1344.22600000000115
1344.57200000000115
1366.77500000000117
1370.34700000000118
1375.67200000000118
1378.97700000000118
1383.15600000000119
1396.7330000000012
1398.7680000000012
1400.4160000000012
1407.43200000000121
1408.42200000000121
1418.83600000000122
1420.66900000000122
1421.31900000000122
1425.49100000000122
1426.01900000000122
1444.60500000000124
1448.97800000000125
1451.84100000000125
1452.08000000000125
1459.03500000000125
1474.66300000000127
1525.99800000000131
1528.25800000000132
1530.18800000000132
1535.80600000000132
1536.07000000000132
1538.39300000000132
1539.46600000000133
1541.22500000000133
1542.05000000000133
1544.57600000000133
1546.53600000000133
1548.45300000000133
1563.64400000000135
1566.97700000000135
1569.99600000000135
1570.52900000000135
1573.81400000000136
1629.16600000000141
1630.57200000000141
1630.81800000000141
1631.16100000000141
1631.53500000000141
1643.65200000000142
1646.49200000000142
1648.23200000000142
1648.64800000000142
1650.05100000000142
1665.65700000000144
1667.31000000000144
1670.39800000000144
1671.54000000000144
1674.07100000000145
1677.35100000000145
1678.13200000000145
1678.82800000000145
1689.94400000000146
1690.33200000000146
1691.23600000000146
1692.04700000000146
1692.72800000000146
1705.14800000000147
1705.44600000000147
1707.39100000000147
1709.47900000000148
1709.66200000000148
1733.9040000000015
1734.2310000000015
1735.7360000000015
1738.0950000000015
1738.5090000000015
1757.25000000000152
1767.04600000000153
1772.43000000000153
1772.68600000000153
1778.88200000000154
1797.11500000000155
1800.94400000000156
1802.78600000000156
1803.77900000000156
1804.00900000000156
1819.37700000000157
1820.62900000000158
1820.85200000000158
1821.66400000000158
1837.67200000000159
1839.20500000000159
1916.27400000000166
1916.53200000000166
1918.09900000000166
1919.90100000000166
1920.36600000000166
1920.56400000000166
1939.43900000000168
1940.01600000000168
1940.55700000000168
1941.38400000000168
1941.52200000000168
1960.5620000000017
1960.7650000000017
2001.17500000000174
2033.48900000000176
2033.57900000000176
2073.57399999999896
2074.04999999999891
2074.23499999999889
2089.50299999999721
2098.08099999999626
2098.25999999999624
2161.37099999998929
2162.88899999998912
2165.54599999998883
2165.69399999998882
2167.02599999998867
2183.9499999999868
2185.33299999998665
2185.52199999998663
2186.43299999998653
2189.98999999998614
2202.1619999999848
2204.67699999998452
2207.68799999998419
2209.81999999998396
2212.31599999998368
2228.62599999998188
2228.87199999998186
2229.90499999998174
2234.91199999998119
2235.24899999998115
2249.78299999997955
2251.78599999997933
2254.76599999997901
2255.17599999997896
2281.33599999997608
2299.11599999997412
2300.37699999997398
2369.54099999996636
2379.35599999996528
2381.77799999996502
2381.975999999965
2400.85199999996292
2402.29499999996276
2402.64899999996272
2402.8119999999627
2404.92899999996247
2625.09899999993822
2625.35399999993819
2672.14999999993304
2675.10499999993271
31
-1
1100.02400000000094
1173.546000000001
1279.74400000000109
1344.57200000000115
1383.15600000000119
1408.42200000000121
1426.01900000000122
1459.03500000000125
1535.80600000000132
1548.45300000000133
1573.81400000000136
1631.53500000000141
1650.05100000000142
1674.07100000000145
1692.72800000000146
1709.66200000000148
1738.5090000000015
1778.88200000000154
1804.00900000000156
1837.67200000000159
1920.36600000000166
1941.52200000000168
2033.57900000000176
2098.08099999999626
2167.02599999998867
2189.98999999998614
2212.31599999998368
2235.24899999998115
2281.33599999997608
2381.77799999996502
2404.92899999996247
5
0
5000
0
0
0
0
2700
99
0
0
0
0
0
0
2700.79599999992988
0
0
0
0
0
0
