11
12
19
11
12
19
cPPR1.13
FR2_day2
0
3
11
24
23
12
10
51
24
2
.3
1
293
1
96
1
1
1
1
1
1
1
1
1
1
1
1
1
1
1
1
1
1
1
1
1
1
292
-1
19.3349999999999975
19.5919999999999973
22.8909999999999945
23.8259999999999937
26.5279999999999914
29.0049999999999893
32.1689999999999869
36.3249999999999906
38.8209999999999928
54.4430000000000067
54.8680000000000071
55.4600000000000076
56.7800000000000088
57.3840000000000093
57.7750000000000097
59.3510000000000111
60.6830000000000122
60.9910000000000125
64.2090000000000154
65.2020000000000163
68.5060000000000192
76.5010000000000263
80.3590000000000297
100.8590000000000479
102.1620000000000491
104.8890000000000515
105.6530000000000522
105.9030000000000524
107.4120000000000538
109.2460000000000554
112.5560000000000583
115.606000000000061
116.3100000000000616
119.3480000000000644
119.7790000000000647
120.3300000000000652
125.1930000000000696
125.3470000000000697
138.976000000000082
139.532000000000082
141.716000000000084
143.343000000000086
143.639000000000086
144.699000000000087
145.129000000000087
146.202000000000088
148.76000000000009
149.300000000000091
151.964000000000093
153.071000000000094
155.940000000000097
156.905000000000098
159.7100000000001
160.369000000000101
164.330000000000104
164.603000000000105
166.247000000000106
166.560000000000106
169.416000000000109
171.968000000000111
172.487000000000112
175.018000000000114
176.894000000000115
177.165000000000116
177.369000000000116
181.55300000000012
181.82100000000012
182.25600000000012
185.469000000000123
187.195000000000125
191.026000000000128
191.463000000000128
194.508000000000131
195.855000000000132
196.152000000000133
199.021000000000135
202.329000000000138
204.83900000000014
206.047000000000141
206.667000000000142
207.346000000000143
207.663000000000143
209.370000000000144
213.672000000000148
214.520000000000149
220.477000000000154
223.118000000000157
223.286000000000157
225.113000000000158
237.323000000000169
239.095000000000171
242.131000000000173
243.038000000000174
243.399000000000175
256.301000000000186
256.813000000000186
257.238000000000187
259.585000000000189
259.865000000000189
260.54700000000019
261.08000000000019
261.666000000000191
263.317000000000192
263.538000000000192
267.024000000000196
268.432000000000197
272.2230000000002
274.618000000000202
278.863000000000206
279.931000000000207
280.854000000000208
286.083000000000212
287.569000000000214
290.692000000000217
290.888000000000217
291.437000000000217
292.179000000000218
292.463000000000218
293.018000000000219
293.365000000000219
298.121000000000223
302.772000000000227
305.206000000000229
309.208000000000233
310.207000000000234
311.932000000000235
313.463000000000237
317.50400000000024
318.364000000000241
318.555000000000241
319.751000000000242
321.260000000000244
338.201000000000259
338.698000000000259
342.611000000000263
344.622000000000264
351.529000000000271
355.139000000000274
355.709000000000274
356.168000000000275
364.579000000000282
366.213000000000284
366.419000000000284
368.541000000000286
368.906000000000286
369.184000000000286
369.730000000000287
371.593000000000288
372.138000000000289
375.334000000000292
376.040000000000292
378.727000000000295
382.051000000000298
385.675000000000301
386.603000000000302
389.081000000000304
389.391000000000304
393.744000000000308
396.39300000000031
397.715000000000312
401.367000000000315
402.074000000000315
402.309000000000316
402.952000000000316
403.209000000000316
407.938000000000321
410.617000000000323
410.945000000000323
416.775000000000328
417.90300000000033
418.16900000000033
424.432000000000335
425.230000000000336
434.797000000000344
436.437000000000346
444.007000000000353
444.726000000000353
452.965000000000361
453.340000000000361
459.853000000000367
460.905000000000368
467.685000000000374
469.120000000000375
476.702000000000382
477.129000000000382
480.960000000000386
484.239000000000388
484.817000000000389
492.327000000000396
492.911000000000396
503.609000000000406
505.300000000000407
513.973000000000415
514.698000000000415
524.989000000000425
526.096000000000426
531.38200000000043
532.094000000000431
537.373000000000436
538.710000000000437
549.669000000000447
551.339000000000448
558.357000000000454
559.133000000000455
572.419000000000467
573.104000000000467
577.052000000000471
578.341000000000472
581.361000000000475
624.729000000000513
624.951000000000513
633.291000000000521
633.725000000000521
648.672000000000534
648.997000000000535
662.997000000000547
665.402000000000549
670.149000000000554
670.849000000000554
679.113000000000562
682.337000000000564
685.876000000000568
687.912000000000569
695.489000000000576
696.108000000000577
704.688000000000584
705.308000000000585
712.240000000000591
712.824000000000591
719.514000000000597
720.502000000000598
733.20200000000061
733.64500000000061
808.181000000000676
813.304000000000681
817.240000000000684
841.066000000000705
841.278000000000706
842.815000000000707
843.694000000000708
844.496000000000708
845.678000000000709
845.92700000000071
973.822000000000823
974.341000000000824
1091.44000000000093
1094.34200000000093
1099.54500000000093
1319.57700000000113
1606.73900000000139
1624.6250000000014
1651.35300000000142
1656.42800000000143
1657.02900000000143
1662.07400000000143
1673.58700000000144
1676.70200000000145
1686.59500000000146
1687.47400000000146
1698.18400000000147
1699.73500000000147
1705.39900000000147
1706.67100000000147
1714.99300000000148
1716.04000000000148
1725.15700000000149
1725.80700000000149
1732.4840000000015
1733.7430000000015
1745.43800000000151
1745.88200000000151
1756.91700000000152
1757.97300000000152
1767.27200000000153
1768.12500000000153
1778.94700000000154
1780.16100000000154
1788.63000000000155
1789.06500000000155
1805.02800000000156
1810.88400000000157
1820.42900000000158
1821.93500000000158
1828.45800000000158
1829.24200000000158
1846.5960000000016
1847.6040000000016
1852.3300000000016
1853.9860000000016
2069.09499999999945
2087.7559999999974
2088.02699999999737
95
-1
19.5919999999999973
29.0049999999999893
38.8209999999999928
54.8680000000000071
60.9910000000000125
76.5010000000000263
102.1620000000000491
109.2460000000000554
116.3100000000000616
125.3470000000000697
139.532000000000082
146.202000000000088
153.071000000000094
160.369000000000101
166.560000000000106
172.487000000000112
181.82100000000012
191.026000000000128
202.329000000000138
209.370000000000144
223.118000000000157
239.095000000000171
256.813000000000186
263.538000000000192
274.618000000000202
280.854000000000208
287.569000000000214
293.365000000000219
305.206000000000229
313.463000000000237
321.260000000000244
338.698000000000259
351.529000000000271
366.213000000000284
372.138000000000289
382.051000000000298
389.391000000000304
397.715000000000312
403.209000000000316
410.945000000000323
417.90300000000033
425.230000000000336
436.437000000000346
444.726000000000353
453.340000000000361
460.905000000000368
469.120000000000375
477.129000000000382
484.817000000000389
492.911000000000396
505.300000000000407
514.698000000000415
526.096000000000426
532.094000000000431
538.710000000000437
551.339000000000448
559.133000000000455
573.104000000000467
581.361000000000475
624.951000000000513
633.725000000000521
648.997000000000535
665.402000000000549
679.113000000000562
687.912000000000569
696.108000000000577
705.308000000000585
712.824000000000591
720.502000000000598
733.64500000000061
813.304000000000681
841.278000000000706
974.341000000000824
1094.34200000000093
1606.73900000000139
1651.35300000000142
1662.07400000000143
1676.70200000000145
1687.47400000000146
1699.73500000000147
1706.67100000000147
1716.04000000000148
1725.80700000000149
1733.7430000000015
1745.88200000000151
1757.97300000000152
1768.12500000000153
1780.16100000000154
1789.06500000000155
1810.88400000000157
1821.93500000000158
1829.24200000000158
1847.6040000000016
2069.09499999999945
2088.02699999999737
2
0
5000
0
0
0
0
2700
99
0
0
0
0
0
0
2700.79599999992988
0
0
0
0
0
0
