11
18
19
11
18
19
cPPR1.11
FR5_day1
0
1
10
02
45
10
49
53
24
2
.3
1
564
1
83
1
1
1
1
1
1
1
1
1
1
1
1
1
1
1
1
1
1
1
1
1
1
563
-1
6.19400000000000012
6.30000000000000012
6.47800000000000012
6.67300000000000013
7.04600000000000013
11.40600000000000022
11.59100000000000023
13.38700000000000027
13.53100000000000027
13.73200000000000027
14.12800000000000028
14.29400000000000028
16.7179999999999997
16.8659999999999996
17.502999999999999
17.6499999999999989
18.0969999999999985
20.3939999999999966
21.5429999999999956
21.7339999999999955
22.3579999999999949
23.3439999999999941
23.474999999999994
27.0689999999999909
27.2559999999999908
28.3679999999999898
28.5479999999999897
28.8119999999999895
29.8899999999999886
32.8319999999999875
37.3599999999999915
38.0889999999999922
62.7520000000000141
65.4560000000000165
65.6550000000000167
71.4150000000000218
71.4750000000000218
90.2970000000000386
91.2210000000000394
91.3970000000000395
91.5960000000000397
92.8850000000000408
92.9850000000000409
98.3590000000000457
98.4710000000000458
98.6050000000000459
98.728000000000046
99.764000000000047
99.9450000000000471
106.7510000000000532
106.9020000000000533
107.2770000000000536
107.677000000000054
107.8860000000000542
112.166000000000058
112.5070000000000583
112.6830000000000584
113.2320000000000589
113.4230000000000591
113.6330000000000593
113.7870000000000594
114.43300000000006
121.260000000000066
121.4260000000000662
121.6000000000000664
121.9880000000000667
122.2420000000000669
132.906000000000076
133.705000000000077
133.888000000000077
135.061000000000078
135.657000000000079
142.518000000000085
142.645000000000085
142.950000000000085
143.154000000000086
143.357000000000086
147.160000000000089
147.300000000000089
147.462000000000089
148.45400000000009
151.351000000000093
153.657000000000095
153.874000000000095
154.067000000000095
154.240000000000095
154.398000000000095
157.281000000000098
160.728000000000101
160.820000000000101
160.967000000000101
161.289000000000102
161.474000000000102
161.637000000000102
164.907000000000105
165.073000000000105
165.603000000000105
165.849000000000106
166.028000000000106
167.435000000000107
168.146000000000108
168.632000000000108
169.068000000000109
169.421000000000109
175.560000000000114
193.31800000000013
193.49700000000013
193.70200000000013
193.77300000000013
200.114000000000136
201.187000000000137
201.950000000000138
202.142000000000138
203.302000000000139
203.699000000000139
207.766000000000143
208.055000000000143
208.764000000000144
208.884000000000144
210.116000000000145
210.352000000000145
211.745000000000146
214.702000000000149
214.882000000000149
215.061000000000149
215.50600000000015
215.68500000000015
215.87000000000015
216.05500000000015
216.422000000000151
218.358000000000152
222.200000000000156
222.460000000000156
222.795000000000156
223.276000000000157
223.646000000000157
242.490000000000174
242.633000000000174
243.195000000000174
245.838000000000177
246.007000000000177
250.815000000000181
250.968000000000181
251.500000000000182
251.938000000000182
252.494000000000183
253.572000000000184
253.733000000000184
264.559000000000193
264.701000000000193
264.848000000000194
265.211000000000194
265.369000000000194
267.966000000000196
268.113000000000196
268.294000000000197
268.657000000000197
270.494000000000199
270.567000000000199
270.728000000000199
270.897000000000199
271.6850000000002
271.8600000000002
273.193000000000201
299.276000000000224
299.490000000000224
299.774000000000225
300.115000000000225
300.482000000000225
300.639000000000225
304.216000000000229
304.367000000000229
304.563000000000229
304.787000000000229
304.953000000000229
305.117000000000229
305.32300000000023
306.579000000000231
311.966000000000235
312.117000000000236
312.824000000000236
313.014000000000236
343.646000000000264
343.806000000000264
345.451000000000265
345.619000000000265
345.993000000000266
346.132000000000266
367.398000000000285
367.559000000000285
368.197000000000285
368.302000000000285
368.875000000000286
369.040000000000286
374.218000000000291
374.441000000000291
374.621000000000291
375.060000000000291
375.409000000000292
375.725000000000292
378.186000000000294
378.398000000000294
378.605000000000295
378.872000000000295
379.012000000000295
379.606000000000296
379.788000000000296
380.507000000000296
381.086000000000297
381.266000000000297
381.674000000000297
382.144000000000298
382.626000000000298
382.783000000000298
390.812000000000305
391.117000000000306
391.305000000000306
391.554000000000306
392.106000000000307
394.418000000000309
394.639000000000309
394.849000000000309
395.091000000000309
395.74900000000031
395.96400000000031
396.22600000000031
397.391000000000311
398.498000000000312
399.467000000000313
399.669000000000313
399.864000000000314
400.055000000000314
407.63500000000032
407.73900000000032
408.888000000000322
409.143000000000322
411.479000000000324
431.721000000000342
431.897000000000342
432.522000000000342
432.649000000000343
432.824000000000343
433.001000000000343
436.087000000000346
436.219000000000346
436.382000000000346
436.930000000000346
437.327000000000347
437.486000000000347
438.703000000000348
439.633000000000349
439.839000000000349
440.312000000000349
440.52400000000035
443.209000000000352
443.355000000000352
443.534000000000352
443.991000000000353
444.207000000000353
444.352000000000353
444.416000000000353
445.399000000000354
445.582000000000354
446.660000000000355
446.860000000000355
447.336000000000356
448.087000000000356
450.049000000000358
454.523000000000362
454.776000000000362
454.971000000000362
455.848000000000363
458.881000000000366
460.031000000000367
460.668000000000368
461.867000000000369
464.682000000000371
465.379000000000372
466.255000000000372
470.807000000000376
472.252000000000378
475.01300000000038
476.381000000000381
477.508000000000382
482.067000000000386
482.204000000000387
482.941000000000387
483.388000000000388
491.368000000000395
491.469000000000395
491.717000000000395
494.458000000000398
494.547000000000398
494.737000000000398
495.858000000000399
496.244000000000399
496.413000000000399
497.5680000000004
497.971000000000401
500.431000000000403
500.940000000000403
501.578000000000404
501.791000000000404
506.546000000000408
506.689000000000408
506.878000000000409
507.043000000000409
507.530000000000409
508.65900000000041
508.96600000000041
514.499000000000415
515.642000000000416
516.284000000000417
517.206000000000418
518.100000000000418
524.583000000000424
524.718000000000424
524.796000000000424
525.817000000000425
526.786000000000426
526.977000000000426
530.96500000000043
531.52600000000043
531.706000000000431
531.969000000000431
532.250000000000431
532.485000000000431
537.867000000000436
538.281000000000436
538.731000000000437
546.939000000000444
547.691000000000445
548.162000000000445
549.740000000000447
550.889000000000448
556.769000000000453
556.984000000000453
557.678000000000454
557.959000000000454
558.690000000000455
558.795000000000455
562.096000000000458
562.306000000000458
565.01800000000046
565.849000000000461
568.656000000000463
572.479000000000467
572.681000000000467
575.494000000000469
582.148000000000475
582.812000000000476
583.723000000000477
585.153000000000478
588.896000000000481
589.068000000000482
592.788000000000485
592.941000000000485
593.059000000000485
593.617000000000486
593.831000000000486
594.463000000000486
594.678000000000486
595.373000000000487
596.314000000000488
596.425000000000488
621.45200000000051
621.949000000000511
622.522000000000511
623.114000000000512
624.063000000000513
633.619000000000521
633.811000000000521
634.395000000000522
634.819000000000522
635.163000000000522
638.569000000000526
638.771000000000526
638.864000000000526
639.858000000000527
640.047000000000527
640.522000000000527
640.877000000000528
641.879000000000528
643.38400000000053
644.15900000000053
644.329000000000531
647.489000000000533
648.032000000000534
648.272000000000534
652.047000000000537
652.151000000000538
652.232000000000538
653.123000000000538
653.319000000000539
656.270000000000541
656.735000000000542
657.578000000000542
658.951000000000544
659.950000000000544
661.855000000000546
662.481000000000547
662.813000000000547
667.187000000000551
667.298000000000551
667.431000000000551
668.050000000000552
668.279000000000552
669.674000000000553
670.073000000000553
670.342000000000554
675.918000000000559
677.09600000000056
677.37200000000056
678.05800000000056
679.746000000000562
864.644000000000726
864.835000000000726
865.411000000000727
866.147000000000728
866.723000000000728
866.830000000000728
870.307000000000731
870.456000000000731
870.657000000000732
870.861000000000732
871.106000000000732
871.998000000000733
873.098000000000734
873.646000000000734
873.893000000000734
875.332000000000736
916.780000000000773
917.878000000000774
918.960000000000774
920.574000000000776
921.168000000000776
930.719000000000785
930.869000000000785
932.217000000000786
932.354000000000786
933.257000000000787
933.505000000000787
937.558000000000791
939.059000000000792
939.760000000000793
941.111000000000794
943.131000000000796
946.077000000000799
952.628000000000804
952.826000000000805
956.062000000000807
956.790000000000808
957.709000000000809
963.557000000000814
965.631000000000816
969.428000000000819
971.039000000000821
973.632000000000823
1374.97300000000118
1376.10200000000118
1540.29700000000133
1542.03700000000133
1542.33500000000133
1546.30800000000133
1547.31500000000133
1547.61400000000133
1548.91700000000133
1550.48800000000134
1552.46700000000134
1552.71900000000134
1559.45400000000134
1559.85600000000134
1562.79000000000135
1562.95700000000135
1563.12200000000135
1569.32100000000135
1569.48200000000135
1571.86800000000135
1572.88900000000136
1573.36000000000136
1590.77200000000137
1591.51800000000137
1592.47900000000137
1593.41500000000137
1596.50500000000138
1604.45600000000138
1605.59100000000138
1606.29500000000138
1606.41500000000138
1607.99300000000139
1613.50400000000139
1614.12600000000139
1615.45700000000139
1616.33100000000139
1616.97400000000139
1622.8540000000014
1623.1960000000014
1623.3060000000014
1626.4810000000014
1626.7090000000014
1639.92800000000141
1641.48300000000142
1643.33700000000142
1643.95000000000142
1644.14300000000142
1649.35000000000142
1650.34900000000142
1651.68300000000143
1651.91000000000143
1652.73800000000143
1657.67700000000143
1657.78900000000143
1660.48000000000143
1660.81600000000143
1661.27400000000143
1661.46400000000143
1661.58000000000143
1673.49100000000144
1684.37000000000145
1685.69600000000146
1686.14700000000146
1686.38800000000146
1693.07500000000146
1694.21800000000146
1696.03000000000146
1697.84200000000147
1699.62100000000147
1706.18600000000147
1706.49200000000147
1706.63000000000147
1708.28700000000148
1712.30000000000148
1718.04700000000148
1718.48700000000148
1719.75400000000149
1720.52800000000149
1720.70100000000149
1731.1270000000015
1732.9000000000015
1735.1320000000015
1735.5860000000015
1736.5090000000015
1742.16000000000151
1742.81000000000151
1743.80200000000151
1744.12000000000151
1744.90700000000151
1752.96500000000152
1753.82300000000152
1756.11600000000152
1756.63700000000152
1756.81800000000152
1775.04400000000153
1777.41700000000154
1779.84200000000154
1780.23300000000154
1784.16400000000154
1789.53200000000155
1790.53200000000155
1790.67100000000155
1793.02400000000155
1795.11800000000155
1795.23100000000155
82
-1
7.04600000000000013
14.29400000000000028
23.3439999999999941
38.0889999999999922
71.4750000000000218
92.8850000000000408
99.764000000000047
107.8860000000000542
114.43300000000006
122.2420000000000669
135.657000000000079
143.357000000000086
154.240000000000095
161.474000000000102
169.421000000000109
193.77300000000013
203.302000000000139
211.745000000000146
223.276000000000157
246.007000000000177
253.733000000000184
265.369000000000194
273.193000000000201
300.482000000000225
313.014000000000236
345.993000000000266
368.875000000000286
375.409000000000292
382.626000000000298
392.106000000000307
399.864000000000314
411.479000000000324
432.824000000000343
440.52400000000035
450.049000000000358
461.867000000000369
477.508000000000382
491.717000000000395
501.578000000000404
508.96600000000041
518.100000000000418
526.786000000000426
538.731000000000437
550.889000000000448
558.690000000000455
572.681000000000467
588.896000000000481
596.425000000000488
624.063000000000513
635.163000000000522
644.15900000000053
653.319000000000539
662.813000000000547
670.342000000000554
679.746000000000562
866.723000000000728
875.332000000000736
921.168000000000776
933.257000000000787
946.077000000000799
957.709000000000809
973.632000000000823
1542.33500000000133
1552.71900000000134
1563.12200000000135
1573.36000000000136
1596.50500000000138
1607.99300000000139
1616.97400000000139
1626.7090000000014
1644.14300000000142
1652.73800000000143
1661.58000000000143
1686.38800000000146
1699.62100000000147
1712.30000000000148
1720.70100000000149
1736.5090000000015
1744.90700000000151
1756.81800000000152
1784.16400000000154
1795.11800000000155
5
0
5000
0
0
0
0
2700
99
0
0
0
0
0
0
2700.79599999992988
0
0
0
0
0
0
