12
18
19
12
18
19
cPPR1.15
PR3_day2.7
0
1
12
39
07
13
25
07
23
3
.3
1
736
1
23
1
1
1
1
1
1
1
1
1
1
1
1
1
1
1
1
1
1
1
1
1
184
735
-1
9.83100000000000019
17.7719999999999988
18.2899999999999984
18.8549999999999979
19.0239999999999978
19.2589999999999976
27.3899999999999907
27.7499999999999904
28.0859999999999901
28.3889999999999898
28.8889999999999894
29.5779999999999888
30.4569999999999881
30.588999999999988
37.931999999999992
38.2569999999999923
38.4479999999999925
38.6789999999999927
38.9049999999999929
39.1439999999999931
39.5789999999999935
39.8069999999999937
40.3999999999999942
40.6879999999999945
50.7210000000000034
50.9850000000000036
51.2370000000000039
51.7230000000000043
53.590000000000006
54.6860000000000069
55.0000000000000072
55.1480000000000073
55.3250000000000075
55.6250000000000078
57.1720000000000091
59.4530000000000112
59.5880000000000113
129.900000000000074
130.147000000000074
130.279000000000074
130.791000000000075
131.564000000000075
132.561000000000076
132.770000000000076
132.986000000000076
133.158000000000077
133.334000000000077
133.486000000000077
133.613000000000077
133.996000000000077
134.647000000000078
134.917000000000078
135.106000000000078
135.271000000000078
145.728000000000088
147.070000000000089
147.89200000000009
148.19900000000009
148.29700000000009
148.61200000000009
149.489000000000091
149.751000000000091
150.607000000000092
150.949000000000092
151.117000000000093
151.311000000000093
151.553000000000093
151.981000000000093
152.266000000000094
152.768000000000094
152.973000000000094
153.295000000000095
153.542000000000095
153.765000000000095
205.918000000000141
206.138000000000141
206.396000000000142
207.884000000000143
208.039000000000143
208.366000000000143
208.656000000000144
208.815000000000144
210.293000000000145
211.185000000000146
211.932000000000147
212.142000000000147
212.333000000000147
212.535000000000147
212.764000000000147
213.142000000000148
213.337000000000148
213.691000000000148
214.616000000000149
214.887000000000149
215.064000000000149
215.25900000000015
215.59200000000015
230.778000000000163
231.480000000000164
231.704000000000164
231.950000000000164
232.191000000000165
232.403000000000165
232.863000000000165
233.166000000000165
233.791000000000166
234.286000000000166
234.789000000000167
235.059000000000167
235.381000000000167
235.628000000000168
235.868000000000168
236.139000000000168
236.656000000000169
236.865000000000169
237.077000000000169
237.253000000000169
237.451000000000169
237.712000000000169
237.90500000000017
238.10700000000017
238.38300000000017
247.779000000000178
249.38600000000018
249.85500000000018
250.398000000000181
251.698000000000182
252.488000000000183
253.204000000000183
253.482000000000184
253.672000000000184
253.849000000000184
254.064000000000184
254.326000000000184
254.535000000000184
254.712000000000185
255.301000000000185
255.556000000000185
255.808000000000186
255.991000000000186
256.223000000000186
256.342000000000186
256.512000000000186
256.720000000000186
257.472000000000187
258.213000000000188
258.599000000000188
259.118000000000188
259.261000000000189
259.401000000000189
259.599000000000189
265.836000000000194
266.058000000000195
266.500000000000195
267.098000000000196
267.248000000000196
268.661000000000197
269.174000000000197
269.996000000000198
270.248000000000198
270.611000000000199
270.881000000000199
271.071000000000199
271.252000000000199
271.424000000000199
271.6250000000002
271.8230000000002
272.0950000000002
272.3140000000002
272.5640000000002
273.357000000000201
273.820000000000202
273.983000000000202
274.443000000000202
275.252000000000203
275.496000000000203
275.689000000000203
275.880000000000203
276.056000000000204
276.243000000000204
276.509000000000204
276.765000000000204
284.224000000000211
284.913000000000211
285.813000000000212
286.066000000000212
286.589000000000213
287.161000000000213
287.305000000000214
287.515000000000214
287.710000000000214
287.793000000000214
288.338000000000214
288.544000000000215
288.731000000000215
288.896000000000215
289.063000000000215
289.911000000000216
290.410000000000216
290.651000000000216
290.833000000000217
291.019000000000217
291.269000000000217
291.937000000000218
292.107000000000218
292.299000000000218
292.534000000000218
293.189000000000219
293.354000000000219
293.658000000000219
293.859000000000219
294.07700000000022
294.37100000000022
294.60500000000022
295.508000000000221
296.149000000000221
312.326000000000236
312.462000000000236
312.567000000000236
314.018000000000237
314.456000000000238
314.697000000000238
314.836000000000238
315.000000000000238
315.360000000000238
315.706000000000239
316.156000000000239
316.391000000000239
316.531000000000239
317.23900000000024
317.49000000000024
318.425000000000241
318.927000000000242
319.580000000000242
319.772000000000242
319.967000000000243
320.108000000000243
320.303000000000243
320.678000000000243
321.035000000000243
321.464000000000244
321.704000000000244
321.865000000000244
322.058000000000244
322.261000000000245
322.550000000000245
322.728000000000245
322.923000000000245
323.121000000000245
323.423000000000246
323.736000000000246
324.766000000000247
325.101000000000247
332.512000000000254
334.124000000000255
334.514000000000255
334.979000000000256
335.484000000000256
337.519000000000258
338.129000000000259
338.352000000000259
338.775000000000259
339.20200000000026
339.53000000000026
339.74100000000026
339.97600000000026
340.230000000000261
340.473000000000261
341.011000000000261
341.397000000000262
341.608000000000262
341.896000000000262
342.656000000000263
343.217000000000263
343.422000000000263
343.839000000000264
344.025000000000264
344.248000000000264
344.608000000000264
344.784000000000265
344.927000000000265
345.051000000000265
345.222000000000265
345.402000000000265
345.578000000000265
345.734000000000265
346.074000000000266
346.297000000000266
347.006000000000267
347.858000000000267
348.036000000000267
348.401000000000268
348.580000000000268
348.773000000000268
355.314000000000274
356.370000000000275
357.880000000000276
360.039000000000278
360.354000000000278
361.122000000000279
362.00800000000028
362.12500000000028
362.41700000000028
362.63200000000028
363.072000000000281
364.174000000000282
364.513000000000282
364.666000000000282
364.848000000000282
365.038000000000283
365.213000000000283
365.450000000000283
365.662000000000283
365.842000000000283
366.041000000000283
366.244000000000284
366.522000000000284
366.753000000000284
367.113000000000284
367.364000000000285
368.174000000000285
368.372000000000286
368.751000000000286
369.008000000000286
369.191000000000286
369.403000000000286
369.610000000000287
369.902000000000287
370.115000000000287
371.437000000000288
371.631000000000288
371.814000000000289
372.014000000000289
372.196000000000289
372.396000000000289
372.601000000000289
372.95200000000029
380.127000000000296
380.483000000000296
381.015000000000297
381.306000000000297
381.442000000000297
381.603000000000297
382.493000000000298
382.873000000000298
382.996000000000298
383.506000000000299
383.672000000000299
383.995000000000299
384.3910000000003
385.0510000000003
385.2200000000003
385.694000000000301
386.011000000000301
386.305000000000301
387.242000000000302
388.091000000000303
388.593000000000303
390.017000000000305
391.195000000000306
391.413000000000306
391.553000000000306
391.757000000000306
392.100000000000307
392.216000000000307
392.382000000000307
393.371000000000308
393.705000000000308
393.945000000000308
394.137000000000308
394.433000000000309
394.722000000000309
395.43900000000031
396.16400000000031
396.39400000000031
396.650000000000311
397.963000000000312
398.145000000000312
398.311000000000312
398.550000000000312
398.724000000000312
398.928000000000313
399.200000000000313
467.320000000000373
469.073000000000375
471.066000000000377
471.417000000000377
472.366000000000378
474.88200000000038
476.887000000000382
477.486000000000382
478.785000000000384
478.887000000000384
479.092000000000384
479.554000000000384
480.132000000000385
481.155000000000386
481.356000000000386
481.514000000000386
481.709000000000386
481.868000000000386
482.029000000000386
482.590000000000387
483.373000000000388
483.520000000000388
483.682000000000388
483.875000000000388
484.312000000000388
484.546000000000389
484.718000000000389
485.59700000000039
485.72100000000039
485.92100000000039
486.08800000000039
486.26000000000039
486.43900000000039
486.629000000000391
486.962000000000391
487.161000000000391
487.421000000000391
487.788000000000392
488.007000000000392
488.756000000000392
489.221000000000393
489.343000000000393
489.562000000000393
489.752000000000393
490.432000000000394
490.538000000000394
491.196000000000395
491.493000000000395
491.820000000000395
491.993000000000395
493.072000000000396
529.115000000000428
604.477000000000495
606.234000000000497
606.563000000000497
606.796000000000497
606.895000000000497
607.629000000000498
617.297000000000507
617.567000000000507
618.609000000000508
665.97400000000055
666.70700000000055
667.710000000000551
667.960000000000552
668.349000000000552
668.534000000000552
668.782000000000552
670.361000000000554
671.652000000000555
672.576000000000556
673.601000000000557
673.720000000000557
673.962000000000557
674.126000000000557
674.443000000000557
676.010000000000559
676.384000000000559
676.712000000000559
677.59300000000056
677.78500000000056
677.93500000000056
678.119000000000561
679.974000000000562
680.397000000000563
681.060000000000563
681.352000000000564
681.861000000000564
682.023000000000564
682.195000000000564
682.381000000000564
682.552000000000565
682.740000000000565
682.995000000000565
683.179000000000565
683.343000000000565
684.704000000000566
685.502000000000567
685.674000000000567
685.862000000000567
686.051000000000568
686.230000000000568
686.603000000000568
694.032000000000575
695.860000000000576
696.209000000000577
696.601000000000577
697.251000000000578
697.662000000000578
699.90800000000058
700.15800000000058
701.255000000000581
701.438000000000581
701.579000000000581
701.903000000000582
702.071000000000582
702.249000000000582
702.619000000000582
702.900000000000583
703.090000000000583
703.281000000000583
704.416000000000584
704.631000000000584
704.835000000000584
704.988000000000584
705.173000000000585
705.361000000000585
705.542000000000585
705.740000000000585
705.968000000000585
706.155000000000586
706.379000000000586
706.762000000000586
707.078000000000586
707.929000000000587
708.045000000000587
708.240000000000587
708.414000000000588
708.600000000000588
708.865000000000588
709.068000000000588
709.262000000000588
709.450000000000588
709.666000000000589
709.893000000000589
710.170000000000589
710.368000000000589
710.98000000000059
712.842000000000591
713.061000000000592
713.229000000000592
713.389000000000592
713.570000000000592
713.769000000000592
713.894000000000592
714.153000000000593
714.325000000000593
714.488000000000593
730.746000000000607
733.29500000000061
733.97900000000061
735.109000000000611
735.280000000000611
735.487000000000612
735.808000000000612
735.976000000000612
739.307000000000615
740.627000000000616
741.013000000000616
741.959000000000617
742.128000000000618
742.342000000000618
742.684000000000618
742.878000000000618
745.15400000000062
745.40700000000062
749.405000000000624
749.892000000000624
750.405000000000625
753.080000000000627
753.887000000000628
754.058000000000628
754.229000000000628
754.379000000000628
754.563000000000628
754.823000000000629
755.001000000000629
755.206000000000629
755.556000000000629
755.77100000000063
755.95900000000063
757.272000000000631
757.421000000000631
757.865000000000631
758.948000000000632
759.599000000000633
759.795000000000633
759.971000000000633
760.144000000000633
760.345000000000634
760.613000000000634
760.789000000000634
760.966000000000634
761.238000000000634
761.382000000000635
761.574000000000635
761.783000000000635
762.003000000000635
762.220000000000635
762.489000000000636
762.731000000000636
763.627000000000637
765.290000000000638
765.497000000000638
766.485000000000639
766.806000000000639
775.866000000000647
776.419000000000648
778.061000000000649
779.532000000000651
780.454000000000652
781.169000000000652
781.487000000000652
781.697000000000653
781.815000000000653
781.900000000000653
782.101000000000653
782.255000000000653
782.436000000000653
782.673000000000654
783.122000000000654
783.343000000000654
783.518000000000654
783.906000000000655
784.098000000000655
784.306000000000655
784.993000000000656
787.376000000000658
787.629000000000658
787.915000000000658
788.290000000000658
788.523000000000659
788.700000000000659
788.885000000000659
789.201000000000659
789.419000000000659
790.21500000000066
791.940000000000662
792.125000000000662
792.309000000000662
792.654000000000662
792.872000000000662
793.063000000000663
793.271000000000663
793.462000000000663
793.673000000000663
793.846000000000663
794.045000000000664
794.311000000000664
794.530000000000664
795.234000000000665
795.984000000000665
796.108000000000665
796.578000000000666
796.951000000000666
797.123000000000666
797.389000000000666
797.568000000000667
797.805000000000667
797.990000000000667
798.284000000000667
798.756000000000668
798.943000000000668
799.538000000000668
799.760000000000669
799.917000000000669
800.679000000000669
804.694000000000673
804.773000000000673
810.297000000000678
815.914000000000683
819.184000000000686
819.679000000000686
820.227000000000687
820.892000000000687
822.231000000000689
822.897000000000689
823.99200000000069
825.434000000000692
825.904000000000692
826.711000000000693
828.554000000000694
828.901000000000695
829.148000000000695
829.530000000000695
830.044000000000696
831.161000000000697
832.431000000000698
833.964000000000699
834.274000000000699
834.7970000000007
834.9050000000007
835.0500000000007
835.2150000000007
837.169000000000702
838.279000000000703
838.528000000000703
839.136000000000704
839.577000000000704
839.853000000000704
840.489000000000705
841.583000000000706
842.183000000000706
842.729000000000707
842.882000000000707
843.413000000000707
843.822000000000708
844.280000000000708
845.031000000000709
845.276000000000709
845.619000000000709
846.58700000000071
846.86200000000071
847.064000000000711
847.281000000000711
847.405000000000711
847.585000000000711
847.888000000000711
848.126000000000712
848.327000000000712
848.525000000000712
848.730000000000712
848.917000000000712
849.118000000000712
849.310000000000713
855.210000000000718
856.313000000000719
856.505000000000719
857.82100000000072
858.257000000000721
862.213000000000724
862.471000000000724
862.683000000000724
1249.99600000000107
1255.01500000000107
1257.60200000000108
1258.30700000000108
1259.37300000000108
1260.30600000000108
1262.31600000000108
1262.78300000000108
1264.99500000000108
22
-1
9.83200000000000019
19.0249999999999978
30.4579999999999881
40.6889999999999945
59.5890000000000113
135.107000000000078
153.543000000000095
215.26000000000015
238.38400000000017
259.402000000000189
276.766000000000204
296.150000000000221
325.102000000000247
348.581000000000268
372.95300000000029
399.201000000000313
491.821000000000395
686.604000000000568
714.489000000000593
766.807000000000639
800.68000000000067
862.684000000000725
0
0
5000
0
0
0
0
7200
0
0
0
0
0
23
0
2662.78499999993407
1800.00000000000156
1800
0
67
0
1
4
7
10
13
16
19
22
25
28
31
34
37
40
43
46
49
52
55
58
61
64
67
70
73
76
79
82
85
88
91
94
97
100
103
106
109
112
115
118
121
124
127
130
133
136
139
142
145
148
151
154
157
160
163
166
169
172
175
178
181
184
187
190
193
196
199
202
205
208
211
214
217
220
223
226
229
232
235
238
241
244
247
250
253
256
259
262
265
268
271
274
277
280
283
286
289
292
295
298
301
304
307
310
313
316
319
322
325
328
331
334
337
340
343
346
349
352
355
358
361
364
367
370
373
376
379
382
385
388
391
394
397
400
403
406
409
412
415
418
421
424
427
430
433
436
439
442
445
448
451
454
457
460
463
466
469
472
475
478
481
484
487
490
493
496
499
502
505
508
511
514
517
520
523
526
529
532
535
538
541
544
547
550
