12
12
19
12
12
19
cPPR1.15
PR3_day2.4
0
1
11
57
11
12
45
19
23
3
.3
1
335
1
16
1
1
1
1
1
1
1
1
1
1
1
1
1
1
1
1
1
1
1
1
1
184
334
-1
18.1039999999999985
42.350999999999996
43.3399999999999968
43.8349999999999973
44.7629999999999981
90.7310000000000389
91.4940000000000396
91.7840000000000399
91.96100000000004
92.1310000000000402
92.8520000000000408
93.4020000000000413
103.4630000000000502
103.7850000000000505
104.2270000000000509
104.4030000000000511
105.3410000000000519
105.9310000000000524
106.1840000000000527
106.3380000000000528
106.510000000000053
106.622000000000053
106.7830000000000532
107.1340000000000535
113.8520000000000595
114.8230000000000603
118.1670000000000633
119.4350000000000644
119.7580000000000647
119.9920000000000649
120.1600000000000651
120.2960000000000652
120.4520000000000653
120.7760000000000656
121.134000000000066
121.3160000000000661
121.4830000000000662
142.819000000000085
143.159000000000086
143.479000000000086
143.780000000000086
143.947000000000086
144.121000000000086
144.402000000000087
144.630000000000087
144.867000000000087
145.410000000000088
145.609000000000088
146.460000000000088
146.737000000000089
146.944000000000089
147.122000000000089
147.206000000000089
182.01700000000012
183.634000000000121
184.175000000000122
184.382000000000122
185.298000000000123
186.570000000000124
187.383000000000125
187.573000000000125
187.718000000000125
187.876000000000125
188.093000000000125
188.293000000000126
188.555000000000126
188.743000000000126
189.190000000000126
189.511000000000127
189.812000000000127
190.135000000000127
190.366000000000127
190.568000000000128
204.43100000000014
205.795000000000141
264.067000000000193
265.904000000000194
267.683000000000196
268.478000000000197
268.731000000000197
269.003000000000197
269.184000000000197
269.757000000000198
270.072000000000198
270.306000000000198
270.657000000000199
270.834000000000199
271.427000000000199
271.8700000000002
272.1060000000002
272.2850000000002
272.4460000000002
272.6040000000002
272.758000000000201
274.638000000000202
284.186000000000211
701.975000000000582
702.573000000000582
702.712000000000582
704.378000000000584
705.238000000000585
706.266000000000586
706.459000000000586
706.646000000000586
706.797000000000586
706.877000000000586
708.305000000000587
709.095000000000588
709.500000000000588
709.645000000000589
709.798000000000589
709.949000000000589
710.205000000000589
710.490000000000589
711.05100000000059
711.36200000000059
711.56600000000059
712.514000000000591
713.347000000000592
713.532000000000592
727.152000000000604
727.699000000000605
728.098000000000605
729.974000000000607
731.856000000000608
732.006000000000608
734.07100000000061
734.22900000000061
734.398000000000611
734.606000000000611
734.735000000000611
734.884000000000611
734.984000000000611
735.175000000000611
735.499000000000612
735.689000000000612
735.965000000000612
737.951000000000614
738.104000000000614
738.252000000000614
738.591000000000614
738.713000000000614
738.878000000000615
739.097000000000615
742.565000000000618
742.873000000000618
743.013000000000618
743.238000000000618
755.140000000000629
755.557000000000629
756.02500000000063
758.624000000000632
758.867000000000632
761.113000000000634
761.866000000000635
762.101000000000635
762.866000000000636
763.387000000000636
764.112000000000637
765.961000000000639
766.219000000000639
766.366000000000639
766.515000000000639
766.676000000000639
766.823000000000639
767.01200000000064
767.15400000000064
767.45600000000064
767.74000000000064
767.91800000000064
768.191000000000641
768.451000000000641
768.644000000000641
768.811000000000641
769.255000000000642
769.511000000000642
769.668000000000642
770.316000000000642
770.832000000000643
854.610000000000717
855.723000000000718
857.31600000000072
857.63000000000072
858.03000000000072
859.490000000000722
859.854000000000722
860.610000000000723
861.523000000000723
861.806000000000724
862.735000000000725
863.770000000000726
864.057000000000726
864.605000000000726
864.968000000000727
866.126000000000728
867.865000000000729
868.79200000000073
869.555000000000731
869.685000000000731
871.779000000000733
871.996000000000733
873.231000000000734
873.553000000000734
873.713000000000734
873.885000000000734
874.079000000000735
874.241000000000735
874.437000000000735
874.802000000000735
874.974000000000735
875.229000000000736
875.548000000000736
875.738000000000736
888.323000000000747
888.658000000000748
889.213000000000748
889.637000000000748
890.405000000000749
891.10300000000075
893.495000000000752
894.356000000000753
895.301000000000754
895.827000000000754
896.069000000000754
896.371000000000754
896.672000000000755
896.874000000000755
897.782000000000756
899.664000000000757
900.341000000000758
900.666000000000758
900.803000000000758
901.044000000000759
901.246000000000759
901.400000000000759
901.519000000000759
901.680000000000759
901.845000000000759
902.61300000000076
903.14500000000076
903.487000000000761
904.199000000000761
905.690000000000763
905.936000000000763
906.072000000000763
906.242000000000763
906.436000000000763
907.094000000000764
907.260000000000764
907.418000000000764
917.319000000000773
917.910000000000774
919.756000000000775
921.529000000000777
921.984000000000777
922.592000000000778
922.875000000000778
923.460000000000778
923.781000000000779
924.162000000000779
924.336000000000779
924.73500000000078
925.54800000000078
926.078000000000781
926.228000000000781
926.413000000000781
927.188000000000782
927.909000000000782
928.735000000000783
929.192000000000784
929.422000000000784
929.598000000000784
929.796000000000784
929.952000000000784
930.248000000000784
930.458000000000785
930.679000000000785
931.899000000000786
932.973000000000787
935.064000000000789
935.261000000000789
935.432000000000789
935.578000000000789
935.80100000000079
935.99200000000079
936.18500000000079
936.39500000000079
937.325000000000791
937.722000000000791
938.464000000000792
949.740000000000802
950.242000000000802
951.449000000000803
953.367000000000805
953.608000000000805
953.755000000000805
953.916000000000806
954.202000000000806
954.378000000000806
955.501000000000807
956.762000000000808
957.119000000000808
958.063000000000809
958.68800000000081
959.18900000000081
959.39300000000081
959.536000000000811
959.692000000000811
960.139000000000811
960.297000000000811
960.506000000000811
960.684000000000812
961.008000000000812
961.414000000000812
961.637000000000812
961.826000000000813
962.152000000000813
962.567000000000813
963.633000000000814
964.100000000000815
964.935000000000815
965.925000000000816
967.105000000000817
967.366000000000818
967.803000000000818
967.945000000000818
968.084000000000818
968.288000000000818
968.492000000000819
969.063000000000819
969.489000000000819
969.82200000000082
970.06900000000082
985.256000000000833
15
-1
18.1049999999999985
44.7639999999999981
93.4030000000000413
106.6230000000000531
121.4840000000000662
147.207000000000089
190.367000000000127
274.639000000000202
713.533000000000592
743.239000000000618
770.833000000000643
875.739000000000736
907.419000000000764
938.465000000000792
970.07000000000082
0
0
5000
0
0
0
0
7200
0
0
0
0
0
16
0
2770.17099999992224
1800.00000000000156
1800
0
46
0
1
4
7
10
13
16
19
22
25
28
31
34
37
40
43
46
49
52
55
58
61
64
67
70
73
76
79
82
85
88
91
94
97
100
103
106
109
112
115
118
121
124
127
130
133
136
139
142
145
148
151
154
157
160
163
166
169
172
175
178
181
184
187
190
193
196
199
202
205
208
211
214
217
220
223
226
229
232
235
238
241
244
247
250
253
256
259
262
265
268
271
274
277
280
283
286
289
292
295
298
301
304
307
310
313
316
319
322
325
328
331
334
337
340
343
346
349
352
355
358
361
364
367
370
373
376
379
382
385
388
391
394
397
400
403
406
409
412
415
418
421
424
427
430
433
436
439
442
445
448
451
454
457
460
463
466
469
472
475
478
481
484
487
490
493
496
499
502
505
508
511
514
517
520
523
526
529
532
535
538
541
544
547
550
