11
05
19
11
05
19
cPPR1.16
FR1_day2
0
2
11
15
03
12
01
12
24
2
.3
1
121
1
86
1
1
1
1
1
1
1
1
1
1
1
1
1
1
1
1
1
1
1
1
1
1
120
-1
1.69900000000000002
42.4709999999999961
107.2210000000000536
112.5100000000000583
129.001000000000073
141.362000000000084
166.204000000000106
174.172000000000113
174.692000000000114
175.301000000000114
175.547000000000114
183.627000000000121
184.060000000000122
184.442000000000122
191.946000000000129
199.649000000000136
227.938000000000161
240.737000000000172
246.032000000000177
254.353000000000184
262.134000000000191
274.161000000000202
283.39900000000021
283.83000000000021
284.952000000000211
285.288000000000212
285.507000000000212
296.816000000000222
318.720000000000241
323.353000000000246
326.096000000000248
383.665000000000299
455.627000000000363
461.529000000000368
471.843000000000377
481.233000000000386
493.405000000000397
494.137000000000397
510.914000000000412
519.143000000000419
528.482000000000428
539.907000000000438
549.608000000000446
550.796000000000448
551.446000000000448
561.668000000000457
561.999000000000457
570.925000000000465
639.779000000000527
666.907000000000551
667.634000000000551
679.544000000000562
689.694000000000571
724.012000000000601
724.427000000000602
735.674000000000612
751.839000000000626
762.481000000000636
763.187000000000636
780.195000000000651
790.981000000000661
805.267000000000674
827.869000000000694
837.942000000000703
838.141000000000703
838.723000000000703
849.233000000000713
867.803000000000729
868.119000000000729
888.344000000000747
964.206000000000815
977.065000000000826
977.709000000000827
990.264000000000838
1001.605000000000848
1015.46500000000086
1029.05300000000087
1053.53300000000089
1054.9260000000009
1115.28900000000095
1131.65300000000096
1133.01700000000096
1196.27500000000102
1210.42100000000103
1210.64400000000103
1213.78600000000104
1238.77600000000106
1239.49500000000106
1300.61700000000111
1311.44500000000112
1312.44700000000112
1468.90300000000126
1487.56100000000128
1488.24400000000128
1506.1530000000013
1514.3640000000013
1531.79700000000132
1532.62300000000132
1552.07100000000134
1581.58300000000136
1614.44300000000139
1725.66700000000149
1742.34600000000151
2261.93399999997822
2279.67499999997626
2300.27599999997399
2313.06799999997258
2314.41499999997244
2330.62899999997065
2331.86999999997051
2352.41599999996825
2354.88499999996798
2374.12699999996586
2374.7099999999658
2375.66199999996569
2398.2759999999632
2407.47199999996219
2454.80499999995697
2477.83199999995444
2479.1069999999543
85
-1
1.69900000000000002
42.4709999999999961
107.2210000000000536
112.5100000000000583
129.001000000000073
141.362000000000084
166.204000000000106
174.173000000000113
183.627000000000121
191.946000000000129
199.649000000000136
227.938000000000161
240.737000000000172
246.032000000000177
254.353000000000184
262.134000000000191
274.161000000000202
283.39900000000021
296.816000000000222
318.720000000000241
326.096000000000248
383.665000000000299
455.627000000000363
461.529000000000368
471.843000000000377
481.233000000000386
493.405000000000397
510.914000000000412
519.143000000000419
528.482000000000428
539.907000000000438
549.608000000000446
561.668000000000457
570.925000000000465
639.779000000000527
666.907000000000551
679.544000000000562
689.694000000000571
724.012000000000601
735.674000000000612
751.839000000000626
762.481000000000636
780.195000000000651
790.981000000000661
805.267000000000674
827.869000000000694
837.942000000000703
849.233000000000713
867.803000000000729
888.344000000000747
964.206000000000815
977.065000000000826
990.264000000000838
1001.605000000000848
1015.46500000000086
1029.05300000000087
1053.53300000000089
1115.28900000000095
1131.65300000000096
1196.27500000000102
1210.42100000000103
1238.77600000000106
1300.61700000000111
1311.44500000000112
1468.90300000000126
1487.56100000000128
1506.1530000000013
1514.3640000000013
1531.79700000000132
1552.07100000000134
1581.58300000000136
1614.44300000000139
1725.66700000000149
1742.34600000000151
2261.93399999997822
2279.67499999997626
2300.27599999997399
2313.06799999997258
2330.62899999997065
2352.41599999996825
2374.12699999996586
2398.2759999999632
2407.47199999996219
2454.80499999995697
2477.83199999995444
1
0
5000
0
0
0
0
2700
99
0
0
0
0
0
0
2700.79699999992988
0
0
0
0
0
0
