11
21
19
11
21
19
cPPR1.16
FR5_day4
0
2
11
42
20
12
10
53
24
2
.3
1
555
1
101
1
1
1
1
1
1
1
1
1
1
1
1
1
1
1
1
1
1
1
1
1
1
554
-1
112.6950000000000584
115.1260000000000606
115.9620000000000614
117.0090000000000623
118.939000000000064
119.3130000000000643
126.3370000000000706
131.277000000000075
133.636000000000077
138.114000000000081
138.722000000000082
150.748000000000092
151.401000000000093
152.284000000000094
154.818000000000096
155.632000000000097
156.234000000000097
160.085000000000101
162.391000000000103
164.616000000000105
165.273000000000105
166.389000000000106
166.770000000000106
167.867000000000107
175.672000000000114
176.027000000000115
176.627000000000115
178.825000000000117
179.596000000000118
183.766000000000122
184.217000000000122
184.569000000000122
185.031000000000123
185.325000000000123
185.623000000000123
187.363000000000125
188.532000000000126
201.980000000000138
202.737000000000138
203.655000000000139
203.97600000000014
205.891000000000141
210.016000000000145
210.166000000000145
210.514000000000145
212.123000000000147
213.389000000000148
213.684000000000148
214.852000000000149
216.721000000000151
218.052000000000152
221.721000000000155
222.055000000000156
222.911000000000156
224.444000000000158
228.931000000000162
236.593000000000168
241.137000000000173
241.853000000000173
242.553000000000174
242.736000000000174
243.227000000000174
243.577000000000175
256.465000000000186
256.741000000000186
257.422000000000187
259.143000000000188
261.32900000000019
262.321000000000191
267.545000000000196
268.742000000000197
269.747000000000198
269.887000000000198
271.319000000000199
276.859000000000204
278.706000000000206
279.366000000000206
280.673000000000208
281.851000000000209
288.477000000000215
289.706000000000216
290.379000000000216
291.134000000000217
291.911000000000218
297.885000000000223
298.854000000000224
299.912000000000225
300.291000000000225
301.027000000000226
301.446000000000226
310.118000000000234
327.709000000000249
328.38400000000025
329.602000000000251
330.665000000000252
335.753000000000257
336.582000000000257
337.100000000000258
338.102000000000259
338.695000000000259
339.34500000000026
339.80600000000026
341.721000000000262
342.674000000000263
343.358000000000263
343.740000000000264
344.504000000000264
344.881000000000265
345.390000000000265
345.915000000000266
348.086000000000268
348.748000000000268
360.294000000000278
362.28100000000028
362.48600000000028
364.167000000000282
364.710000000000282
369.967000000000287
371.018000000000288
372.90600000000029
373.56700000000029
374.830000000000291
375.700000000000292
383.895000000000299
385.1900000000003
386.640000000000302
387.687000000000303
388.641000000000304
389.411000000000304
409.859000000000322
412.359000000000325
414.457000000000326
416.410000000000328
416.692000000000328
421.501000000000333
422.961000000000334
424.591000000000335
424.953000000000336
425.478000000000336
426.060000000000337
433.132000000000343
433.964000000000344
435.351000000000345
436.349000000000346
436.792000000000346
439.413000000000349
440.69400000000035
440.87600000000035
443.057000000000352
446.395000000000355
446.572000000000355
449.019000000000357
450.103000000000358
457.807000000000365
458.391000000000365
459.724000000000367
460.526000000000367
461.278000000000368
468.909000000000375
474.72500000000038
475.821000000000381
476.542000000000382
476.769000000000382
477.935000000000383
484.779000000000389
485.56700000000039
486.05600000000039
486.57600000000039
487.562000000000391
489.448000000000393
491.991000000000395
492.622000000000396
493.476000000000397
495.927000000000399
497.2670000000004
498.053000000000401
499.045000000000402
504.004000000000406
504.814000000000407
507.357000000000409
507.724000000000409
508.56300000000041
508.86100000000041
515.586000000000416
517.035000000000418
517.657000000000418
518.213000000000419
519.006000000000419
524.595000000000424
525.997000000000426
527.246000000000427
527.939000000000427
528.580000000000428
534.571000000000433
535.797000000000434
535.974000000000434
538.371000000000436
538.716000000000437
543.993000000000441
544.885000000000442
546.125000000000443
547.927000000000445
549.192000000000446
554.614000000000451
557.146000000000453
557.858000000000454
558.534000000000454
559.519000000000455
569.599000000000464
570.207000000000465
571.249000000000466
572.461000000000467
572.722000000000467
579.963000000000473
580.602000000000474
581.797000000000475
584.605000000000478
585.772000000000479
590.568000000000483
591.181000000000483
592.210000000000484
592.883000000000485
595.951000000000488
596.445000000000488
602.351000000000493
603.791000000000495
604.825000000000496
605.462000000000496
607.120000000000498
608.184000000000498
618.311000000000508
618.918000000000508
619.757000000000509
620.369000000000509
621.09000000000051
622.007000000000511
634.388000000000522
634.962000000000522
635.420000000000523
635.892000000000523
636.590000000000524
637.539000000000525
644.499000000000531
645.142000000000531
645.923000000000532
647.052000000000533
647.332000000000533
652.083000000000537
652.373000000000538
652.864000000000538
653.385000000000539
654.247000000000539
654.74000000000054
656.297000000000541
663.931000000000548
664.379000000000548
666.50900000000055
668.738000000000552
672.186000000000555
679.518000000000562
680.202000000000562
680.806000000000563
681.552000000000564
682.116000000000564
692.103000000000573
692.945000000000574
693.984000000000575
694.248000000000575
694.421000000000575
700.791000000000581
701.787000000000582
703.410000000000583
703.886000000000584
704.542000000000584
709.812000000000589
713.368000000000592
715.235000000000594
715.942000000000594
716.745000000000595
718.056000000000596
722.2340000000006
722.6920000000006
724.008000000000601
724.587000000000602
727.889000000000605
734.639000000000611
736.448000000000612
737.435000000000613
738.000000000000614
738.979000000000615
749.700000000000624
750.218000000000625
751.229000000000626
751.584000000000626
752.448000000000627
759.403000000000633
760.703000000000634
761.301000000000634
761.934000000000635
762.238000000000635
769.015000000000641
771.448000000000644
772.012000000000644
772.643000000000645
773.654000000000646
779.639000000000651
782.871000000000654
783.053000000000654
783.638000000000654
784.680000000000655
793.257000000000663
795.977000000000665
796.450000000000666
797.488000000000667
798.379000000000667
806.917000000000675
807.741000000000676
808.287000000000676
808.932000000000677
809.897000000000678
817.217000000000684
820.205000000000687
821.325000000000688
824.956000000000691
825.709000000000692
835.2740000000007
837.045000000000702
837.813000000000702
838.213000000000703
839.059000000000704
847.836000000000711
849.579000000000713
850.646000000000714
851.507000000000715
853.291000000000716
860.777000000000723
865.145000000000727
865.751000000000727
866.724000000000728
869.599000000000731
878.732000000000739
879.461000000000739
880.08800000000074
880.864000000000741
881.562000000000741
896.145000000000754
896.521000000000755
897.339000000000755
899.100000000000757
899.864000000000758
907.960000000000765
909.196000000000766
909.880000000000766
910.574000000000767
911.245000000000768
912.822000000000769
922.828000000000778
923.380000000000778
925.915000000000781
926.678000000000781
926.900000000000782
928.068000000000783
942.733000000000796
943.771000000000796
944.605000000000797
946.924000000000799
947.7140000000008
956.745000000000808
957.935000000000809
958.145000000000809
960.376000000000811
961.125000000000812
962.830000000000814
972.574000000000822
973.863000000000823
974.483000000000824
975.358000000000825
975.857000000000825
986.798000000000835
987.954000000000836
988.530000000000836
989.144000000000837
990.631000000000838
1002.394000000000849
1003.59200000000085
1004.28500000000085
1004.933000000000851
1005.719000000000852
1006.690000000000852
1015.24300000000086
1028.43400000000087
1029.14600000000087
1029.89600000000087
1030.31000000000087
1030.97900000000087
1040.65900000000088
1041.96500000000088
1043.68400000000089
1044.07700000000089
1045.52200000000089
1045.96100000000089
1053.13300000000089
1054.00600000000089
1055.0380000000009
1055.6650000000009
1056.6170000000009
1067.50100000000091
1069.44700000000091
1070.37000000000091
1071.17900000000091
1071.64100000000091
1073.21000000000091
1088.92400000000093
1089.67000000000093
1090.12800000000093
1091.15500000000093
1096.01300000000093
1109.19200000000094
1110.24100000000094
1110.85300000000094
1112.05600000000095
1112.84100000000095
1123.84400000000096
1125.93500000000096
1126.42600000000096
1127.06800000000096
1127.86800000000096
1133.18700000000096
1133.59600000000097
1135.79900000000097
1136.27500000000097
1137.09500000000097
1147.56900000000098
1148.06600000000098
1149.33300000000098
1149.90200000000098
1150.08900000000098
1162.67700000000099
1163.21700000000099
1164.46400000000099
1166.04700000000099
1168.023000000001
1179.29400000000101
1182.15800000000101
1182.91100000000101
1183.81100000000101
1185.37500000000101
1200.69200000000102
1201.45300000000103
1202.40300000000103
1203.25300000000103
1205.75800000000103
1220.49400000000104
1220.91700000000104
1222.30700000000104
1231.59200000000105
1235.98500000000106
1244.61900000000106
1245.47800000000106
1245.64700000000106
1250.04100000000107
1251.61300000000107
1306.14600000000112
1309.86800000000112
1311.47200000000112
1312.38600000000112
1313.18500000000112
1326.35600000000114
1327.00100000000114
1329.34700000000114
1330.30300000000114
1331.37200000000114
1332.35500000000114
1347.47900000000116
1348.39400000000116
1350.98100000000116
1352.55600000000116
1353.22000000000116
1363.33600000000117
1364.01600000000117
1364.27200000000117
1364.93500000000117
1366.26300000000117
1367.52200000000117
1377.96400000000118
1380.36800000000118
1380.57300000000118
1381.25200000000119
1382.21600000000119
1412.14300000000121
1413.28100000000121
1414.68000000000121
1415.41200000000122
1416.44200000000122
1426.87100000000123
1428.40400000000123
1429.81000000000123
1430.52000000000123
1431.74900000000123
1431.97100000000123
1433.08500000000123
1449.38600000000125
1450.23600000000125
1450.99800000000125
1451.81200000000125
1452.91600000000125
1462.36300000000126
1465.38900000000126
1466.38200000000126
1467.52400000000126
1468.88900000000126
1491.15700000000128
1491.78400000000128
1492.41500000000128
1493.07600000000128
1493.55600000000128
1502.76100000000129
1503.32100000000129
1504.01000000000129
1504.69400000000129
1505.4700000000013
1517.15100000000131
1523.61100000000131
1524.47300000000131
1525.19200000000131
1525.77400000000131
1527.57200000000132
1535.99500000000132
1540.14000000000133
1541.14100000000133
1542.44400000000133
1544.27300000000133
1544.69400000000133
1561.90600000000135
1564.08500000000135
1564.63400000000135
1566.11900000000135
1566.76300000000135
1571.96400000000135
1572.34300000000135
1573.09900000000136
1574.01500000000136
1574.81500000000136
1578.72700000000136
1588.88700000000137
1590.40400000000137
1591.46000000000137
1592.27100000000137
1592.99900000000137
1608.06400000000139
1609.21700000000139
1609.75000000000139
1610.23500000000139
1610.73800000000139
100
-1
118.939000000000064
138.722000000000082
155.632000000000097
166.770000000000106
179.596000000000118
188.532000000000126
205.891000000000141
216.721000000000151
236.593000000000168
243.577000000000175
261.32900000000019
271.319000000000199
281.851000000000209
291.911000000000218
301.027000000000226
330.665000000000252
339.34500000000026
348.748000000000268
364.710000000000282
374.830000000000291
388.641000000000304
416.692000000000328
426.060000000000337
436.792000000000346
450.103000000000358
461.278000000000368
476.769000000000382
487.562000000000391
499.045000000000402
508.86100000000041
519.006000000000419
528.580000000000428
538.716000000000437
549.192000000000446
559.519000000000455
572.722000000000467
585.772000000000479
596.445000000000488
607.120000000000498
621.09000000000051
636.590000000000524
647.332000000000533
656.297000000000541
672.186000000000555
682.116000000000564
694.421000000000575
704.542000000000584
716.745000000000595
727.889000000000605
738.979000000000615
752.448000000000627
762.238000000000635
773.654000000000646
784.680000000000655
798.379000000000667
809.897000000000678
825.709000000000692
839.059000000000704
853.291000000000716
869.599000000000731
881.562000000000741
899.864000000000758
911.245000000000768
926.900000000000782
947.7140000000008
961.125000000000812
975.857000000000825
990.631000000000838
1005.719000000000852
1030.31000000000087
1045.52200000000089
1056.6170000000009
1071.64100000000091
1096.01300000000093
1112.84100000000095
1127.86800000000096
1137.09500000000097
1150.08900000000098
1168.023000000001
1185.37500000000101
1205.75800000000103
1235.98500000000106
1251.61300000000107
1313.18500000000112
1331.37200000000114
1353.22000000000116
1366.26300000000117
1382.21600000000119
1416.44200000000122
1431.74900000000123
1452.91600000000125
1468.88900000000126
1493.55600000000128
1505.4700000000013
1525.77400000000131
1544.27300000000133
1566.76300000000135
1578.72700000000136
1592.99900000000137
1610.73800000000139
5
0
5000
0
0
0
0
2700
99
0
0
0
0
0
0
1610.73800000000139
0
0
0
0
0
0
