11
05
19
11
05
19
cPPR1.11
FR1_day2
0
1
9
58
39
10
44
44
24
2
.3
1
49
1
26
1
1
1
1
1
1
1
1
1
1
1
1
1
1
1
1
1
1
1
1
1
1
48
-1
223.210000000000157
366.394000000000284
366.638000000000284
368.341000000000285
368.542000000000286
1538.93800000000132
1539.49100000000133
1557.79000000000134
1723.99600000000149
1743.42700000000151
1744.13300000000151
1745.19600000000151
1745.47600000000151
1956.1450000000017
2072.70999999999906
2096.23399999999646
2116.57299999999422
2118.34399999999403
2137.99499999999187
2138.98699999999176
2149.59699999999059
2152.73899999999024
2160.08699999998943
2183.46699999998686
2183.88499999998681
2185.09199999998668
2402.68999999996271
2416.58999999996118
2416.92999999996115
2417.20699999996112
2438.15599999995881
2454.50999999995701
2454.82599999995697
2456.64599999995677
2457.12299999995672
2458.01699999995662
2458.59599999995656
2461.02999999995629
2525.27099999994921
2581.34099999994304
2581.80299999994299
2599.868999999941
2600.30699999994095
2600.39599999994094
2610.7229999999398
2624.63199999993827
2644.44199999993609
2648.62799999993563
25
-1
223.210000000000157
366.394000000000284
1538.93800000000132
1557.79000000000134
1723.99600000000149
1743.42700000000151
1956.1450000000017
2072.70999999999906
2096.23399999999646
2116.57299999999422
2137.99499999999187
2149.59699999999059
2160.08699999998943
2183.46699999998686
2402.68999999996271
2416.58999999996118
2438.15599999995881
2454.50999999995701
2461.02999999995629
2525.27099999994921
2581.34099999994304
2599.868999999941
2610.7229999999398
2624.63199999993827
2644.44199999993609
1
0
5000
0
0
0
0
2700
99
0
0
0
0
0
0
2700.79699999992988
0
0
0
0
0
0
