11
13
19
11
13
19
cPPR1.10
FR2_day3
0
4
9
03
22
9
23
16
24
2
.3
1
298
1
101
1
1
1
1
1
1
1
1
1
1
1
1
1
1
1
1
1
1
1
1
1
1
297
-1
11.61900000000000023
15.2190000000000003
20.2749999999999967
21.8259999999999954
26.9359999999999911
31.2309999999999874
64.949000000000016
66.1590000000000171
71.0690000000000215
71.9830000000000223
74.5680000000000246
77.5940000000000273
78.8940000000000284
79.4450000000000289
79.9550000000000294
80.3040000000000297
103.9810000000000507
106.1100000000000526
108.3190000000000546
108.818000000000055
110.6510000000000566
112.5400000000000583
113.8920000000000595
121.197000000000066
123.1770000000000678
125.5150000000000698
126.3770000000000706
127.2360000000000714
127.8150000000000719
128.236000000000072
129.606000000000073
130.278000000000074
134.104000000000077
136.93200000000008
138.111000000000081
141.074000000000084
142.793000000000085
144.602000000000087
146.352000000000088
154.234000000000095
156.392000000000097
159.5700000000001
160.240000000000101
161.498000000000102
161.897000000000102
162.777000000000103
166.653000000000106
167.047000000000107
168.243000000000108
171.351000000000111
174.540000000000113
177.391000000000116
179.054000000000117
182.09200000000012
185.231000000000123
185.829000000000123
189.744000000000127
190.468000000000128
191.397000000000128
196.560000000000133
200.507000000000136
201.740000000000138
205.093000000000141
212.356000000000147
224.373000000000158
226.299000000000159
231.627000000000164
232.265000000000165
236.146000000000168
237.008000000000169
237.610000000000169
238.74800000000017
242.976000000000174
243.936000000000175
245.018000000000176
245.859000000000177
250.558000000000181
251.570000000000182
254.300000000000184
261.19000000000019
263.052000000000192
266.098000000000195
267.429000000000196
269.693000000000198
270.777000000000199
273.366000000000201
274.385000000000202
276.666000000000204
278.615000000000206
283.06400000000021
283.56000000000021
285.767000000000212
287.289000000000214
289.957000000000216
290.550000000000216
291.187000000000217
292.826000000000218
294.44600000000022
301.956000000000227
303.414000000000228
307.908000000000232
309.264000000000233
314.192000000000237
316.147000000000239
316.94900000000024
320.990000000000243
322.897000000000245
326.137000000000248
328.962000000000251
329.783000000000251
340.820000000000261
342.715000000000263
346.479000000000266
347.102000000000267
347.810000000000267
351.38800000000027
355.266000000000274
359.919000000000278
361.062000000000279
362.879000000000281
365.270000000000283
369.212000000000286
370.270000000000287
372.87600000000029
373.61600000000029
375.978000000000292
376.674000000000293
381.629000000000297
382.496000000000298
383.559000000000299
391.101000000000306
392.531000000000307
398.380000000000312
399.963000000000314
401.293000000000315
405.040000000000318
405.561000000000319
406.389000000000319
415.669000000000328
416.864000000000329
419.676000000000331
420.822000000000332
422.474000000000334
423.801000000000335
427.527000000000338
428.598000000000339
429.009000000000339
429.66400000000034
433.338000000000343
434.128000000000344
436.014000000000346
437.005000000000346
443.867000000000353
444.071000000000353
450.482000000000358
454.427000000000362
458.446000000000366
459.292000000000366
459.942000000000367
461.126000000000368
467.748000000000374
468.965000000000375
473.146000000000379
473.896000000000379
475.523000000000381
476.201000000000381
479.237000000000384
479.856000000000385
483.071000000000387
487.546000000000391
492.598000000000396
493.202000000000396
496.8350000000004
501.087000000000403
501.762000000000404
503.806000000000406
504.896000000000407
508.94600000000041
509.463000000000411
510.096000000000411
511.213000000000412
520.18800000000042
523.851000000000424
524.596000000000424
524.910000000000424
526.257000000000426
527.271000000000427
531.770000000000431
532.718000000000431
536.649000000000435
543.036000000000441
543.641000000000441
551.129000000000448
551.709000000000448
555.336000000000452
556.308000000000452
557.075000000000453
558.815000000000455
565.35300000000046
566.223000000000461
566.905000000000462
568.240000000000463
575.042000000000469
577.185000000000471
581.108000000000474
581.636000000000475
582.715000000000476
584.142000000000477
590.755000000000483
591.623000000000484
599.471000000000491
601.292000000000492
602.359000000000493
609.6000000000005
610.3550000000005
615.974000000000505
616.789000000000506
623.343000000000512
623.833000000000512
630.364000000000518
631.532000000000519
641.672000000000528
642.903000000000529
647.773000000000534
648.759000000000534
649.332000000000535
655.687000000000541
656.157000000000541
660.220000000000545
661.656000000000546
668.300000000000552
671.228000000000554
674.564000000000557
675.756000000000558
680.229000000000562
681.235000000000563
682.197000000000564
685.914000000000568
687.415000000000569
688.13200000000057
694.335000000000575
695.194000000000576
701.505000000000581
707.487000000000587
712.887000000000592
713.606000000000592
722.5600000000006
723.591000000000601
732.082000000000608
736.803000000000613
744.63300000000062
746.380000000000621
758.936000000000632
762.153000000000635
765.745000000000638
766.670000000000639
767.37500000000064
769.198000000000642
775.274000000000647
895.001000000000753
903.974000000000761
904.498000000000762
909.346000000000766
910.013000000000767
911.672000000000768
917.157000000000773
917.392000000000773
918.372000000000774
928.158000000000783
930.925000000000785
935.785000000000789
936.39800000000079
938.048000000000791
944.190000000000797
946.189000000000799
953.515000000000805
954.364000000000806
961.934000000000813
962.884000000000814
970.35000000000082
972.410000000000822
978.498000000000827
980.736000000000829
990.617000000000838
992.61300000000084
1000.100000000000847
1003.124000000000849
1007.791000000000853
1008.262000000000854
1009.073000000000854
1010.171000000000856
1016.151000000000861
1016.971000000000862
1023.617000000000868
1024.68900000000087
1032.35400000000088
1033.48600000000088
100
-1
15.2190000000000003
26.9359999999999911
66.1590000000000171
74.5680000000000246
80.3040000000000297
106.1100000000000526
113.8920000000000595
123.1770000000000678
130.278000000000074
138.111000000000081
146.352000000000088
156.392000000000097
162.777000000000103
171.351000000000111
179.054000000000117
185.829000000000123
196.560000000000133
212.356000000000147
226.299000000000159
232.265000000000165
238.74800000000017
245.859000000000177
254.300000000000184
263.052000000000192
270.777000000000199
278.615000000000206
287.289000000000214
294.44600000000022
303.414000000000228
314.192000000000237
322.897000000000245
329.783000000000251
342.715000000000263
355.266000000000274
362.879000000000281
370.270000000000287
376.674000000000293
383.559000000000299
392.531000000000307
399.963000000000314
406.389000000000319
416.864000000000329
423.801000000000335
429.66400000000034
437.005000000000346
444.071000000000353
454.427000000000362
461.126000000000368
468.965000000000375
476.201000000000381
487.546000000000391
496.8350000000004
504.896000000000407
520.18800000000042
527.271000000000427
536.649000000000435
543.641000000000441
551.709000000000448
558.815000000000455
566.223000000000461
577.185000000000471
584.142000000000477
591.623000000000484
601.292000000000492
610.3550000000005
616.789000000000506
623.833000000000512
631.532000000000519
642.903000000000529
649.332000000000535
656.157000000000541
668.300000000000552
675.756000000000558
682.197000000000564
688.13200000000057
695.194000000000576
707.487000000000587
713.606000000000592
723.591000000000601
736.803000000000613
746.380000000000621
762.153000000000635
769.198000000000642
895.001000000000753
904.498000000000762
911.672000000000768
917.392000000000773
930.925000000000785
938.048000000000791
946.189000000000799
954.364000000000806
962.884000000000814
972.410000000000822
980.736000000000829
992.61300000000084
1003.124000000000849
1010.171000000000856
1016.971000000000862
1024.68900000000087
1033.48600000000088
2
0
5000
0
0
0
0
2700
99
0
0
0
0
0
0
1033.48600000000088
0
0
0
0
0
0
