12
10
19
12
10
19
cPPR1.14
PR3_day2.2
0
4
10
10
11
11
20
49
23
3
.3
1
608
1
21
1
1
1
1
1
1
1
1
1
1
1
1
1
1
1
1
1
1
1
1
1
184
607
-1
30.9929999999999876
39.4679999999999934
82.5890000000000317
84.034000000000033
85.2450000000000341
231.063000000000164
231.202000000000164
231.641000000000164
231.895000000000164
232.215000000000165
233.218000000000166
233.574000000000166
243.756000000000175
245.112000000000176
245.362000000000176
246.297000000000177
247.107000000000178
247.561000000000178
247.959000000000179
248.309000000000179
248.857000000000179
249.41600000000018
264.477000000000193
265.180000000000194
266.872000000000195
267.257000000000196
268.926000000000197
269.596000000000198
269.895000000000198
270.385000000000198
270.667000000000199
271.367000000000199
271.9960000000002
272.6300000000002
273.289000000000201
290.829000000000217
291.372000000000217
291.834000000000218
292.228000000000218
293.885000000000219
295.256000000000221
296.554000000000222
297.403000000000222
298.307000000000223
301.084000000000226
301.308000000000226
302.041000000000227
302.481000000000227
303.130000000000228
304.066000000000228
367.003000000000284
377.520000000000294
377.825000000000294
378.591000000000295
378.957000000000295
379.763000000000296
400.218000000000314
400.490000000000314
401.183000000000315
401.512000000000315
402.020000000000315
402.854000000000316
403.245000000000316
403.577000000000317
404.856000000000318
405.140000000000318
405.535000000000319
405.871000000000319
406.164000000000319
406.341000000000319
417.472000000000329
417.799000000000329
418.34700000000033
418.60100000000033
419.190000000000331
419.694000000000331
419.843000000000331
420.147000000000331
420.883000000000332
422.350000000000333
422.781000000000334
422.909000000000334
423.120000000000334
423.650000000000335
423.973000000000335
424.236000000000335
424.632000000000336
425.036000000000336
425.782000000000336
426.111000000000337
427.592000000000338
427.876000000000338
465.625000000000372
466.084000000000372
467.277000000000373
468.506000000000374
468.647000000000375
468.945000000000375
469.570000000000375
469.861000000000376
470.178000000000376
470.863000000000377
472.088000000000378
472.427000000000378
472.811000000000378
473.135000000000379
473.898000000000379
474.22000000000038
474.97800000000038
475.27800000000038
475.530000000000381
476.431000000000382
476.747000000000382
477.016000000000382
477.193000000000382
477.545000000000382
478.536000000000383
551.097000000000448
552.857000000000449
553.33000000000045
553.78800000000045
553.90300000000045
554.172000000000451
555.400000000000452
557.292000000000453
557.677000000000454
558.038000000000454
559.085000000000455
559.343000000000455
559.682000000000455
560.064000000000456
560.245000000000456
562.224000000000458
562.883000000000458
563.090000000000458
565.957000000000461
567.027000000000462
568.061000000000463
568.971000000000464
570.973000000000465
571.265000000000466
571.710000000000466
572.722000000000467
573.241000000000467
574.904000000000469
588.681000000000481
589.536000000000482
590.049000000000482
590.422000000000483
590.759000000000483
590.888000000000483
591.241000000000483
591.705000000000484
593.705000000000486
594.162000000000486
594.479000000000486
595.320000000000487
595.697000000000487
596.117000000000488
599.919000000000491
601.677000000000493
603.018000000000494
604.082000000000495
604.311000000000495
604.897000000000496
605.315000000000496
606.057000000000497
606.929000000000497
609.8820000000005
610.4210000000005
611.631000000000502
611.984000000000502
613.235000000000503
614.454000000000504
615.051000000000505
615.564000000000505
652.791000000000538
733.28800000000061
733.87200000000061
734.467000000000611
735.186000000000611
736.314000000000612
737.319000000000613
738.602000000000614
739.265000000000615
745.973000000000621
746.795000000000622
747.843000000000622
748.389000000000623
749.326000000000624
749.936000000000624
759.734000000000633
760.387000000000634
767.07000000000064
769.902000000000642
770.638000000000643
771.553000000000644
771.723000000000644
772.484000000000644
772.799000000000645
777.263000000000649
777.513000000000649
777.897000000000649
779.07300000000065
785.954000000000656
786.743000000000657
787.306000000000658
787.820000000000658
791.752000000000662
1101.11300000000094
1117.75400000000095
1119.09000000000095
1119.73900000000095
1122.05800000000095
1122.40600000000096
1123.93800000000096
1124.65600000000096
1127.85300000000096
1128.94300000000096
1129.70900000000096
1130.03400000000096
1130.53700000000096
1131.06500000000096
1131.90700000000096
1132.58900000000096
1132.87600000000096
1133.53700000000097
1133.80600000000097
1135.51100000000097
1135.88400000000097
1136.38200000000097
1138.41200000000097
1138.77000000000097
1140.09600000000097
1140.70600000000097
1140.84400000000097
1141.25400000000097
1141.57700000000097
1142.20800000000097
1144.06700000000097
1145.10600000000098
1145.48500000000098
1146.25500000000098
1146.51300000000098
1146.66800000000098
1146.94000000000098
1148.33100000000098
1185.99900000000101
1197.43200000000102
1198.35600000000102
1198.85600000000102
1199.45200000000102
1202.27900000000103
1202.75900000000103
1203.16400000000103
1203.49200000000103
1206.18100000000103
1207.47800000000103
1208.00500000000103
1208.14200000000103
1208.76300000000103
1210.59800000000103
1211.73400000000103
1212.24100000000103
1213.04400000000104
1213.35300000000104
1213.63200000000104
1215.56000000000104
1215.80800000000104
1216.03300000000104
1216.46400000000104
1216.88900000000104
1217.23000000000104
1217.73900000000104
1221.11900000000104
1221.46200000000104
1221.71300000000104
1222.27300000000104
1222.86300000000104
1223.15100000000104
1223.39900000000104
1224.15600000000105
1225.72700000000105
1226.22700000000105
1226.61800000000105
1226.95800000000105
1227.60800000000105
1245.00500000000106
1245.43000000000106
1247.42600000000107
1247.87800000000107
1248.17400000000107
1248.78100000000107
1250.52300000000107
1251.25100000000107
1251.94300000000107
1252.20100000000107
1252.64600000000107
1252.81600000000107
1253.55700000000107
1257.25600000000107
1257.85100000000108
1258.10200000000108
1259.74000000000108
1261.49900000000108
1266.52400000000108
1267.59700000000108
1268.20200000000108
1268.52600000000108
1268.96800000000109
1269.52900000000109
1270.30300000000109
1271.57400000000109
1272.78500000000109
1273.86800000000109
1274.84200000000109
1279.9230000000011
1280.1860000000011
1284.4440000000011
1284.8320000000011
1285.3780000000011
1285.8010000000011
1285.9860000000011
1287.3470000000011
1288.0460000000011
1288.1960000000011
1288.4060000000011
1288.7370000000011
1288.9250000000011
1289.2470000000011
1301.04800000000111
1329.24900000000114
1332.60500000000114
1335.07400000000114
1335.86700000000114
1341.88700000000115
1342.32200000000115
1342.64400000000115
1343.89800000000115
1348.32500000000116
1354.52700000000116
1354.89700000000116
1618.2870000000014
1620.1370000000014
1664.98300000000144
1668.57000000000144
1670.40600000000144
1672.99100000000144
1674.55500000000145
1674.96000000000145
1675.41300000000145
1676.09300000000145
1676.53900000000145
1677.01100000000145
1679.66400000000145
1682.23300000000145
1685.16300000000146
1685.91500000000146
1687.18500000000146
1697.50200000000147
1709.56700000000148
1712.08200000000148
1712.84700000000148
1720.10400000000149
1721.23400000000149
1723.51800000000149
1724.03000000000149
1725.16200000000149
1725.91100000000149
1726.16400000000149
1726.52300000000149
1726.97700000000149
1728.18700000000149
1729.02700000000149
1729.90800000000149
1730.3280000000015
1814.51300000000157
1823.59800000000158
1826.57400000000158
1828.33100000000158
1830.33900000000158
1831.89600000000159
1833.39700000000159
1835.10100000000159
1836.89400000000159
1837.51200000000159
1838.02400000000159
1839.18700000000159
1839.49500000000159
1840.11500000000159
1840.33000000000159
1840.65000000000159
1843.8730000000016
1844.9760000000016
1845.6130000000016
1846.4190000000016
1847.1660000000016
1847.7660000000016
1848.0730000000016
1848.5100000000016
1848.7660000000016
1849.8600000000016
1850.1420000000016
1850.8800000000016
1851.8930000000016
1852.0680000000016
1852.5260000000016
1853.5090000000016
1853.9510000000016
1854.17200000000161
1854.41400000000161
1854.56400000000161
1854.72600000000161
1854.89300000000161
1855.19300000000161
1855.39700000000161
1855.60600000000161
1855.71600000000161
1856.24100000000161
1856.87000000000161
1858.27800000000161
1858.84100000000161
1860.32100000000161
1860.59500000000161
1860.76300000000161
1875.75900000000162
2218.26199999998303
2229.29499999998181
2230.20599999998171
2230.54799999998167
2231.40399999998158
2232.29599999998148
2232.60999999998145
2232.81399999998142
2233.32499999998137
2233.57299999998134
2233.82799999998131
2234.32999999998126
2234.58999999998123
2235.69599999998111
2236.87899999998098
2237.20799999998094
2237.41999999998092
2237.83199999998087
2238.07799999998084
2238.4849999999808
2238.63199999998078
2240.03499999998063
2240.35699999998059
2240.56699999998057
2240.81099999998054
2241.2049999999805
2241.59599999998046
2241.78399999998044
2242.16399999998039
2242.62499999998034
2244.35799999998015
2244.87399999998009
2245.98899999997997
2246.42399999997992
2247.68299999997979
2248.05599999997974
2248.28299999997972
2249.03199999997964
2249.18299999997962
2249.67499999997957
2249.84799999997955
2250.85699999997944
2251.67499999997935
2252.29899999997928
2252.65799999997924
2253.16599999997918
2253.32999999997916
2253.56199999997914
2253.73599999997912
2253.9149999999791
2254.08599999997908
2270.89799999997723
2272.0389999999771
2272.59899999997704
2273.93699999997689
2277.37799999997651
2277.66199999997648
2277.94699999997645
2281.1709999999761
2281.36099999997608
2281.67899999997604
2281.99799999997601
2283.05299999997589
2283.44299999997585
2283.8699999999758
2284.90399999997569
2285.34199999997564
2285.53399999997562
2286.00699999997556
2286.14699999997555
2286.32099999997553
2286.83999999997547
2287.45499999997541
2288.76299999997526
2289.50499999997518
2290.16399999997511
2290.87099999997503
2291.01599999997501
2291.19799999997499
2291.37599999997497
2291.51899999997496
2292.21199999997488
2292.9119999999748
2293.11799999997478
2293.30099999997476
2293.66499999997472
2294.35699999997464
2295.52699999997452
2296.06299999997446
2298.08899999997423
2298.58499999997418
2298.78899999997416
2299.15599999997412
2299.36699999997409
2299.81199999997404
2301.92599999997381
2303.05999999997369
2303.56299999997363
2303.79599999997361
2303.95299999997359
2304.79999999997349
2305.37299999997343
2307.5129999999732
2309.03499999997303
2309.51899999997298
2310.41699999997288
2321.38899999997167
2322.27999999997157
2346.4809999999689
2351.0529999999684
2353.93099999996808
2355.13499999996795
2355.27699999996794
2355.42199999996792
2356.81899999996777
2357.4139999999677
2357.58799999996768
2357.74699999996766
2358.53999999996758
2358.68799999996756
2358.93299999996753
2359.11999999996751
2359.70699999996745
2361.59599999996724
2362.94499999996709
2363.25299999996706
2363.42999999996704
2363.66599999996701
2365.5669999999668
2367.15799999996663
2368.00499999996653
2368.57399999996647
2368.79899999996645
2370.20699999996629
2371.52599999996615
2372.30399999996606
2372.849999999966
2375.11399999996575
2375.47699999996571
2376.86099999996556
2377.06099999996554
2377.24399999996552
2377.54199999996548
2379.48999999996527
2379.89599999996522
2380.04899999996521
2380.54299999996515
2380.82499999996512
2381.07399999996509
2382.06299999996499
2382.69799999996492
2383.07199999996487
2384.93099999996467
2385.10499999996465
2385.27499999996463
2385.42399999996462
2385.82999999996457
2386.02299999996455
2386.37699999996451
2386.52599999996449
2386.92799999996445
2387.42799999996439
2388.08599999996432
2388.66199999996426
2457.75799999995665
2460.98499999995629
2461.41699999995625
2462.21399999995616
2462.79399999995609
2463.97799999995596
2465.67899999995578
2466.48399999995569
2486.86899999995344
2493.08999999995276
2493.21099999995274
2500.16799999995198
2501.19899999995186
2511.49599999995073
2518.37299999994997
2553.10599999994615
2558.90899999994551
20
-1
30.9939999999999876
85.2460000000000341
233.575000000000166
249.41700000000018
273.290000000000201
367.004000000000284
406.342000000000319
427.877000000000338
478.537000000000383
574.905000000000469
615.565000000000505
1101.11400000000094
1148.33200000000098
1227.60900000000105
1289.2480000000011
1730.3290000000015
1860.76400000000161
2254.08699999997908
2310.41799999997288
2388.66299999996426
0
0
5000
0
0
0
0
7200
0
0
0
0
0
21
0
4188.76399999976601
1800.00000000000156
1800
0
61
0
1
4
7
10
13
16
19
22
25
28
31
34
37
40
43
46
49
52
55
58
61
64
67
70
73
76
79
82
85
88
91
94
97
100
103
106
109
112
115
118
121
124
127
130
133
136
139
142
145
148
151
154
157
160
163
166
169
172
175
178
181
184
187
190
193
196
199
202
205
208
211
214
217
220
223
226
229
232
235
238
241
244
247
250
253
256
259
262
265
268
271
274
277
280
283
286
289
292
295
298
301
304
307
310
313
316
319
322
325
328
331
334
337
340
343
346
349
352
355
358
361
364
367
370
373
376
379
382
385
388
391
394
397
400
403
406
409
412
415
418
421
424
427
430
433
436
439
442
445
448
451
454
457
460
463
466
469
472
475
478
481
484
487
490
493
496
499
502
505
508
511
514
517
520
523
526
529
532
535
538
541
544
547
550
