11
22
19
11
22
19
cPPR1.11
FR5_day5
0
1
10
14
47
11
02
58
24
2
.3
1
443
1
71
1
1
1
1
1
1
1
1
1
1
1
1
1
1
1
1
1
1
1
1
1
1
442
-1
25.4689999999999923
25.835999999999992
26.5589999999999914
26.6979999999999913
26.8679999999999911
27.8739999999999903
32.0769999999999868
32.265999999999987
32.4699999999999872
32.7059999999999874
33.0129999999999877
33.2559999999999879
57.5060000000000094
57.6170000000000095
57.7570000000000096
57.9280000000000098
58.5180000000000103
60.9040000000000124
61.0480000000000126
62.2770000000000137
62.5260000000000139
62.8370000000000142
65.1400000000000162
65.5360000000000166
65.8920000000000169
66.084000000000017
68.1670000000000189
70.507000000000021
70.9460000000000214
71.1580000000000216
72.2070000000000225
72.6040000000000228
72.8750000000000231
81.1060000000000304
81.5210000000000308
83.3630000000000324
83.5640000000000326
84.2510000000000332
84.4210000000000333
138.187000000000081
138.387000000000081
138.859000000000082
139.258000000000082
139.507000000000082
142.984000000000085
143.208000000000086
143.413000000000086
143.601000000000086
143.906000000000086
144.599000000000087
144.756000000000087
145.245000000000087
145.656000000000088
145.943000000000088
146.614000000000089
146.687000000000089
146.862000000000089
149.543000000000091
149.766000000000091
150.002000000000092
150.346000000000092
150.688000000000092
150.930000000000092
151.109000000000093
151.500000000000093
151.687000000000093
151.964000000000093
152.269000000000094
152.947000000000094
153.696000000000095
154.382000000000095
158.138000000000099
158.245000000000099
161.793000000000102
162.804000000000103
164.770000000000105
165.720000000000106
166.968000000000107
169.934000000000109
170.21800000000011
170.56200000000011
185.076000000000123
185.603000000000123
185.797000000000123
186.120000000000124
186.537000000000124
189.107000000000126
189.900000000000127
190.422000000000127
190.822000000000128
191.570000000000128
191.943000000000129
193.47000000000013
194.049000000000131
194.474000000000131
195.050000000000132
211.185000000000146
211.591000000000146
211.811000000000146
212.189000000000147
212.452000000000147
212.795000000000147
214.906000000000149
217.190000000000151
218.413000000000152
218.753000000000153
221.520000000000155
222.281000000000156
223.784000000000157
227.18200000000016
228.039000000000161
228.233000000000161
228.576000000000161
228.772000000000162
229.820000000000162
231.449000000000164
232.992000000000165
233.406000000000166
235.960000000000168
243.296000000000174
243.685000000000175
243.865000000000175
245.828000000000177
246.365000000000177
256.229000000000186
256.501000000000186
257.225000000000187
257.543000000000187
257.686000000000187
272.691000000000201
272.796000000000201
272.964000000000201
273.107000000000201
273.327000000000201
303.374000000000228
303.557000000000228
304.474000000000229
304.660000000000229
344.837000000000265
361.61500000000028
362.01400000000028
362.23400000000028
362.883000000000281
364.551000000000282
366.485000000000284
366.883000000000284
367.131000000000284
369.159000000000286
369.655000000000287
369.736000000000287
371.029000000000288
372.563000000000289
373.16000000000029
373.48400000000029
374.142000000000291
379.184000000000295
380.800000000000297
381.145000000000297
381.450000000000297
381.674000000000297
382.110000000000298
394.609000000000309
396.635000000000311
397.565000000000311
397.796000000000312
404.367000000000318
407.53800000000032
408.749000000000321
409.661000000000322
424.118000000000335
424.665000000000336
425.894000000000337
426.792000000000337
431.571000000000342
432.374000000000342
433.278000000000343
434.445000000000344
435.031000000000345
435.878000000000345
438.336000000000348
438.570000000000348
438.797000000000348
439.715000000000349
440.135000000000349
440.336000000000349
441.988000000000351
442.143000000000351
442.381000000000351
443.657000000000352
444.126000000000353
452.848000000000361
455.335000000000363
455.495000000000363
459.103000000000366
459.325000000000366
462.408000000000369
462.578000000000369
462.770000000000369
463.61600000000037
464.339000000000371
465.386000000000372
466.378000000000373
466.684000000000373
468.185000000000374
470.862000000000377
487.865000000000392
488.619000000000392
489.352000000000393
489.609000000000393
491.232000000000395
531.19100000000043
531.47500000000043
532.179000000000431
533.652000000000432
534.003000000000433
547.998000000000445
549.980000000000447
551.050000000000448
551.527000000000448
552.140000000000449
566.487000000000461
567.106000000000462
567.853000000000463
568.069000000000463
568.869000000000464
575.60000000000047
576.39300000000047
578.420000000000472
581.044000000000474
581.852000000000475
587.87600000000048
588.572000000000481
590.223000000000483
590.759000000000483
591.274000000000484
598.05100000000049
599.21000000000049
599.997000000000491
601.160000000000492
602.666000000000494
607.716000000000498
629.516000000000517
630.986000000000519
633.731000000000521
634.359000000000522
636.017000000000523
636.182000000000523
651.357000000000537
653.387000000000539
653.504000000000539
655.44000000000054
656.038000000000541
656.259000000000541
664.504000000000548
664.837000000000549
668.145000000000552
668.237000000000552
668.412000000000552
671.661000000000555
671.911000000000555
672.222000000000555
672.390000000000556
673.652000000000557
674.046000000000557
674.708000000000558
675.477000000000558
675.736000000000558
681.341000000000563
681.530000000000564
682.167000000000564
682.691000000000565
682.806000000000565
688.78100000000057
689.13200000000057
690.103000000000571
691.706000000000573
693.426000000000574
693.555000000000574
706.449000000000586
709.094000000000588
715.570000000000594
716.025000000000594
717.266000000000595
1113.90600000000095
1115.40700000000095
1118.69600000000095
1119.75800000000095
1120.88500000000095
1131.63300000000096
1135.34300000000097
1135.96300000000097
1139.91300000000097
1140.72800000000097
1145.13600000000098
1145.26500000000098
1145.33400000000098
1146.23000000000098
1146.44700000000098
1147.31800000000098
1147.66600000000098
1147.94500000000098
1163.99700000000099
1165.96100000000099
1167.964000000001
1169.899000000001
1170.827000000001
1174.705000000001
1175.773000000001
1176.041000000001
1177.190000000001
1178.78600000000101
1179.09600000000101
1181.45400000000101
1181.91700000000101
1189.53500000000101
1190.71100000000102
1192.02800000000102
1192.81300000000102
1193.53300000000102
1202.35400000000103
1203.32200000000103
1205.74400000000103
1205.85500000000103
1206.88200000000103
1212.86600000000104
1282.4530000000011
1283.1580000000011
1286.5740000000011
1286.9750000000011
1293.29600000000111
1294.52300000000111
1296.23000000000111
1296.77200000000111
1297.16200000000111
1297.27300000000111
1303.73400000000112
1306.69600000000112
1307.18800000000112
1307.59300000000112
1311.19900000000112
1328.92400000000114
1330.29500000000114
1331.16800000000114
1332.50200000000114
1335.03900000000114
1348.53300000000116
1349.06900000000116
1349.30000000000116
1350.72700000000116
1350.98600000000116
1351.26600000000116
1355.93000000000116
1356.18500000000116
1357.10400000000116
1358.19900000000116
1358.70600000000116
1359.05600000000117
1360.60200000000117
1375.07400000000118
1375.73500000000118
1377.07300000000118
1377.70700000000118
1378.75600000000118
1383.94100000000119
1387.89400000000119
1388.63200000000119
1388.91500000000119
1389.15800000000119
1389.41200000000119
1399.8300000000012
1401.3360000000012
1402.6370000000012
1403.2670000000012
1405.66300000000121
1410.04800000000121
1413.57700000000121
1415.04800000000122
1417.61700000000122
1418.83400000000122
1419.14400000000122
1419.20700000000122
1426.87100000000123
1427.33400000000123
1428.70500000000123
1438.17100000000124
1438.33200000000124
1443.42300000000124
1445.57600000000124
1446.04800000000124
1446.79500000000124
1447.47900000000124
1447.82700000000124
1456.72200000000125
1457.52100000000125
1458.52600000000125
1459.68000000000125
1461.48700000000126
1496.75300000000129
1496.83800000000129
1497.87100000000129
1500.27300000000129
1503.21500000000129
1508.9340000000013
1876.35600000000162
1878.96600000000163
1880.02600000000163
1882.51200000000163
1891.76500000000164
1892.30100000000164
1892.55600000000164
1892.99400000000164
1893.89500000000164
1899.64900000000165
1899.82500000000165
1903.13300000000165
1903.46900000000165
1904.18900000000165
1911.23200000000166
1920.11000000000166
1922.09900000000167
1923.43400000000167
1925.11000000000167
1936.23600000000168
1937.12300000000168
1940.36000000000168
1944.79100000000169
1945.61400000000169
1953.78600000000169
1953.87100000000169
1954.34700000000169
1954.81200000000169
1955.22900000000169
1966.7530000000017
1968.75900000000171
1969.63200000000171
1971.67600000000171
1974.30900000000171
1979.66900000000172
1982.96200000000172
1983.74200000000172
1987.28600000000172
1988.80000000000172
70
-1
26.8679999999999911
33.0129999999999877
58.5180000000000103
68.1670000000000189
84.2510000000000332
139.507000000000082
146.614000000000089
154.382000000000095
166.968000000000107
186.537000000000124
195.050000000000132
212.452000000000147
223.784000000000157
235.960000000000168
246.365000000000177
257.686000000000187
273.327000000000201
344.837000000000265
364.551000000000282
374.142000000000291
382.110000000000298
404.367000000000318
426.792000000000337
435.878000000000345
444.126000000000353
459.325000000000366
470.862000000000377
491.232000000000395
534.003000000000433
552.140000000000449
568.869000000000464
581.852000000000475
591.274000000000484
602.666000000000494
636.017000000000523
656.038000000000541
668.412000000000552
675.736000000000558
682.806000000000565
693.426000000000574
717.266000000000595
1120.88500000000095
1140.72800000000097
1147.94500000000098
1170.827000000001
1181.45400000000101
1193.53300000000102
1206.88200000000103
1286.9750000000011
1297.16200000000111
1311.19900000000112
1335.03900000000114
1350.98600000000116
1360.60200000000117
1378.75600000000118
1389.41200000000119
1405.66300000000121
1419.14400000000122
1438.33200000000124
1447.82700000000124
1461.48700000000126
1503.21500000000129
1882.51200000000163
1893.89500000000164
1904.18900000000165
1925.11000000000167
1945.61400000000169
1955.22900000000169
1974.30900000000171
1988.80000000000172
5
0
5000
0
0
0
0
2700
99
0
0
0
0
0
0
2700.79599999992988
0
0
0
0
0
0
