11
27
19
11
27
19
cPPR1.16
PR3_day3
0
2
13
21
05
14
49
02
23
3
.3
1
1229
1
29
1
1
1
1
1
1
1
1
1
1
1
1
1
1
1
1
1
1
1
1
1
184
1228
-1
6.47400000000000012
6.69200000000000013
11.55900000000000023
30.7849999999999878
32.0399999999999868
32.4019999999999871
34.7389999999999892
35.1609999999999896
36.2949999999999906
49.5990000000000024
49.7480000000000025
50.0970000000000028
51.438000000000004
52.0800000000000046
53.5570000000000059
54.9760000000000072
55.6450000000000078
104.8560000000000515
106.0490000000000525
106.528000000000053
107.1730000000000535
107.6170000000000539
108.3850000000000546
108.4770000000000547
108.9560000000000551
111.2780000000000572
111.7040000000000576
135.780000000000079
136.52300000000008
137.00100000000008
143.982000000000086
144.393000000000087
153.567000000000095
154.917000000000096
155.019000000000096
155.960000000000097
156.995000000000098
157.327000000000098
163.192000000000103
164.451000000000104
176.530000000000115
176.763000000000115
177.348000000000116
179.055000000000117
179.480000000000118
180.034000000000118
180.720000000000119
188.184000000000125
188.496000000000126
237.83700000000017
238.34700000000017
239.777000000000171
240.534000000000172
241.185000000000173
241.603000000000173
242.418000000000174
243.000000000000174
249.84000000000018
252.196000000000182
252.946000000000183
256.852000000000186
257.362000000000187
260.28100000000019
263.498000000000192
266.094000000000195
267.900000000000196
268.438000000000197
269.834000000000198
270.674000000000199
271.8240000000002
272.682000000000201
273.109000000000201
273.741000000000201
278.042000000000205
284.683000000000211
288.075000000000214
293.629000000000219
294.30600000000022
295.734000000000221
296.518000000000222
297.622000000000223
299.750000000000225
301.254000000000226
301.802000000000226
302.732000000000227
303.896000000000228
304.337000000000229
304.705000000000229
305.51500000000023
306.03100000000023
307.152000000000231
310.132000000000234
310.956000000000235
314.169000000000237
314.567000000000238
315.740000000000239
316.153000000000239
317.970000000000241
331.327000000000253
335.805000000000257
337.164000000000258
338.341000000000259
342.438000000000262
343.053000000000263
344.216000000000264
345.169000000000265
345.568000000000265
345.915000000000266
347.007000000000267
349.802000000000269
403.325000000000317
404.737000000000318
405.217000000000318
405.931000000000319
408.104000000000321
413.015000000000325
443.676000000000352
444.217000000000353
444.683000000000353
446.945000000000355
452.69800000000036
453.620000000000361
456.230000000000364
457.423000000000365
462.94000000000037
463.66900000000037
464.830000000000371
472.587000000000378
473.252000000000379
474.075000000000379
474.77900000000038
475.14600000000038
475.817000000000381
476.497000000000382
477.003000000000382
478.773000000000384
488.294000000000392
488.796000000000392
491.937000000000395
531.676000000000431
533.198000000000432
533.575000000000432
538.208000000000436
539.257000000000437
542.15100000000044
543.880000000000441
544.414000000000442
544.926000000000442
545.583000000000443
549.723000000000447
550.255000000000447
551.410000000000448
553.40700000000045
568.254000000000463
569.243000000000464
570.132000000000465
570.555000000000465
576.21400000000047
577.028000000000471
577.804000000000472
579.156000000000473
579.631000000000473
580.554000000000474
584.381000000000477
585.680000000000478
586.177000000000479
587.00800000000048
588.229000000000481
588.581000000000481
588.785000000000481
591.667000000000484
592.708000000000485
593.376000000000485
593.958000000000486
594.685000000000486
595.611000000000487
596.273000000000488
598.29000000000049
598.79400000000049
600.528000000000492
601.465000000000492
602.352000000000493
609.8510000000005
611.848000000000502
612.212000000000502
625.970000000000514
626.818000000000515
627.451000000000516
628.505000000000517
629.789000000000518
631.736000000000519
633.483000000000521
634.096000000000522
639.577000000000526
640.876000000000528
642.390000000000529
644.857000000000531
647.007000000000533
650.021000000000536
652.029000000000537
680.016000000000562
681.349000000000564
681.988000000000564
682.573000000000565
684.564000000000566
684.807000000000566
685.174000000000567
685.819000000000567
686.240000000000568
688.023000000000569
689.994000000000571
690.774000000000572
693.684000000000574
695.272000000000576
695.439000000000576
695.851000000000576
696.296000000000577
696.818000000000577
697.453000000000578
716.147000000000594
718.824000000000597
722.2590000000006
727.179000000000604
731.195000000000608
732.263000000000609
733.28700000000061
733.49600000000061
733.95900000000061
736.110000000000612
737.744000000000614
738.759000000000614
739.421000000000615
740.035000000000616
740.663000000000616
741.522000000000617
742.652000000000618
743.335000000000618
743.605000000000619
745.55900000000062
749.413000000000624
751.800000000000626
752.695000000000627
757.990000000000632
758.329000000000632
758.569000000000632
760.556000000000634
763.169000000000636
764.297000000000637
765.803000000000638
766.489000000000639
767.35900000000064
774.250000000000646
775.498000000000647
776.593000000000648
777.304000000000649
779.24000000000065
779.676000000000651
796.816000000000666
797.445000000000667
797.636000000000667
798.519000000000668
799.683000000000669
800.123000000000669
802.094000000000671
802.639000000000671
803.361000000000672
805.266000000000674
806.745000000000675
807.929000000000676
809.154000000000677
809.747000000000678
813.953000000000681
815.805000000000683
816.840000000000684
817.146000000000684
820.377000000000687
820.982000000000688
821.285000000000688
821.920000000000688
823.51800000000069
824.590000000000691
825.532000000000692
826.579000000000692
829.786000000000695
833.491000000000699
834.304000000000699
838.389000000000703
845.270000000000709
846.29000000000071
852.226000000000715
852.520000000000716
854.475000000000717
855.026000000000718
856.807000000000719
858.216000000000721
858.526000000000721
858.850000000000721
883.169000000000743
884.594000000000744
885.283000000000745
887.333000000000746
887.845000000000747
889.267000000000748
889.825000000000749
890.542000000000749
892.422000000000751
893.250000000000752
897.404000000000755
898.316000000000756
900.743000000000758
901.174000000000759
902.42900000000076
902.98300000000076
903.996000000000761
905.714000000000763
908.520000000000765
909.403000000000766
909.938000000000767
911.914000000000768
914.888000000000771
916.093000000000772
916.944000000000773
918.862000000000774
920.822000000000776
921.347000000000777
925.54400000000078
926.109000000000781
928.033000000000783
928.461000000000783
930.489000000000785
931.993000000000786
936.20500000000079
937.323000000000791
938.772000000000792
939.606000000000793
940.146000000000793
940.853000000000794
942.199000000000795
942.502000000000795
942.934000000000796
943.751000000000797
957.507000000000809
957.900000000000809
959.04500000000081
959.21900000000081
959.993000000000811
961.255000000000812
961.801000000000813
962.175000000000813
965.825000000000816
967.039000000000817
968.130000000000818
969.379000000000819
971.529000000000821
973.249000000000823
974.190000000000824
975.237000000000824
977.707000000000827
978.592000000000828
980.249000000000829
982.341000000000831
986.635000000000835
988.328000000000836
989.154000000000837
995.274000000000842
999.350000000000846
1004.06100000000085
1005.238000000000851
1005.697000000000852
1009.605000000000855
1011.035000000000856
1014.456000000000859
1016.371000000000861
1016.772000000000861
1017.196000000000862
1018.216000000000863
1020.801000000000865
1022.596000000000866
1024.27000000000087
1046.63600000000089
1088.03700000000092
1088.60400000000093
1089.68500000000093
1090.70200000000093
1091.10100000000093
1091.69300000000093
1094.00200000000093
1104.54500000000094
1105.11400000000094
1105.89400000000094
1106.86100000000094
1107.34800000000094
1109.11100000000094
1110.11100000000094
1111.38900000000095
1111.84400000000095
1113.17200000000095
1121.07200000000095
1121.63500000000095
1121.98700000000095
1126.59200000000096
1130.32200000000096
1131.58100000000096
1132.00500000000096
1134.59400000000097
1134.71600000000097
1138.65000000000097
1140.39100000000097
1140.98900000000097
1141.57400000000097
1142.02800000000097
1143.48700000000097
1143.93300000000097
1144.58600000000097
1145.97100000000098
1147.15600000000098
1150.13600000000098
1150.93200000000098
1152.77800000000098
1153.97600000000098
1154.54300000000098
1155.17200000000098
1158.12600000000099
1158.92800000000099
1160.70700000000099
1161.12300000000099
1163.02500000000099
1167.09900000000099
1168.527000000001
1170.551000000001
1171.497000000001
1172.952000000001
1174.840000000001
1177.416000000001
1179.78600000000101
1183.30800000000101
1183.52600000000101
1221.30900000000104
1221.87400000000104
1223.02000000000104
1223.59200000000104
1225.77800000000105
1226.47000000000105
1227.41900000000105
1228.91500000000105
1229.94900000000105
1232.95100000000105
1235.05200000000106
1236.02100000000106
1237.26700000000106
1238.78600000000106
1240.14800000000106
1241.01300000000106
1241.89300000000106
1244.32900000000106
1246.77900000000107
1249.00300000000107
1250.73800000000107
1251.85400000000107
1252.66100000000107
1253.56900000000107
1254.12500000000107
1255.91600000000107
1259.62600000000108
1261.52600000000108
1264.10500000000108
1265.06900000000108
1265.72200000000108
1267.90300000000108
1269.94200000000109
1274.46700000000109
1275.54100000000109
1276.56800000000109
1278.99400000000109
1279.8750000000011
1280.4980000000011
1281.0420000000011
1288.3690000000011
1289.3780000000011
1290.9270000000011
1291.80500000000111
1293.76500000000111
1295.13900000000111
1296.58200000000111
1297.67800000000111
1298.07400000000111
1299.89300000000111
1304.51600000000112
1305.38700000000112
1337.61500000000115
1337.76000000000115
1339.06700000000115
1340.90800000000115
1342.29400000000115
1364.00800000000117
1364.85000000000117
1366.15300000000117
1366.65400000000117
1369.08300000000117
1370.94100000000118
1375.22700000000118
1376.12500000000118
1376.59400000000118
1377.80400000000118
1378.51500000000118
1379.45400000000118
1380.23600000000118
1382.17100000000119
1383.14600000000119
1383.51400000000119
1389.58900000000119
1390.26500000000119
1393.2790000000012
1395.5360000000012
1396.5090000000012
1397.5620000000012
1398.2980000000012
1399.5520000000012
1400.5550000000012
1401.5750000000012
1403.0520000000012
1407.26400000000121
1408.75600000000121
1409.36000000000121
1409.48000000000121
1410.15800000000121
1411.57300000000121
1411.91100000000121
1414.46900000000121
1415.11800000000122
1417.45700000000122
1418.81600000000122
1419.44000000000122
1434.26500000000123
1435.38800000000123
1436.35100000000123
1438.52200000000124
1439.60300000000124
1440.54400000000124
1442.81200000000124
1443.48700000000124
1443.88300000000124
1444.26500000000124
1450.00100000000125
1462.50300000000126
1466.29000000000126
1467.67700000000126
1469.19300000000126
1469.76900000000126
1469.87400000000126
1472.72800000000127
1475.03100000000127
1477.80900000000127
1479.44200000000127
1479.94500000000127
1485.82800000000128
1487.07200000000128
1492.48400000000128
1495.22300000000129
1495.67500000000129
1496.89700000000129
1499.21800000000129
1500.71500000000129
1504.82800000000129
1505.4730000000013
1507.7500000000013
1536.26300000000132
1537.89100000000132
1552.54600000000134
1552.82100000000134
1553.77800000000134
1554.47600000000134
1554.97300000000134
1555.55600000000134
1556.00100000000134
1556.50300000000134
1557.02800000000134
1557.29100000000134
1558.67800000000134
1559.82600000000134
1560.50000000000134
1561.55000000000135
1562.44900000000135
1564.74100000000135
1567.74300000000135
1570.43500000000135
1571.95200000000135
1572.50300000000135
1573.41000000000136
1574.28300000000136
1574.78900000000136
1577.25000000000136
1578.55900000000136
1580.00100000000136
1580.44200000000136
1580.89000000000136
1582.72600000000136
1583.11400000000136
1584.07300000000137
1590.27200000000137
1591.44800000000137
1592.12700000000137
1609.12600000000139
1610.01200000000139
1611.07600000000139
1611.58700000000139
1612.82400000000139
1613.44600000000139
1615.20200000000139
1616.76100000000139
1617.50900000000139
1618.0990000000014
1619.6220000000014
1622.1570000000014
1623.0020000000014
1624.9530000000014
1628.6130000000014
1629.98600000000141
1630.55000000000141
1630.89000000000141
1632.83400000000141
1634.55400000000141
1636.86600000000141
1637.80300000000141
1640.33300000000142
1641.33500000000142
1642.41300000000142
1644.01200000000142
1646.38000000000142
1647.22200000000142
1648.31800000000142
1649.29600000000142
1652.04900000000143
1653.02700000000143
1655.67500000000143
1656.87100000000143
1657.75900000000143
1658.60400000000143
1659.72900000000143
1660.86000000000143
1661.73500000000143
1662.66100000000144
1663.35700000000144
1664.45300000000144
1667.76300000000144
1669.98200000000144
1670.76500000000144
1671.76700000000144
1672.65000000000144
1682.02500000000145
1682.86100000000145
1683.52400000000145
1684.33800000000145
1684.92100000000145
1685.55900000000146
1686.25500000000146
1687.31300000000146
1688.24000000000146
1688.63900000000146
1689.34700000000146
1689.76300000000146
1690.32600000000146
1692.14800000000146
1708.06200000000148
1710.12100000000148
1712.14300000000148
1713.12300000000148
1713.97800000000148
1715.77600000000148
1716.36800000000148
1717.93900000000148
1719.15700000000149
1719.65700000000149
1722.69100000000149
1725.19200000000149
1726.10200000000149
1729.68400000000149
1731.3960000000015
1732.2500000000015
1733.2250000000015
1733.9800000000015
1736.4400000000015
1738.0020000000015
1739.5530000000015
1741.0800000000015
1741.4630000000015
1742.94700000000151
1746.49600000000151
1747.54300000000151
1748.75800000000151
1750.71200000000151
1751.59800000000151
1754.58200000000152
1755.28100000000152
1755.88700000000152
1756.93900000000152
1758.39400000000152
1764.35200000000153
1766.14700000000153
1769.47800000000153
1805.23400000000156
1806.26700000000156
1807.33000000000156
1808.19500000000156
1809.24300000000157
1809.73400000000157
1813.98800000000157
1814.67000000000157
1815.17700000000157
1815.71900000000157
1816.18800000000157
1819.57800000000157
1820.42700000000158
1820.87900000000158
1822.74600000000158
1824.84700000000158
1825.44600000000158
1827.83400000000158
1828.97200000000158
1831.15900000000158
1833.69200000000159
1837.27800000000159
1838.58800000000159
1840.43900000000159
1841.05600000000159
1842.53000000000159
1843.3350000000016
1883.78300000000163
1884.91000000000163
1885.94300000000163
1886.46500000000163
1887.38500000000163
1888.38300000000164
1889.25000000000164
1892.91100000000164
1893.45100000000164
1894.61900000000164
1895.07800000000164
1895.66200000000164
1896.56900000000164
1897.56100000000164
1898.23100000000164
1899.02500000000164
1899.79200000000165
1901.53900000000165
1902.42100000000165
1902.96300000000165
1903.66100000000165
1906.54700000000165
1906.86000000000165
1907.42900000000165
1908.50500000000165
1911.19300000000166
1911.91300000000166
1914.50400000000166
1915.11600000000166
1916.80100000000166
1918.65700000000166
1919.28600000000166
1920.48000000000166
1922.48100000000167
1923.65700000000167
1924.41400000000167
1932.85400000000168
1934.42900000000168
1936.13100000000168
1936.86300000000168
1938.72100000000168
1940.69500000000168
1941.83700000000168
1947.47600000000169
1948.71300000000169
1948.96800000000169
1951.91500000000169
1953.69300000000169
1956.6140000000017
1957.5560000000017
1958.0790000000017
1959.8930000000017
1960.9360000000017
1965.7180000000017
1966.6000000000017
1967.14900000000171
1969.71800000000171
1971.41200000000171
1975.95000000000171
1980.77400000000172
1983.18500000000172
1984.05800000000172
1984.62900000000172
1985.39000000000172
1987.15600000000172
1988.34100000000172
1989.08800000000172
2013.10300000000175
2013.74800000000175
2014.05100000000175
2014.28100000000175
2014.85500000000175
2015.22500000000175
2015.68500000000175
2016.14400000000175
2016.62700000000175
2016.85000000000175
2017.06700000000175
2017.43500000000175
2019.82800000000175
2020.40600000000175
2020.73800000000175
2021.87300000000175
2022.80400000000176
2025.45400000000176
2029.91400000000176
2030.34800000000176
2030.61600000000176
2031.38300000000176
2034.16700000000176
2034.83300000000177
2035.85600000000177
2038.17200000000177
2038.95900000000177
2041.68900000000177
2043.03300000000177
2043.64900000000177
2044.67200000000177
2045.53400000000178
2046.09100000000178
2048.07100000000177
2048.99500000000167
2049.43500000000162
2050.12900000000154
2050.65000000000149
2052.20400000000131
2053.70400000000115
2054.65600000000104
2055.23900000000098
2057.15900000000077
2058.83300000000058
2060.02700000000045
2064.132
2064.89699999999992
2068.01499999999957
2068.38899999999953
2072.83899999999904
2077.7939999999985
2079.36899999999832
2082.15399999999802
2084.69399999999774
2086.16499999999757
2087.05499999999748
2087.64299999999741
2095.23199999999658
2096.57799999999643
2097.7269999999963
2098.23399999999624
2098.55199999999621
2099.78899999999607
2101.19999999999592
2102.96399999999572
2103.56599999999566
2104.72299999999553
2104.89499999999551
2105.22799999999547
2210.22699999998391
2210.73799999998385
2233.9739999999813
2235.45299999998113
2238.57299999998079
2239.79299999998065
2240.46499999998058
2243.29399999998027
2244.10899999998018
2246.51399999997991
2247.19699999997984
2247.63799999997979
2248.12899999997974
2249.53199999997958
2252.60199999997924
2255.48499999997893
2256.01799999997887
2256.67499999997879
2258.52199999997859
2260.70199999997835
2263.60099999997803
2266.46199999997772
2267.4969999999776
2269.3329999999774
2269.68499999997736
2270.51199999997727
2271.76299999997713
2273.40999999997695
2281.45299999997607
2285.09499999997566
2286.15199999997555
2288.63799999997527
2295.6669999999745
2297.13099999997434
2297.70399999997428
2301.81599999997382
2304.69299999997351
2305.42599999997343
2306.00299999997336
2306.09999999997335
2306.78699999997328
2307.53099999997319
2308.48499999997309
2311.70399999997273
2312.59099999997264
2313.22399999997257
2316.92999999997216
2318.60999999997197
2319.2589999999719
2320.42599999997177
2321.32999999997167
2324.79699999997129
2325.47999999997122
2326.49699999997111
2327.20799999997103
2327.475999999971
2327.87899999997095
2329.52899999997077
2333.7629999999703
2340.68699999996954
2341.58299999996944
2342.42899999996935
2343.46299999996924
2355.5689999999679
2357.52699999996769
2371.56599999996614
2373.04299999996598
2373.68199999996591
2374.23399999996585
2377.59599999996548
2382.18899999996497
2384.25299999996474
2385.78199999996458
2390.86699999996402
2391.64399999996393
2405.91899999996236
2406.86099999996225
2408.39999999996208
2410.70099999996183
2411.73199999996172
2413.98399999996147
2419.38499999996088
2420.43899999996076
2421.04399999996069
2422.29099999996056
2423.10199999996047
2425.4929999999602
2426.50299999996009
2427.44899999995999
2429.1029999999598
2432.44299999995944
2439.27499999995868
2442.11799999995837
2443.87099999995818
2444.75699999995808
2448.11799999995771
2450.9119999999574
2452.53199999995722
2457.3049999999567
2458.33399999995659
2459.30599999995648
2481.57199999995403
2483.71299999995379
2484.83699999995367
2485.24099999995362
2485.85299999995355
2488.52599999995326
2489.25399999995318
2490.39199999995305
2490.53999999995304
2492.18499999995286
2496.41399999995239
2501.02799999995188
2505.19399999995142
2508.58699999995105
2510.8359999999508
2516.03899999995023
2520.79899999994971
2524.5099999999493
2530.11199999994868
2531.99699999994847
2536.65799999994796
2537.55899999994786
2538.53499999994775
2540.25399999994756
2550.69899999994641
2552.13199999994626
2553.11599999994615
2554.421999999946
2674.57999999993277
2675.2109999999327
2676.50199999993256
2680.23999999993215
2683.99499999993173
2685.47499999993157
2687.69499999993132
2689.43099999993113
2691.10899999993095
2692.69699999993077
2693.66899999993067
2695.86899999993042
2696.02499999993041
2697.25399999993027
2699.27899999993005
2699.94799999992998
2700.18199999992995
2703.3509999999296
2704.88599999992943
2705.2169999999294
2706.22599999992928
2707.17499999992918
2727.71499999992692
2728.85399999992679
2729.53299999992672
2730.32599999992663
2730.98899999992656
2732.06199999992644
2732.67399999992637
2733.55399999992627
2735.79899999992603
2737.8169999999258
2738.22899999992576
2742.90399999992524
2744.80699999992504
2745.56799999992495
2748.50699999992463
2749.16299999992456
2751.4739999999243
2753.12099999992412
2754.04599999992402
2754.69599999992395
2755.62999999992384
2756.26699999992377
2759.05999999992347
2761.57399999992319
2764.40599999992288
2765.61899999992274
2767.60799999992252
2771.92699999992205
2773.74799999992185
2775.19199999992169
2777.8479999999214
2783.43399999992078
2786.67399999992042
2788.50199999992022
2789.48399999992011
2790.42599999992001
2791.33499999991991
2793.14099999991971
2794.49799999991956
2795.70199999991943
2797.94499999991918
2798.61299999991911
2799.27899999991904
2800.90199999991886
2803.77199999991854
2810.60199999991779
2815.26099999991728
2817.49199999991703
2820.68399999991668
2823.1749999999164
2823.81199999991633
2824.88899999991622
2826.10699999991608
2827.69099999991591
2828.41699999991583
2829.64399999991569
2833.34199999991528
2839.78599999991457
2849.58999999991349
2850.34699999991341
2851.48499999991329
2852.49399999991318
2853.30099999991309
2855.49799999991284
2856.8369999999127
2858.96699999991246
2859.91399999991236
2863.87199999991192
2865.73399999991172
2866.96499999991158
2868.47899999991141
2869.66799999991128
2872.30099999991099
2873.22599999991089
2874.0769999999108
2878.35399999991033
2879.71999999991018
2884.77299999990962
2885.93299999990949
2906.7619999999072
2979.74999999989916
2981.172999999899
2984.06699999989868
2989.84799999989805
2991.68099999989785
2992.46799999989776
2993.8669999998976
2995.50299999989742
2997.31899999989722
2997.89399999989716
2999.17899999989702
3000.52599999989687
3002.51699999989665
3004.18899999989647
3004.95499999989638
3010.55899999989577
3049.99399999989142
3052.09499999989119
3052.68799999989113
3054.25199999989095
3055.73899999989079
3056.41199999989072
3056.98599999989065
3060.1709999998903
3061.55399999989015
3064.7809999998898
3065.69299999988969
3067.5029999998895
3069.91899999988923
3074.40699999988874
3077.4859999998884
3080.48199999988807
3082.17599999988788
3082.79899999988781
3083.45499999988774
3084.10099999988767
3086.29199999988743
3090.03199999988701
3090.73799999988694
3091.72099999988683
3092.65199999988673
3092.78299999988671
3093.53499999988663
3094.7259999998865
3097.67999999988617
3098.88699999988604
3102.49699999988564
3115.07999999988426
3116.66199999988408
3120.0849999998837
3156.98399999987964
3158.49899999987947
3159.27199999987939
3161.26799999987917
3162.780999999879
3164.5749999998788
3165.37899999987872
3165.83299999987867
3169.03199999987831
3169.71399999987824
3171.22199999987807
3172.43699999987794
3174.65799999987769
3175.5129999998776
3176.16599999987753
3329.46299999986064
3330.29299999986055
3332.05199999986036
3341.04499999985937
3347.37399999985867
3348.88599999985851
3351.08399999985826
3353.16799999985803
3365.11199999985672
3366.72699999985654
3382.20299999985484
3419.27299999985075
3435.91999999984892
3436.94999999984881
3437.98299999984869
3439.28499999984855
3439.64399999984851
3463.3389999998459
3465.01999999984572
3469.50199999984522
3469.6659999998452
3471.44399999984501
3472.60299999984488
3473.83899999984474
3496.61899999984223
3497.76599999984211
3499.21799999984195
3500.79599999984177
3502.24899999984162
3509.40399999984083
3519.85099999983968
4578.20199999972312
4966.54699999968035
4998.27399999967685
4999.43799999967672
5001.26599999967652
5001.74299999967647
5004.1769999996762
5007.21899999967587
5009.52799999967561
5011.81999999967536
5012.69099999967526
5014.09399999967511
5015.79199999967492
5017.69799999967471
5017.8409999996747
5018.56999999967462
5019.98699999967446
5020.5609999996744
5021.53299999967429
5022.42499999967419
5025.0789999996739
5027.31199999967365
5028.25699999967355
5029.28899999967344
5031.86599999967315
5037.71599999967251
5039.33299999967233
5042.301999999672
5043.2369999996719
5046.61099999967153
5047.7989999996714
5049.48799999967121
5052.91499999967083
5057.60499999967032
5060.00099999967005
5064.64199999966954
5079.82999999966787
5089.87499999966676
28
-1
6.47500000000000012
34.7399999999999892
54.9770000000000072
111.7050000000000576
164.452000000000104
242.419000000000174
288.076000000000214
317.971000000000241
456.231000000000364
551.411000000000448
611.849000000000502
697.454000000000578
779.24100000000065
858.851000000000721
942.935000000000796
1094.00300000000093
1183.30900000000101
1305.38800000000112
1450.00200000000125
1592.12800000000137
1692.14900000000146
1843.3360000000016
1989.08900000000172
2210.22799999998391
2391.64499999996393
2707.17599999992918
2885.93399999990949
3439.28599999984855
0
0
5000
0
0
0
0
7200
0
0
0
0
0
29
0
5239.3869999996503
1800.00000000000156
1800
0
85
0
1
4
7
10
13
16
19
22
25
28
31
34
37
40
43
46
49
52
55
58
61
64
67
70
73
76
79
82
85
88
91
94
97
100
103
106
109
112
115
118
121
124
127
130
133
136
139
142
145
148
151
154
157
160
163
166
169
172
175
178
181
184
187
190
193
196
199
202
205
208
211
214
217
220
223
226
229
232
235
238
241
244
247
250
253
256
259
262
265
268
271
274
277
280
283
286
289
292
295
298
301
304
307
310
313
316
319
322
325
328
331
334
337
340
343
346
349
352
355
358
361
364
367
370
373
376
379
382
385
388
391
394
397
400
403
406
409
412
415
418
421
424
427
430
433
436
439
442
445
448
451
454
457
460
463
466
469
472
475
478
481
484
487
490
493
496
499
502
505
508
511
514
517
520
523
526
529
532
535
538
541
544
547
550
