11
25
19
11
25
19
cPPR1.14
PR3_day1
0
4
12
18
50
13
59
02
23
3
.3
1
686
1
22
1
1
1
1
1
1
1
1
1
1
1
1
1
1
1
1
1
1
1
1
1
184
685
-1
133.211000000000077
146.155000000000088
149.668000000000091
153.545000000000095
154.161000000000095
171.464000000000111
172.626000000000112
176.193000000000115
178.256000000000117
183.950000000000122
184.692000000000122
189.879000000000127
190.342000000000127
199.859000000000136
200.727000000000137
201.424000000000137
202.643000000000138
204.29400000000014
208.816000000000144
209.453000000000144
210.353000000000145
210.584000000000145
211.708000000000146
226.205000000000159
229.423000000000162
230.600000000000163
231.025000000000164
232.076000000000164
245.124000000000176
245.846000000000177
246.021000000000177
247.763000000000178
248.880000000000179
249.64100000000018
254.642000000000185
256.075000000000186
265.358000000000194
265.913000000000195
274.610000000000202
277.589000000000205
279.425000000000207
281.171000000000208
284.274000000000211
284.406000000000211
285.026000000000212
285.566000000000212
285.805000000000212
287.212000000000213
318.458000000000241
319.605000000000242
319.815000000000242
320.718000000000243
330.900000000000252
332.153000000000253
335.731000000000257
337.434000000000258
337.614000000000258
338.202000000000259
342.886000000000263
343.448000000000263
344.105000000000264
344.473000000000264
346.147000000000266
346.355000000000266
349.599000000000269
353.646000000000272
354.041000000000273
354.454000000000273
358.718000000000277
358.943000000000277
359.752000000000278
359.956000000000278
372.87600000000029
373.75700000000029
374.527000000000291
377.455000000000294
378.618000000000295
378.902000000000295
380.274000000000296
380.447000000000296
380.629000000000296
381.258000000000297
416.733000000000328
417.538000000000329
418.26000000000033
418.41100000000033
418.68000000000033
421.101000000000332
421.208000000000332
422.627000000000334
423.310000000000334
423.978000000000335
426.198000000000337
426.899000000000337
433.692000000000344
434.601000000000344
435.068000000000345
435.792000000000345
436.730000000000346
436.846000000000346
437.850000000000347
440.050000000000349
440.382000000000349
440.65100000000035
447.692000000000356
447.800000000000356
448.134000000000356
448.371000000000357
449.829000000000358
450.491000000000358
450.895000000000359
481.151000000000386
481.290000000000386
481.803000000000386
482.150000000000387
483.512000000000388
483.658000000000388
483.807000000000388
485.79800000000039
495.994000000000399
506.524000000000408
506.642000000000408
507.163000000000409
507.592000000000409
507.936000000000409
508.25400000000041
508.70500000000041
511.409000000000413
511.606000000000413
512.409000000000413
513.582000000000414
514.067000000000415
520.35100000000042
520.766000000000421
521.419000000000421
521.849000000000422
522.107000000000422
522.577000000000422
524.730000000000424
525.035000000000425
525.270000000000425
527.607000000000427
551.821000000000448
573.212000000000467
573.516000000000468
573.690000000000468
578.478000000000472
587.988000000000481
588.364000000000481
588.864000000000481
594.595000000000486
596.472000000000488
613.556000000000503
613.668000000000503
614.048000000000504
614.291000000000504
615.013000000000505
615.399000000000505
615.801000000000505
616.030000000000506
618.728000000000508
619.132000000000508
621.07800000000051
623.459000000000512
660.959000000000545
661.433000000000546
662.198000000000546
663.952000000000548
664.035000000000548
664.933000000000549
665.300000000000549
665.97900000000055
666.38700000000055
667.006000000000551
690.674000000000572
691.173000000000572
692.113000000000573
692.468000000000573
692.765000000000574
701.830000000000582
703.026000000000583
704.529000000000584
704.856000000000584
705.244000000000585
705.706000000000585
706.256000000000586
706.589000000000586
706.746000000000586
707.068000000000586
708.342000000000587
708.676000000000588
709.565000000000588
711.75600000000059
712.204000000000591
713.214000000000592
715.278000000000594
716.308000000000594
716.586000000000595
718.760000000000597
719.360000000000597
719.678000000000598
720.139000000000598
727.145000000000604
728.272000000000605
730.438000000000607
731.279000000000608
732.156000000000609
732.574000000000609
744.55000000000062
744.99700000000062
745.52200000000062
746.006000000000621
746.250000000000621
754.075000000000628
759.760000000000633
771.038000000000643
772.225000000000644
773.147000000000645
773.887000000000646
774.303000000000646
774.435000000000646
775.132000000000647
779.938000000000651
781.510000000000652
782.556000000000653
783.798000000000654
785.721000000000656
788.030000000000658
789.285000000000659
820.488000000000687
822.993000000000689
824.01900000000069
824.765000000000691
833.320000000000698
833.764000000000699
833.893000000000699
834.143000000000699
834.309000000000699
834.419000000000699
834.8290000000007
835.4820000000007
835.5800000000007
836.339000000000701
836.566000000000701
836.853000000000702
837.262000000000702
837.674000000000702
838.196000000000703
841.595000000000706
841.897000000000706
854.679000000000717
857.88400000000072
858.697000000000721
859.596000000000722
860.029000000000722
860.459000000000723
862.867000000000725
873.425000000000734
874.181000000000735
897.110000000000755
897.603000000000756
898.767000000000757
899.129000000000757
899.567000000000757
925.22700000000078
926.146000000000781
926.797000000000782
930.207000000000784
930.445000000000785
931.184000000000785
931.414000000000786
932.157000000000786
932.306000000000786
932.886000000000787
933.757000000000788
934.740000000000789
937.843000000000791
938.428000000000792
941.443000000000794
941.675000000000795
942.266000000000795
942.781000000000796
945.990000000000799
946.568000000000799
947.8070000000008
947.9590000000008
950.051000000000802
950.283000000000802
951.882000000000804
953.033000000000805
969.525000000000819
969.96600000000082
979.394000000000828
981.45800000000083
983.142000000000832
983.994000000000832
989.676000000000837
990.613000000000838
991.005000000000838
993.500000000000841
1045.75700000000089
1046.67700000000089
1047.16100000000089
1047.81200000000089
1047.95100000000089
1048.09800000000089
1049.63800000000089
1050.87800000000089
1053.02300000000089
1053.77900000000089
1054.44500000000089
1055.5920000000009
1057.3440000000009
1086.35800000000092
1086.57700000000092
1086.98600000000092
1088.73900000000093
1091.21000000000093
1091.61100000000093
1091.73600000000093
1091.98900000000093
1092.09400000000093
1092.49700000000093
1092.62300000000093
1092.75700000000093
1093.04400000000093
1093.72400000000093
1093.98000000000093
1094.15700000000093
1094.32500000000093
1196.01900000000102
1230.44300000000105
1230.78100000000105
1246.67400000000107
1248.03700000000107
1248.78800000000107
1249.37300000000107
1250.67400000000107
1251.03400000000107
1256.07900000000107
1264.59300000000108
1269.64800000000109
1269.89900000000109
1270.52300000000109
1282.8800000000011
1283.5660000000011
1288.3270000000011
1288.6220000000011
1295.75100000000111
1296.64600000000111
1297.54100000000111
1303.73900000000112
1304.11400000000112
1304.52500000000112
1307.97400000000112
1309.19600000000112
1312.14900000000112
1322.73200000000113
1340.77600000000115
1341.98600000000115
1346.02800000000115
1354.08300000000116
1354.69600000000116
1355.01200000000116
1355.97900000000116
1356.32900000000116
1358.17200000000116
1375.99700000000118
1376.38500000000118
1377.45300000000118
1377.96200000000118
1378.10300000000118
1378.71800000000118
1380.23500000000118
1380.34700000000118
1380.47100000000118
1380.65700000000118
1382.72300000000119
1383.12000000000119
1396.1160000000012
1398.1370000000012
1399.2310000000012
1401.9080000000012
1402.6730000000012
1403.5650000000012
1407.03100000000121
1407.62200000000121
1414.39300000000121
1426.24600000000122
1426.37400000000123
1430.42700000000123
1438.22200000000124
1439.40500000000124
1444.18300000000124
1444.62200000000124
1446.43500000000124
1449.21500000000125
1452.83200000000125
1453.17600000000125
1455.54100000000125
1456.07400000000125
1456.81800000000125
1457.53600000000125
1500.03100000000129
1517.93000000000131
1537.49200000000132
1538.01800000000132
1545.52000000000133
1565.86500000000135
1566.37000000000135
1583.36000000000136
1584.04100000000137
1589.81500000000137
1594.10700000000137
1594.49700000000137
1594.72100000000137
1596.32000000000138
1614.43900000000139
1617.13900000000139
1617.7500000000014
1618.3650000000014
1621.3780000000014
1622.5390000000014
1623.1150000000014
1650.64900000000142
1652.19600000000143
1652.69800000000143
1661.32400000000143
1674.60100000000145
1677.83900000000145
1681.86900000000145
1704.00900000000147
1706.34800000000147
1708.11800000000148
1719.87100000000149
1721.26000000000149
1741.61700000000151
1742.95300000000151
1770.72000000000153
1773.38000000000153
1781.69300000000154
1783.10300000000154
1784.61000000000154
1786.36000000000154
1787.36700000000155
1788.67400000000155
1795.43000000000155
1801.08800000000156
1810.62300000000157
1887.17200000000163
1981.67200000000172
1986.69700000000172
1989.51500000000173
1993.60600000000173
1994.04600000000173
1994.53800000000173
1999.00100000000173
2015.36400000000175
2016.14200000000175
2016.55000000000175
2018.19300000000175
2023.65500000000176
2024.83400000000176
2025.33700000000176
2026.97500000000176
2036.61200000000177
2037.04700000000177
2037.55400000000177
2039.18100000000177
2040.27800000000177
2042.68400000000177
2045.34900000000177
2051.50100000000139
2052.06700000000133
2054.64300000000105
2055.81100000000092
2059.22300000000054
2061.49700000000029
2061.79600000000026
2062.71100000000016
2078.97499999999837
2083.36099999999788
2093.82899999999673
2097.59099999999632
2114.70199999999443
2122.03699999999362
2127.32399999999304
2141.53999999999148
2142.89799999999133
2153.82399999999012
2157.59599999998971
2165.42299999998884
2187.32299999998643
2196.54999999998542
2239.77499999998066
2245.97199999997997
2247.29299999997983
2247.68599999997978
2256.52899999997881
2256.99199999997876
2310.39399999997288
2311.05599999997281
2311.80199999997272
2315.15699999997235
2328.47999999997089
2328.96399999997083
2331.29099999997058
2332.0109999999705
2332.37199999997046
2372.849999999966
2377.52799999996548
2750.84699999992437
2761.40399999992321
2790.31999999992002
2793.49299999991967
2796.12199999991938
2796.60999999991933
2798.49599999991912
2799.26999999991904
2801.19699999991882
2802.47799999991868
2804.21799999991849
2820.20899999991673
2820.70599999991668
2821.75799999991656
2824.47099999991626
2830.66299999991558
3015.07399999989527
3016.22199999989514
3021.99499999989451
3022.73399999989443
3023.03999999989439
3052.67199999989113
3056.05699999989076
3058.81599999989045
3106.61699999988519
3110.04799999988481
3113.88199999988439
3114.6589999998843
3116.29499999988412
3117.31299999988401
3123.15599999988337
3123.99199999988327
3125.16099999988314
3126.70199999988298
3128.37499999988279
3133.7139999998822
3134.97699999988206
3146.62899999988078
3147.05299999988073
3150.73499999988033
3156.4109999998797
3156.87199999987965
3159.96699999987931
3167.66599999987846
3270.42699999986715
3271.45499999986703
3278.1409999998663
3278.60799999986625
3285.02499999986554
3286.18599999986541
3401.18699999985275
3421.73499999985048
3424.86399999985014
3425.62299999985005
3429.17399999984966
3432.95399999984925
3434.89399999984903
3441.09199999984835
3441.82099999984827
3443.3579999998481
3443.87899999984804
3444.35699999984799
3452.25899999984712
3459.6869999998463
3459.83099999984629
3461.03099999984615
3463.56099999984588
3464.50299999984577
3465.55999999984566
3470.36899999984513
3471.33499999984502
3474.28399999984469
3478.57699999984422
3481.19499999984393
3633.84599999982712
3638.29799999982663
3643.48899999982606
3645.52099999982584
3648.89699999982546
3651.43499999982518
3651.97399999982512
3657.6749999998245
3681.62599999982186
3699.29799999981991
3708.88999999981886
3709.72399999981876
3728.99399999981664
3737.20599999981574
3741.09599999981531
3744.03099999981499
3744.87399999981489
3748.27699999981452
3753.05699999981399
3755.6919999998137
3757.06099999981355
3757.78899999981347
3760.68699999981315
3761.70699999981304
3762.71699999981293
3766.05499999981256
3766.6219999998125
3767.11599999981244
3768.12399999981233
3768.27599999981232
3768.93699999981224
3769.56199999981217
3770.2809999998121
3776.06199999981146
3776.96799999981136
3777.61799999981129
3779.3179999998111
3838.53099999980458
3872.30799999980086
3876.82999999980036
3877.73999999980026
3882.34699999979975
3882.91799999979969
3886.69599999979927
3896.4069999997982
3898.57199999979797
3901.45499999979765
3902.34499999979755
3903.01299999979748
3904.30099999979734
3910.61199999979664
3916.52699999979599
3927.74099999979475
4035.11299999978293
4068.0559999997793
4075.52699999977848
4076.74699999977834
4077.33899999977828
4080.8089999997779
4095.06199999977633
4109.68799999977471
4113.60899999977428
4120.51099999977352
4131.44299999977232
4133.79899999977206
4139.7919999997714
4143.65699999977097
4152.97499999976995
4170.90599999976797
4190.95399999976576
4207.017999999764
4259.03799999975827
4262.59899999975787
4263.78599999975774
4266.0319999997575
4272.46699999975679
4277.63499999975622
4278.34499999975614
4280.44299999975591
4308.97399999975277
4472.34799999973477
4473.8869999997346
4476.24099999973434
4479.87699999973394
4482.33499999973367
4484.01599999973349
4484.94199999973339
4486.19699999973325
4488.35899999973301
4488.86499999973295
4489.62099999973287
4491.49899999973266
4493.65199999973243
4494.69099999973231
4495.19299999973226
4496.55399999973211
4955.78999999968153
4957.59599999968133
4962.25999999968082
5619.37299999960845
21
-1
133.212000000000077
154.162000000000095
189.880000000000127
211.709000000000146
256.076000000000186
320.719000000000243
359.753000000000278
426.900000000000338
485.79900000000039
578.479000000000472
692.469000000000573
746.251000000000621
841.898000000000706
953.034000000000805
1230.78200000000105
1383.12100000000119
1661.32500000000143
2062.71200000000016
3058.81699999989045
3657.6759999998245
4170.90699999976797
0
0
5000
0
0
0
0
7200
0
0
0
0
0
22
0
5971.00799999956972
1800.00000000000156
1800
0
64
0
1
4
7
10
13
16
19
22
25
28
31
34
37
40
43
46
49
52
55
58
61
64
67
70
73
76
79
82
85
88
91
94
97
100
103
106
109
112
115
118
121
124
127
130
133
136
139
142
145
148
151
154
157
160
163
166
169
172
175
178
181
184
187
190
193
196
199
202
205
208
211
214
217
220
223
226
229
232
235
238
241
244
247
250
253
256
259
262
265
268
271
274
277
280
283
286
289
292
295
298
301
304
307
310
313
316
319
322
325
328
331
334
337
340
343
346
349
352
355
358
361
364
367
370
373
376
379
382
385
388
391
394
397
400
403
406
409
412
415
418
421
424
427
430
433
436
439
442
445
448
451
454
457
460
463
466
469
472
475
478
481
484
487
490
493
496
499
502
505
508
511
514
517
520
523
526
529
532
535
538
541
544
547
550
