11
13
19
11
13
19
cPPR1.16
FR2_day3
0
2
11
06
06
11
35
21
24
2
.3
1
254
1
101
1
1
1
1
1
1
1
1
1
1
1
1
1
1
1
1
1
1
1
1
1
1
253
-1
6.78000000000000013
7.37000000000000014
44.4369999999999978
48.2920000000000012
48.7440000000000016
49.0100000000000019
77.329000000000027
79.8370000000000293
84.4580000000000334
86.4330000000000351
87.382000000000036
92.7410000000000407
94.7360000000000425
117.775000000000063
119.1120000000000642
123.5390000000000681
126.2870000000000705
127.8590000000000719
128.340000000000072
138.249000000000081
138.638000000000081
139.239000000000082
143.278000000000086
161.392000000000102
162.634000000000103
167.097000000000107
168.519000000000108
170.73700000000011
175.611000000000114
179.125000000000117
184.346000000000122
190.636000000000128
237.73300000000017
252.143000000000182
254.211000000000184
258.357000000000188
287.058000000000213
304.561000000000229
309.420000000000233
310.682000000000234
312.666000000000236
313.894000000000237
318.840000000000242
324.334000000000246
330.358000000000252
330.959000000000252
336.614000000000257
337.447000000000258
344.057000000000264
344.862000000000265
355.970000000000274
370.020000000000287
375.158000000000292
380.286000000000296
384.8960000000003
389.425000000000304
393.120000000000308
396.596000000000311
405.230000000000318
405.602000000000319
411.453000000000324
414.562000000000327
419.438000000000331
421.688000000000333
425.052000000000336
425.561000000000336
432.896000000000343
433.082000000000343
433.566000000000343
434.079000000000344
435.001000000000345
440.78000000000035
441.721000000000351
454.000000000000362
457.949000000000365
462.243000000000369
465.291000000000372
465.657000000000372
472.871000000000378
476.172000000000381
485.93000000000039
489.766000000000393
494.575000000000398
497.6740000000004
501.787000000000404
508.19500000000041
508.43800000000041
514.700000000000415
515.451000000000416
521.587000000000422
522.940000000000423
526.932000000000426
528.240000000000427
529.561000000000429
534.193000000000433
536.123000000000434
538.306000000000436
538.774000000000437
539.614000000000438
543.453000000000441
545.931000000000443
547.552000000000445
555.692000000000452
559.687000000000455
564.84400000000046
565.21200000000046
568.858000000000464
575.82500000000047
577.209000000000471
580.516000000000474
587.17100000000048
589.380000000000482
589.785000000000482
590.094000000000482
596.939000000000488
597.650000000000489
598.10000000000049
603.887000000000495
606.257000000000497
606.589000000000497
615.173000000000505
619.999000000000509
620.512000000000509
628.215000000000516
646.444000000000532
680.578000000000563
681.744000000000564
687.631000000000569
688.47200000000057
689.25600000000057
692.424000000000573
695.292000000000576
701.300000000000581
710.89900000000059
711.13900000000059
718.917000000000597
719.340000000000597
727.749000000000605
728.138000000000605
738.406000000000614
739.517000000000615
740.365000000000616
748.576000000000623
751.356000000000626
759.557000000000633
760.232000000000634
768.415000000000641
773.530000000000645
780.725000000000652
785.767000000000656
793.433000000000663
797.482000000000667
804.615000000000673
807.011000000000675
807.635000000000676
816.173000000000683
818.574000000000685
826.590000000000692
829.533000000000695
830.129000000000696
841.426000000000706
847.010000000000711
854.682000000000717
855.345000000000718
862.112000000000724
867.522000000000729
877.445000000000738
885.013000000000744
891.88800000000075
892.676000000000751
901.895000000000759
911.340000000000768
920.786000000000776
921.765000000000777
927.753000000000782
928.850000000000783
929.904000000000784
949.031000000000801
949.920000000000802
956.901000000000808
960.706000000000812
961.200000000000812
968.249000000000818
975.611000000000825
976.112000000000825
985.597000000000834
990.987000000000838
997.170000000000844
1001.115000000000848
1010.587000000000856
1012.717000000000858
1029.57400000000087
1029.87500000000087
1033.06300000000088
1101.76500000000094
1102.60700000000094
1103.48100000000094
1103.78200000000094
1110.13300000000094
1110.86600000000094
1112.36000000000095
1117.57900000000095
1117.96700000000095
1123.78000000000096
1126.41600000000096
1131.29300000000096
1138.17600000000097
1143.27000000000097
1150.74600000000098
1153.89100000000098
1162.50400000000099
1166.41800000000099
1168.101000000001
1174.788000000001
1178.55300000000101
1185.53400000000101
1188.32000000000101
1197.43700000000102
1208.90900000000103
1216.11600000000104
1219.03700000000104
1220.94900000000104
1229.48100000000105
1232.82100000000105
1240.43500000000106
1244.42500000000106
1244.92300000000106
1245.07800000000106
1252.24900000000107
1256.00300000000107
1268.52900000000108
1271.50000000000109
1272.75400000000109
1278.70000000000109
1280.0060000000011
1281.3350000000011
1293.87500000000111
1295.12500000000111
1311.61600000000112
1314.09200000000113
1342.11300000000115
1346.26200000000115
1353.44400000000116
1355.81400000000116
1356.07800000000116
1370.21500000000118
1374.43500000000118
1580.08800000000136
1585.40100000000137
1613.85500000000139
1614.55700000000139
1624.8090000000014
1625.4610000000014
100
-1
7.37000000000000014
48.2920000000000012
79.8370000000000293
87.382000000000036
94.7360000000000425
119.1120000000000642
127.8590000000000719
138.638000000000081
162.634000000000103
170.73700000000011
184.346000000000122
237.73300000000017
254.211000000000184
304.561000000000229
312.666000000000236
324.334000000000246
330.959000000000252
337.447000000000258
344.862000000000265
370.020000000000287
384.8960000000003
396.596000000000311
405.602000000000319
414.562000000000327
425.052000000000336
433.082000000000343
441.721000000000351
457.949000000000365
465.657000000000372
476.172000000000381
489.766000000000393
501.787000000000404
508.43800000000041
515.451000000000416
522.940000000000423
529.561000000000429
538.306000000000436
547.552000000000445
559.687000000000455
568.858000000000464
577.209000000000471
589.380000000000482
597.650000000000489
606.257000000000497
619.999000000000509
646.444000000000532
681.744000000000564
688.47200000000057
701.300000000000581
711.13900000000059
719.340000000000597
728.138000000000605
739.517000000000615
751.356000000000626
760.232000000000634
773.530000000000645
785.767000000000656
797.482000000000667
807.011000000000675
818.574000000000685
829.533000000000695
847.010000000000711
855.345000000000718
867.522000000000729
885.013000000000744
892.676000000000751
911.340000000000768
921.765000000000777
928.850000000000783
949.920000000000802
960.706000000000812
975.611000000000825
990.987000000000838
1001.115000000000848
1012.717000000000858
1029.87500000000087
1102.60700000000094
1110.86600000000094
1117.96700000000095
1126.41600000000096
1143.27000000000097
1153.89100000000098
1166.41800000000099
1178.55300000000101
1188.32000000000101
1208.90900000000103
1219.03700000000104
1232.82100000000105
1244.42500000000106
1256.00300000000107
1271.50000000000109
1280.0060000000011
1295.12500000000111
1314.09200000000113
1346.26200000000115
1355.81400000000116
1374.43500000000118
1585.40100000000137
1614.55700000000139
1625.4610000000014
2
0
5000
0
0
0
0
2700
99
0
0
0
0
0
0
1625.4610000000014
0
0
0
0
0
0
