12
09
19
12
09
19
cPPR1.10
PR3_after diet_day1
0
4
9
21
42
11
07
22
23
3
.3
1
350
1
16
1
1
1
1
1
1
1
1
1
1
1
1
1
1
1
1
1
1
1
1
1
184
349
-1
66.1760000000000171
73.6410000000000238
74.5480000000000246
75.3050000000000252
78.7440000000000283
106.2340000000000527
106.8320000000000532
108.9160000000000551
109.0630000000000552
109.6300000000000557
110.4150000000000564
113.280000000000059
120.7380000000000656
120.9550000000000658
137.845000000000081
138.301000000000081
138.735000000000082
139.639000000000082
140.122000000000083
142.268000000000085
142.925000000000085
146.259000000000088
150.677000000000092
173.479000000000112
178.329000000000117
178.834000000000117
179.600000000000118
179.893000000000118
180.505000000000119
204.83800000000014
212.324000000000147
257.379000000000187
258.807000000000188
326.361000000000248
328.93000000000025
330.654000000000252
343.819000000000264
344.404000000000264
454.369000000000362
455.558000000000363
456.185000000000364
462.754000000000369
464.238000000000371
466.093000000000372
466.633000000000373
467.271000000000373
470.740000000000376
471.252000000000377
487.860000000000392
488.826000000000392
593.151000000000485
597.916000000000489
620.276000000000509
623.370000000000512
624.549000000000513
624.909000000000513
625.874000000000514
626.879000000000515
628.222000000000516
628.947000000000517
634.860000000000522
636.267000000000523
641.297000000000528
673.948000000000557
692.717000000000574
698.327000000000579
699.340000000000579
700.15700000000058
704.197000000000584
706.901000000000586
709.890000000000589
723.304000000000601
724.945000000000602
729.054000000000606
733.90900000000061
750.382000000000625
758.983000000000632
762.425000000000636
764.868000000000638
794.972000000000664
800.501000000000669
802.264000000000671
804.726000000000673
820.818000000000687
825.410000000000691
830.622000000000696
835.6110000000007
841.136000000000705
841.907000000000706
843.325000000000707
850.247000000000714
851.100000000000714
852.392000000000715
888.648000000000748
891.37600000000075
952.819000000000805
955.635000000000807
1038.74800000000088
1049.03200000000089
1056.6870000000009
1175.200000000001
1183.08400000000101
1185.05000000000101
1228.09300000000105
1231.19000000000105
1235.34800000000106
1262.20000000000108
1264.86800000000108
1266.31900000000108
1328.23900000000114
1345.80400000000115
1347.28800000000115
1351.27400000000116
1352.88600000000116
1356.47600000000116
1394.0990000000012
1399.5320000000012
1407.20900000000121
1424.12000000000122
1425.80400000000122
1427.92800000000123
1459.85900000000125
1462.64600000000126
1467.27000000000126
1468.30900000000126
1469.75400000000126
1481.45300000000127
1498.01000000000129
1504.10500000000129
1504.95700000000129
1508.6050000000013
1511.2220000000013
1521.59200000000131
1531.99900000000132
1594.63000000000137
1644.22900000000142
1650.62800000000142
1758.18300000000152
1764.37300000000153
1769.11500000000153
1772.27700000000153
1773.41600000000153
1804.82100000000156
1810.92200000000157
1831.92600000000159
1832.83700000000159
1852.1700000000016
1852.6460000000016
1883.14900000000163
1886.30800000000163
1887.55200000000163
1888.68200000000164
1894.91100000000164
1943.26200000000168
1948.65300000000169
1978.84400000000172
1980.09900000000172
1982.52900000000172
1983.78200000000172
1985.10800000000172
1986.07500000000172
1992.70800000000173
1995.01000000000173
2013.53900000000175
2015.60200000000175
2016.29200000000175
2017.22900000000175
2024.57700000000176
2028.16900000000176
2029.49000000000176
2036.81600000000177
2037.70700000000177
2091.25599999999701
2125.23899999999327
2134.81099999999222
2135.71099999999212
2138.43899999999182
2149.74099999999057
2150.31299999999051
2155.51499999998994
2184.57099999998674
2187.31299999998643
2203.24299999998468
2261.54899999997826
2262.70899999997813
2266.09699999997776
2267.47499999997761
2269.80899999997735
2275.17099999997676
2277.92399999997645
2278.34599999997641
2292.0449999999749
2297.25099999997433
2299.61299999997407
2311.19699999997279
2317.4329999999721
2318.06899999997203
2341.49999999996945
2349.69599999996855
2355.37299999996792
2384.13199999996476
2385.5829999999646
2387.94999999996434
2392.48699999996384
2401.82999999996281
2407.04199999996223
2422.27999999996056
2429.80199999995973
2432.32899999995945
2433.98399999995927
2463.640999999956
2480.22899999995417
2484.07799999995375
2512.58899999995061
2517.88699999995003
2522.6319999999495
2525.3899999999492
2529.31099999994877
2537.14399999994791
2538.19599999994779
2545.71899999994696
2546.65299999994686
2547.1579999999468
2550.01899999994649
2572.00499999994407
2572.81599999994398
2575.62299999994367
2577.05599999994351
2601.27299999994084
2602.31799999994073
2605.3279999999404
2607.78399999994013
2653.70199999993507
2659.7729999999344
2663.76799999993396
2665.47799999993377
2669.49799999993333
2670.58099999993321
2687.10699999993139
2693.91599999993064
2695.84199999993043
2711.60299999992869
2718.60999999992792
2719.26799999992785
2738.68199999992571
2760.68399999992329
2764.08099999992291
2764.77499999992284
2783.45999999992078
2785.60299999992054
2962.69099999990104
3036.65399999989289
3037.82699999989276
3048.69299999989157
3139.65699999988155
3141.49299999988135
3191.05499999987589
3192.43099999987574
3193.32199999987564
3195.65999999987538
3197.3179999998752
3197.72599999987515
3200.0669999998749
3201.32399999987476
3203.30599999987454
3210.14699999987379
3213.95299999987337
3214.47399999987331
3223.98699999987226
3231.37999999987145
3234.45099999987111
3234.96699999987105
3283.71799999986568
3289.37599999986506
3291.41899999986483
3293.19499999986464
3296.2829999998643
3297.72199999986414
3363.06599999985694
3367.53099999985645
3390.07399999985397
3403.12999999985253
3427.59199999984984
3438.7929999998486
3441.61299999984829
3442.77899999984816
3448.02399999984759
3449.6949999998474
3450.10999999984736
3495.53999999984235
3498.66299999984201
3502.01599999984164
3507.62799999984102
3516.80099999984001
3517.35699999983995
3518.67599999983981
3552.84399999983604
3559.5769999998353
3560.93799999983515
3573.26199999983379
3578.26699999983324
3653.23599999982499
3656.51499999982462
3687.87899999982117
3689.381999999821
3690.05699999982093
3690.45199999982089
3691.41499999982078
3691.74399999982074
3694.60799999982043
3734.44099999981604
3735.42399999981593
3738.4829999998156
3740.03599999981543
3764.20099999981276
3767.22899999981243
3770.86699999981203
3789.32399999981
3790.27899999980989
3791.74499999980973
3797.62599999980908
3801.82199999980862
3803.27699999980846
3805.6649999998082
3855.80099999980268
4082.26299999977774
4084.88299999977745
4087.26199999977718
4092.01999999977666
4212.19199999976343
4213.15999999976332
4214.81799999976314
4437.80599999973858
4439.07399999973844
4443.84799999973791
4497.34599999973202
4499.64699999973177
4511.10699999973051
4595.18499999972125
4596.10799999972114
4597.47899999972099
4598.09499999972092
4602.04199999972049
4604.83499999972018
4657.13399999971442
4671.02599999971289
5092.49199999966647
5095.16199999966618
5115.97099999966389
15
-1
66.1770000000000171
78.7450000000000283
113.281000000000059
146.260000000000088
330.655000000000252
597.917000000000489
709.891000000000589
852.393000000000715
1407.21000000000121
1832.83800000000159
2138.43999999999182
2463.641999999956
2764.77599999992284
3449.6959999998474
4214.81899999976314
0
0
5000
0
0
0
0
7200
0
0
0
0
0
16
0
6014.91999999956488
1800.00000000000156
1800
0
46
0
1
4
7
10
13
16
19
22
25
28
31
34
37
40
43
46
49
52
55
58
61
64
67
70
73
76
79
82
85
88
91
94
97
100
103
106
109
112
115
118
121
124
127
130
133
136
139
142
145
148
151
154
157
160
163
166
169
172
175
178
181
184
187
190
193
196
199
202
205
208
211
214
217
220
223
226
229
232
235
238
241
244
247
250
253
256
259
262
265
268
271
274
277
280
283
286
289
292
295
298
301
304
307
310
313
316
319
322
325
328
331
334
337
340
343
346
349
352
355
358
361
364
367
370
373
376
379
382
385
388
391
394
397
400
403
406
409
412
415
418
421
424
427
430
433
436
439
442
445
448
451
454
457
460
463
466
469
472
475
478
481
484
487
490
493
496
499
502
505
508
511
514
517
520
523
526
529
532
535
538
541
544
547
550
