12
12
19
12
12
19
cPPR1.13
PR3_day2.4
0
3
10
47
43
11
25
31
23
3
.3
1
57
1
7
1
1
1
1
1
1
1
1
1
1
1
1
1
1
1
1
1
1
1
1
1
184
56
-1
0.38
4.03900000000000007
4.41200000000000008
4.76100000000000009
5.6050000000000001
6.42300000000000012
6.99500000000000013
7.70400000000000015
82.0520000000000312
82.3460000000000315
82.6010000000000317
83.9310000000000329
84.2730000000000332
86.265000000000035
86.5410000000000352
89.5850000000000379
91.5450000000000397
93.1360000000000411
94.4270000000000422
94.6920000000000425
96.8950000000000444
97.1620000000000446
97.546000000000045
98.6000000000000459
101.3420000000000484
101.5700000000000486
101.7590000000000487
125.69000000000007
126.1320000000000704
127.0130000000000712
127.7070000000000718
127.963000000000072
128.232000000000072
128.513000000000072
128.748000000000073
130.681000000000074
130.930000000000075
131.150000000000075
131.627000000000075
132.157000000000076
395.056000000000309
396.04700000000031
397.575000000000311
397.917000000000312
398.220000000000312
398.523000000000312
399.615000000000313
400.333000000000314
401.406000000000315
401.894000000000315
403.630000000000317
403.892000000000317
404.181000000000317
404.849000000000318
405.235000000000318
407.19700000000032
6
-1
0.381
7.70500000000000015
86.5420000000000352
101.7600000000000487
132.158000000000076
407.19800000000032
0
0
5000
0
0
0
0
7200
0
0
0
0
0
7
0
2207.29899999998423
1800.00000000000156
1800
0
19
0
1
4
7
10
13
16
19
22
25
28
31
34
37
40
43
46
49
52
55
58
61
64
67
70
73
76
79
82
85
88
91
94
97
100
103
106
109
112
115
118
121
124
127
130
133
136
139
142
145
148
151
154
157
160
163
166
169
172
175
178
181
184
187
190
193
196
199
202
205
208
211
214
217
220
223
226
229
232
235
238
241
244
247
250
253
256
259
262
265
268
271
274
277
280
283
286
289
292
295
298
301
304
307
310
313
316
319
322
325
328
331
334
337
340
343
346
349
352
355
358
361
364
367
370
373
376
379
382
385
388
391
394
397
400
403
406
409
412
415
418
421
424
427
430
433
436
439
442
445
448
451
454
457
460
463
466
469
472
475
478
481
484
487
490
493
496
499
502
505
508
511
514
517
520
523
526
529
532
535
538
541
544
547
550
