12
18
19
12
18
19
cPPR1.12
PR3_day2.7
0
2
10
23
14
11
37
35
23
3
.3
1
349
1
16
1
1
1
1
1
1
1
1
1
1
1
1
1
1
1
1
1
1
1
1
1
184
348
-1
40.184999999999994
60.0210000000000117
61.2500000000000128
62.4840000000000138
65.7030000000000167
113.6530000000000593
115.4500000000000609
164.687000000000105
165.938000000000106
166.682000000000106
192.011000000000129
192.71100000000013
193.41500000000013
204.74600000000014
205.614000000000141
206.459000000000142
208.368000000000143
267.504000000000196
268.862000000000197
269.377000000000198
272.2060000000002
272.900000000000201
273.209000000000201
273.679000000000201
323.387000000000246
324.225000000000246
325.116000000000247
325.580000000000248
329.667000000000251
330.676000000000252
332.053000000000253
332.656000000000254
333.806000000000255
335.633000000000256
336.259000000000257
336.359000000000257
337.054000000000258
350.104000000000269
350.82000000000027
351.740000000000271
356.571000000000275
358.159000000000276
358.815000000000277
361.540000000000279
362.780000000000281
363.780000000000281
364.340000000000282
377.497000000000294
377.903000000000294
378.052000000000294
378.681000000000295
379.614000000000296
380.060000000000296
393.514000000000308
393.695000000000308
394.530000000000309
395.99700000000031
396.665000000000311
399.412000000000313
401.018000000000315
401.149000000000315
403.608000000000317
403.896000000000317
404.658000000000318
405.447000000000318
405.866000000000319
470.451000000000376
471.371000000000377
472.086000000000378
472.842000000000378
473.661000000000379
475.769000000000381
490.495000000000394
493.074000000000396
494.092000000000397
497.0760000000004
498.145000000000401
498.511000000000401
499.603000000000402
500.310000000000403
501.545000000000404
501.814000000000404
502.987000000000405
504.369000000000406
506.142000000000408
507.446000000000409
507.687000000000409
508.00500000000041
510.705000000000412
511.420000000000413
540.794000000000439
542.11000000000044
543.730000000000441
544.513000000000442
554.02600000000045
555.281000000000451
556.376000000000452
558.331000000000454
559.954000000000456
560.648000000000456
564.45600000000046
564.84700000000046
565.15000000000046
565.36600000000046
566.378000000000461
568.167000000000463
569.494000000000464
570.440000000000465
577.214000000000471
578.645000000000472
581.208000000000474
581.467000000000475
582.261000000000475
585.168000000000478
586.084000000000479
589.093000000000482
589.409000000000482
590.616000000000483
591.576000000000484
727.426000000000604
729.358000000000606
731.284000000000608
732.710000000000609
744.079000000000619
747.438000000000622
802.406000000000671
803.823000000000672
804.842000000000673
805.990000000000674
806.338000000000674
810.203000000000678
811.312000000000679
816.648000000000684
818.980000000000686
819.898000000000686
820.772000000000687
822.242000000000689
830.508000000000696
832.765000000000698
833.386000000000699
837.074000000000702
837.363000000000702
837.849000000000702
838.205000000000703
840.764000000000705
841.460000000000706
842.321000000000706
842.859000000000707
870.061000000000731
870.883000000000732
872.625000000000733
876.389000000000737
878.307000000000738
880.67100000000074
881.216000000000741
881.439000000000741
883.527000000000743
884.447000000000744
888.515000000000748
889.248000000000748
889.697000000000748
892.252000000000751
896.125000000000754
899.977000000000758
908.178000000000765
909.052000000000766
910.902000000000767
912.536000000000769
918.017000000000774
919.376000000000775
921.342000000000777
925.795000000000781
928.543000000000783
929.134000000000784
929.901000000000784
935.289000000000789
936.78700000000079
939.311000000000793
940.168000000000793
945.627000000000798
946.051000000000799
947.6680000000008
960.995000000000812
962.119000000000813
963.061000000000814
965.846000000000816
966.614000000000817
967.005000000000817
968.476000000000818
969.214000000000819
969.82400000000082
970.67800000000082
981.33800000000083
982.610000000000831
985.186000000000833
987.145000000000835
988.041000000000836
989.507000000000837
990.797000000000838
991.752000000000839
994.221000000000841
995.715000000000843
1001.692000000000848
1002.083000000000848
1002.498000000000849
1002.631000000000849
1004.45400000000085
1004.974000000000851
1005.404000000000851
1006.169000000000852
1007.205000000000853
1008.081000000000854
1009.276000000000855
1203.57600000000103
1206.01700000000103
1206.30600000000103
1208.85900000000103
1214.74200000000104
1215.73300000000104
1216.43300000000104
1219.30700000000104
1219.76700000000104
1220.77800000000104
1221.95300000000104
1223.97200000000105
1224.76700000000105
1226.23700000000105
1226.60400000000105
1228.06000000000105
1230.00100000000105
1230.64400000000105
1232.84700000000105
1233.57300000000105
1237.65300000000106
1256.48500000000107
1259.58500000000108
1260.05400000000108
1260.63400000000108
1262.59700000000108
1263.90100000000108
1264.39700000000108
1266.83900000000108
1268.11900000000108
1269.47400000000109
1270.13100000000109
1270.66000000000109
1271.20000000000109
1271.58500000000109
1272.53400000000109
1275.78500000000109
1293.04300000000111
1421.62100000000122
1422.82300000000122
1423.71800000000122
1424.98400000000122
1426.78200000000123
1428.81900000000123
1429.41700000000123
1430.35100000000123
1430.99800000000123
1432.03200000000123
1435.56000000000123
1436.26900000000123
1436.90700000000123
1444.34500000000124
1445.83300000000124
1447.55600000000124
1455.40400000000125
1465.09700000000126
1466.05400000000126
1482.44900000000128
1483.29700000000128
1483.80400000000128
1487.05000000000128
1488.66500000000128
1492.93800000000128
1494.78600000000129
1495.09200000000129
1495.72700000000129
1497.83400000000129
1501.33400000000129
1501.87000000000129
1502.71100000000129
1508.9570000000013
1509.7420000000013
1512.1870000000013
1512.7880000000013
1513.7850000000013
1521.54400000000131
1525.27500000000131
1783.09100000000154
1784.44400000000154
1787.29300000000155
1788.23600000000155
1790.04300000000155
1791.70200000000155
1793.28200000000155
1793.60800000000155
1794.48100000000155
1800.68100000000156
1801.17100000000156
1801.70500000000156
1802.57300000000156
1809.46400000000157
1812.36700000000157
1813.89600000000157
1813.99200000000157
1817.43300000000157
1818.68400000000157
1821.57600000000158
1821.94500000000158
1822.47800000000158
1823.90900000000158
1824.37900000000158
1825.05400000000158
1826.41800000000158
1829.27900000000158
1830.61300000000158
1831.51900000000158
1837.96300000000159
1842.33500000000159
1843.6320000000016
1845.8000000000016
1850.2040000000016
1861.14800000000161
1862.35900000000161
1986.23400000000172
1988.81400000000172
2277.36399999997652
2278.10999999997643
2279.49099999997628
2281.83299999997602
2613.36199999993951
2683.22999999993182
2685.41199999993158
2979.20099999989922
3620.24699999982862
3628.15099999982775
3628.43099999982772
3707.14999999981905
3709.66399999981877
3710.75699999981865
3713.0499999998184
3716.644999999818
3717.07699999981796
3719.26499999981771
3849.57599999980336
3894.07199999979846
15
-1
40.185999999999994
65.7040000000000167
192.71200000000013
273.210000000000201
337.055000000000258
380.061000000000296
475.770000000000381
544.514000000000442
591.577000000000484
842.322000000000706
940.169000000000793
1009.277000000000855
1275.78600000000109
1525.27600000000131
2613.36299999993951
0
0
5000
0
0
0
0
7200
0
0
0
0
0
16
0
4413.46399999974126
1800.00000000000156
1800
0
46
0
1
4
7
10
13
16
19
22
25
28
31
34
37
40
43
46
49
52
55
58
61
64
67
70
73
76
79
82
85
88
91
94
97
100
103
106
109
112
115
118
121
124
127
130
133
136
139
142
145
148
151
154
157
160
163
166
169
172
175
178
181
184
187
190
193
196
199
202
205
208
211
214
217
220
223
226
229
232
235
238
241
244
247
250
253
256
259
262
265
268
271
274
277
280
283
286
289
292
295
298
301
304
307
310
313
316
319
322
325
328
331
334
337
340
343
346
349
352
355
358
361
364
367
370
373
376
379
382
385
388
391
394
397
400
403
406
409
412
415
418
421
424
427
430
433
436
439
442
445
448
451
454
457
460
463
466
469
472
475
478
481
484
487
490
493
496
499
502
505
508
511
514
517
520
523
526
529
532
535
538
541
544
547
550
