12
09
19
12
09
19
cPPR1.16
PR3_day2.1
0
2
13
45
28
14
40
43
23
3
.3
1
743
1
23
1
1
1
1
1
1
1
1
1
1
1
1
1
1
1
1
1
1
1
1
1
184
742
-1
29.0059999999999893
29.2639999999999891
55.8080000000000079
56.6720000000000087
58.7780000000000106
62.0220000000000134
62.3000000000000137
65.9360000000000169
67.0240000000000179
67.9870000000000187
69.2010000000000198
69.9360000000000205
83.4590000000000325
84.9500000000000338
85.2370000000000341
86.2140000000000349
101.1610000000000482
101.4620000000000485
102.5820000000000495
103.7660000000000505
104.5220000000000512
105.0460000000000516
105.421000000000052
106.2090000000000527
106.606000000000053
107.5480000000000539
112.8840000000000586
113.298000000000059
114.6540000000000602
115.4930000000000609
116.1490000000000615
117.4020000000000626
118.4060000000000635
119.2750000000000643
119.6130000000000646
120.9080000000000657
122.3880000000000671
123.0770000000000677
123.6540000000000682
142.631000000000085
143.003000000000085
143.619000000000086
143.973000000000086
144.466000000000087
144.885000000000087
145.261000000000087
145.911000000000088
146.123000000000088
147.115000000000089
147.66300000000009
148.00500000000009
148.22700000000009
148.914000000000091
149.243000000000091
149.735000000000091
157.365000000000098
159.1340000000001
160.690000000000101
217.214000000000151
217.766000000000152
218.243000000000152
218.592000000000152
221.799000000000155
222.082000000000156
222.744000000000156
223.252000000000157
223.511000000000157
224.336000000000158
225.334000000000158
226.191000000000159
226.59800000000016
227.55300000000016
228.314000000000161
229.515000000000162
256.099000000000186
256.649000000000186
256.953000000000187
257.516000000000187
257.656000000000187
259.460000000000189
259.763000000000189
260.168000000000189
260.30600000000019
260.83000000000019
261.648000000000191
262.388000000000191
262.845000000000192
263.364000000000192
264.837000000000194
328.56900000000025
330.801000000000252
331.577000000000253
332.782000000000254
333.233000000000254
333.523000000000255
334.008000000000255
339.75900000000026
339.95900000000026
341.674000000000262
342.006000000000262
343.099000000000263
343.811000000000264
344.138000000000264
344.691000000000264
345.165000000000265
346.172000000000266
346.444000000000266
347.963000000000267
348.517000000000268
349.214000000000268
349.926000000000269
350.303000000000269
350.64600000000027
351.15800000000027
351.686000000000271
352.050000000000271
352.693000000000272
354.831000000000274
355.328000000000274
355.625000000000274
356.441000000000275
463.41100000000037
463.90700000000037
464.256000000000371
464.384000000000371
465.275000000000372
465.845000000000372
466.466000000000373
466.894000000000373
467.217000000000373
467.837000000000374
468.851000000000375
469.170000000000375
469.449000000000375
470.502000000000376
470.871000000000377
471.409000000000377
472.253000000000378
472.504000000000378
473.428000000000379
473.898000000000379
474.44400000000038
474.79500000000038
475.16100000000038
475.694000000000381
476.147000000000381
476.724000000000382
476.966000000000382
477.623000000000383
496.431000000000399
498.038000000000401
498.506000000000401
498.873000000000401
499.989000000000402
500.468000000000403
500.988000000000403
501.452000000000404
502.756000000000405
503.511000000000406
503.981000000000406
504.339000000000406
504.925000000000407
505.605000000000407
506.280000000000408
506.675000000000408
508.06800000000041
508.56700000000041
509.405000000000411
510.094000000000411
510.395000000000412
510.949000000000412
512.172000000000413
512.501000000000414
514.208000000000415
514.556000000000415
515.458000000000416
515.642000000000416
516.293000000000417
516.847000000000417
517.376000000000418
551.582000000000448
552.652000000000449
553.48100000000045
553.88200000000045
554.383000000000451
554.698000000000451
555.051000000000451
555.595000000000452
556.917000000000453
557.625000000000454
558.297000000000454
558.690000000000455
559.526000000000455
560.440000000000456
560.917000000000456
561.589000000000457
561.923000000000457
562.673000000000458
562.969000000000458
563.271000000000459
563.528000000000459
563.926000000000459
564.236000000000459
564.68000000000046
565.987000000000461
569.081000000000464
569.316000000000464
569.801000000000464
570.160000000000465
570.564000000000465
570.978000000000465
571.610000000000466
572.487000000000467
572.823000000000467
580.633000000000474
581.272000000000475
581.751000000000475
582.605000000000476
582.880000000000476
583.537000000000477
583.906000000000477
584.455000000000477
584.966000000000478
585.772000000000479
586.530000000000479
587.00600000000048
587.59700000000048
588.449000000000481
589.542000000000482
589.991000000000482
591.436000000000484
591.904000000000484
592.874000000000485
595.155000000000487
597.624000000000489
598.13300000000049
598.80000000000049
599.223000000000491
599.648000000000491
600.471000000000492
600.897000000000492
602.173000000000493
604.263000000000495
605.218000000000496
605.497000000000496
606.729000000000497
607.514000000000498
607.876000000000498
610.2320000000005
610.953000000000501
611.355000000000501
611.900000000000502
647.160000000000533
648.827000000000535
649.893000000000536
650.422000000000536
650.669000000000536
651.241000000000537
652.558000000000538
653.402000000000539
653.788000000000539
654.131000000000539
654.42100000000054
654.77900000000054
655.41500000000054
655.49300000000054
658.140000000000543
659.020000000000544
659.730000000000544
660.516000000000545
660.812000000000545
661.541000000000546
662.863000000000547
663.544000000000548
665.384000000000549
665.68600000000055
666.51100000000055
666.897000000000551
667.861000000000552
668.163000000000552
668.855000000000552
669.827000000000553
670.071000000000553
670.407000000000554
670.955000000000554
672.336000000000555
674.286000000000557
676.422000000000559
677.11200000000056
677.49000000000056
677.85200000000056
678.131000000000561
694.833000000000575
696.456000000000577
696.634000000000577
697.250000000000578
697.812000000000578
698.136000000000578
698.599000000000579
699.35000000000058
700.942000000000581
701.688000000000582
703.781000000000583
704.577000000000584
705.588000000000585
705.979000000000585
706.695000000000586
707.154000000000586
707.670000000000587
709.141000000000588
709.617000000000589
710.097000000000589
710.89300000000059
711.13900000000059
711.57700000000059
712.249000000000591
712.649000000000591
713.118000000000592
713.533000000000592
714.081000000000592
714.454000000000593
715.114000000000593
722.1370000000006
722.7860000000006
723.748000000000601
724.029000000000601
724.891000000000602
725.149000000000602
725.617000000000603
727.201000000000604
728.089000000000605
728.192000000000605
728.650000000000606
729.102000000000606
730.050000000000607
748.543000000000623
749.337000000000624
750.206000000000625
750.496000000000625
750.947000000000625
751.284000000000626
751.793000000000626
752.407000000000627
753.137000000000627
753.377000000000627
754.200000000000628
754.610000000000628
755.130000000000629
755.99000000000063
756.53200000000063
756.950000000000631
757.038000000000631
757.830000000000631
758.488000000000632
759.442000000000633
760.081000000000633
760.716000000000634
762.163000000000635
762.842000000000636
763.274000000000636
764.263000000000637
764.776000000000638
765.207000000000638
766.615000000000639
770.890000000000643
771.665000000000644
772.251000000000644
773.070000000000645
773.708000000000646
774.340000000000646
774.561000000000646
774.978000000000647
776.060000000000648
776.429000000000648
776.978000000000648
777.625000000000649
780.261000000000651
781.586000000000652
782.303000000000653
782.995000000000654
783.713000000000654
793.023000000000663
794.585000000000664
797.289000000000666
799.598000000000668
800.252000000000669
800.618000000000669
801.00600000000067
801.44600000000067
801.83600000000067
803.947000000000672
805.002000000000673
805.231000000000674
805.922000000000674
806.425000000000674
807.528000000000676
807.990000000000676
808.326000000000676
809.050000000000677
809.520000000000677
810.629000000000678
811.250000000000679
812.81700000000068
813.472000000000681
813.963000000000681
816.412000000000683
817.805000000000685
818.830000000000686
819.154000000000686
819.931000000000687
821.592000000000688
822.310000000000689
823.27800000000069
823.69000000000069
824.21000000000069
825.977000000000692
826.509000000000692
826.991000000000693
827.685000000000693
827.875000000000694
828.632000000000694
829.442000000000695
829.955000000000696
830.820000000000696
831.283000000000697
831.737000000000697
832.594000000000698
833.384000000000699
833.972000000000699
834.426000000000699
834.6590000000007
918.689000000000774
921.394000000000777
923.335000000000778
924.440000000000779
924.93600000000078
928.733000000000783
929.560000000000784
932.578000000000787
933.325000000000787
933.737000000000788
934.636000000000788
935.329000000000789
935.658000000000789
942.689000000000796
943.237000000000796
943.784000000000797
943.963000000000797
945.015000000000798
946.014000000000799
946.868000000000799
947.1990000000008
947.8660000000008
948.326000000000801
948.636000000000801
949.150000000000801
949.823000000000802
950.664000000000803
951.174000000000803
952.277000000000804
952.917000000000805
953.590000000000805
954.202000000000806
954.883000000000806
955.427000000000807
955.743000000000807
956.060000000000807
956.711000000000808
957.692000000000809
958.108000000000809
958.98000000000081
959.29100000000081
959.752000000000811
960.466000000000811
961.402000000000812
961.833000000000813
962.428000000000813
963.257000000000814
963.651000000000814
964.276000000000815
964.664000000000815
965.004000000000815
965.574000000000816
977.295000000000826
992.68600000000084
996.006000000000843
996.615000000000844
998.256000000000845
999.361000000000846
999.751000000000846
1000.240000000000847
1000.724000000000847
1001.151000000000848
1001.605000000000848
1002.475000000000849
1002.997000000000849
1003.74900000000085
1004.33100000000085
1004.923000000000851
1005.639000000000852
1006.149000000000852
1006.888000000000853
1007.395000000000853
1008.427000000000854
1009.167000000000855
1009.485000000000855
1010.046000000000855
1010.871000000000856
1011.446000000000857
1012.180000000000857
1012.884000000000858
1013.373000000000858
1013.921000000000859
1014.480000000000859
1016.544000000000861
1017.172000000000862
1017.632000000000862
1018.027000000000862
1018.372000000000863
1019.153000000000864
1020.061000000000864
1020.464000000000865
1021.479000000000866
1021.833000000000866
1022.189000000000866
1022.780000000000867
1023.986000000000868
1024.44100000000087
1025.66700000000087
1026.07800000000087
1027.68000000000087
1031.85000000000087
1032.48700000000088
1033.45700000000088
1034.70000000000088
1035.02700000000088
1035.54500000000088
1036.11300000000088
1036.37500000000088
1114.37000000000095
1115.14400000000095
1120.63200000000095
1121.59300000000095
1125.58700000000096
1273.31100000000109
1274.32900000000109
1274.57700000000109
1275.60700000000109
1276.40700000000109
1276.97700000000109
1277.72900000000109
1278.16800000000109
1279.21200000000109
1279.8610000000011
1280.9050000000011
1281.4120000000011
1281.6230000000011
1282.1880000000011
1282.7170000000011
1283.2620000000011
1283.7770000000011
1284.4630000000011
1285.3640000000011
1286.0880000000011
1286.6470000000011
1288.1140000000011
1289.7740000000011
1290.2170000000011
1290.9420000000011
1291.44800000000111
1292.06900000000111
1292.92300000000111
1293.97800000000111
1294.40500000000111
1294.65800000000111
1295.13200000000111
1296.27500000000111
1296.70200000000111
1297.11200000000111
1298.01700000000111
1298.60000000000111
1299.04300000000111
1299.69000000000111
1300.01500000000111
1300.68700000000111
1301.75000000000111
1302.15200000000111
1302.71600000000112
1303.21500000000112
1303.84100000000112
1305.46800000000112
1305.80900000000112
1306.94700000000112
1307.43300000000112
1307.97900000000112
1308.28800000000112
1308.66400000000112
1356.26800000000116
1357.69800000000116
1358.40100000000116
1359.16900000000117
1359.43600000000117
1360.38300000000117
1361.25200000000117
1362.11300000000117
1362.68700000000117
1363.51000000000117
1364.45500000000117
1365.31500000000117
1366.09500000000117
1366.75700000000117
1367.15900000000117
1367.75200000000117
1369.21800000000117
1369.69300000000117
1370.37000000000118
1371.14900000000118
1371.79300000000118
1372.79100000000118
1373.22700000000118
1373.88000000000118
1374.56500000000118
1375.49700000000118
1375.77600000000118
1376.21200000000118
1376.61500000000118
1377.85000000000118
1378.35700000000118
1378.90700000000118
1379.68700000000118
1379.99500000000118
1380.29100000000118
1380.95400000000118
1385.11600000000119
1386.22100000000119
1386.51000000000119
1387.03800000000119
1387.49100000000119
1387.95400000000119
1388.32700000000119
1388.75700000000119
1389.43800000000119
1389.94200000000119
1390.60900000000119
1391.06300000000119
1391.43200000000119
1391.88400000000119
1392.31300000000119
1392.6130000000012
1392.9070000000012
1393.4560000000012
1393.8590000000012
1394.2320000000012
1395.1670000000012
1395.8820000000012
1396.4120000000012
1397.9040000000012
1398.8740000000012
1399.1890000000012
1399.3770000000012
1414.43600000000121
1416.45000000000122
1422.02000000000122
1423.82100000000122
1426.09100000000122
1426.43100000000123
1427.78100000000123
1429.39900000000123
1429.74700000000123
1430.71200000000123
1431.78200000000123
1432.28100000000123
1433.31900000000123
1433.78700000000123
1434.39500000000123
1435.08700000000123
1436.34200000000123
1437.06300000000123
1437.54800000000124
1438.54800000000124
1438.76000000000124
1441.05200000000124
1441.66000000000124
1442.36200000000124
1442.81600000000124
1443.59700000000124
1444.09400000000124
1444.69700000000124
1445.33500000000124
1445.85500000000124
1446.32200000000124
1446.72100000000124
1447.50100000000124
1448.13000000000124
1449.37200000000125
1450.12900000000125
1450.77500000000125
1450.84900000000125
1451.43200000000125
1451.99100000000125
1452.39900000000125
1453.44200000000125
1453.99200000000125
1454.49300000000125
1455.54900000000125
1456.16100000000125
1456.72900000000125
1458.12600000000125
1458.76000000000125
1459.54600000000125
1459.95200000000125
1460.49500000000126
1461.29100000000126
1461.74400000000126
1462.53400000000126
1462.95600000000126
1464.00500000000126
1464.21600000000126
1464.65200000000126
1465.12900000000126
1465.20500000000126
1465.75300000000126
1466.36800000000126
1466.72600000000126
1467.48800000000126
1586.92600000000137
1591.30100000000137
1591.94200000000137
1592.22000000000137
1597.43400000000138
1602.93200000000138
1879.26000000000163
2024.29200000000176
2118.98199999999396
2133.65599999999234
2154.84299999999001
2155.31899999998996
2155.63399999998992
2157.27599999998974
2158.69099999998959
2165.23599999998887
2166.52699999998872
22
-1
29.0069999999999893
62.0230000000000134
86.2150000000000349
107.5490000000000539
123.6550000000000682
149.736000000000091
229.516000000000162
334.009000000000255
356.442000000000275
477.624000000000383
517.377000000000418
572.824000000000467
611.356000000000501
678.132000000000561
730.051000000000607
783.714000000000654
834.427000000000699
965.575000000000816
1036.11400000000088
1308.66500000000112
1398.8750000000012
1466.72700000000126
0
0
5000
0
0
0
0
7200
0
0
0
0
0
23
0
3266.82799999986754
1800.00000000000156
1800
0
67
0
1
4
7
10
13
16
19
22
25
28
31
34
37
40
43
46
49
52
55
58
61
64
67
70
73
76
79
82
85
88
91
94
97
100
103
106
109
112
115
118
121
124
127
130
133
136
139
142
145
148
151
154
157
160
163
166
169
172
175
178
181
184
187
190
193
196
199
202
205
208
211
214
217
220
223
226
229
232
235
238
241
244
247
250
253
256
259
262
265
268
271
274
277
280
283
286
289
292
295
298
301
304
307
310
313
316
319
322
325
328
331
334
337
340
343
346
349
352
355
358
361
364
367
370
373
376
379
382
385
388
391
394
397
400
403
406
409
412
415
418
421
424
427
430
433
436
439
442
445
448
451
454
457
460
463
466
469
472
475
478
481
484
487
490
493
496
499
502
505
508
511
514
517
520
523
526
529
532
535
538
541
544
547
550
