11
28
19
11
28
19
cPPR1.11
PR3_day4
0
1
10
11
33
12
00
23
23
3
.3
1
411
1
17
1
1
1
1
1
1
1
1
1
1
1
1
1
1
1
1
1
1
1
1
1
184
410
-1
3.89800000000000007
4.00500000000000007
4.18800000000000007
11.82700000000000023
11.99100000000000024
12.11300000000000024
12.58800000000000025
27.5979999999999905
27.8599999999999903
28.3059999999999899
30.8319999999999878
31.701999999999987
32.5769999999999873
56.2350000000000083
56.4490000000000085
56.5450000000000086
61.1920000000000127
62.2590000000000136
62.3950000000000138
69.2400000000000198
69.44000000000002
70.483000000000021
71.0510000000000215
71.2870000000000217
88.9420000000000374
89.4800000000000378
90.0920000000000384
96.389000000000044
110.5360000000000565
110.6880000000000567
110.9670000000000569
111.1670000000000571
111.5520000000000574
112.4400000000000582
112.6310000000000584
112.7450000000000585
113.1130000000000588
113.6120000000000593
113.7700000000000594
113.9760000000000596
132.381000000000076
132.604000000000076
133.687000000000077
133.967000000000077
135.069000000000078
135.409000000000079
136.57600000000008
136.70700000000008
137.22000000000008
137.627000000000081
137.951000000000081
138.692000000000082
138.931000000000082
149.012000000000091
149.560000000000091
184.864000000000123
189.517000000000127
190.534000000000128
202.959000000000139
204.38700000000014
204.58100000000014
206.983000000000142
208.088000000000143
208.162000000000143
209.670000000000145
210.452000000000145
216.17400000000015
216.32700000000015
217.324000000000151
220.401000000000154
232.600000000000165
238.44400000000017
239.303000000000171
287.505000000000214
287.812000000000214
290.049000000000216
297.832000000000223
300.785000000000226
302.194000000000227
342.747000000000263
344.434000000000264
346.239000000000266
347.842000000000267
348.808000000000268
353.483000000000272
353.817000000000273
354.895000000000274
355.211000000000274
355.876000000000274
356.371000000000275
357.162000000000276
357.561000000000276
358.312000000000277
359.154000000000277
369.643000000000287
370.643000000000288
371.205000000000288
371.463000000000288
377.676000000000294
408.882000000000322
409.274000000000322
412.405000000000325
412.631000000000325
412.965000000000325
416.153000000000328
417.243000000000329
417.583000000000329
418.04400000000033
420.619000000000332
421.278000000000332
450.702000000000359
451.373000000000359
452.36500000000036
453.217000000000361
454.975000000000362
455.660000000000363
456.679000000000364
456.938000000000364
457.383000000000365
460.037000000000367
460.603000000000367
460.776000000000368
461.035000000000368
461.316000000000368
468.946000000000375
471.096000000000377
473.220000000000379
473.439000000000379
474.75800000000038
477.379000000000382
478.224000000000383
478.619000000000383
478.890000000000384
479.176000000000384
479.457000000000384
479.639000000000384
479.863000000000385
480.346000000000385
482.121000000000387
482.919000000000387
483.140000000000387
484.220000000000388
495.777000000000399
496.145000000000399
497.3200000000004
497.6980000000004
610.4640000000005
614.585000000000504
615.187000000000505
617.724000000000507
618.141000000000507
621.35700000000051
635.160000000000522
636.141000000000523
638.599000000000526
640.727000000000527
642.025000000000529
648.569000000000534
651.067000000000537
651.435000000000537
654.39600000000054
691.492000000000572
693.594000000000574
703.207000000000583
705.773000000000585
707.059000000000586
707.801000000000587
708.361000000000587
708.628000000000588
709.305000000000588
712.110000000000591
713.069000000000592
713.751000000000592
714.701000000000593
718.215000000000596
727.895000000000605
728.007000000000605
729.331000000000606
729.952000000000607
730.557000000000607
731.126000000000608
736.764000000000613
737.370000000000613
744.080000000000619
747.723000000000622
749.048000000000624
750.533000000000625
750.751000000000625
751.006000000000625
751.413000000000626
753.769000000000628
754.886000000000629
755.338000000000629
755.92900000000063
756.67500000000063
757.539000000000631
757.777000000000631
761.167000000000634
764.458000000000637
766.104000000000639
766.676000000000639
797.090000000000666
799.698000000000669
801.37200000000067
811.164000000000679
813.580000000000681
816.300000000000683
846.68300000000071
848.555000000000712
849.231000000000713
850.760000000000714
851.948000000000715
852.324000000000715
853.882000000000717
858.267000000000721
858.970000000000721
861.534000000000724
872.505000000000733
876.005000000000736
896.675000000000755
898.540000000000756
903.384000000000761
907.149000000000764
907.623000000000764
912.278000000000769
912.706000000000769
913.85200000000077
946.075000000000799
948.0370000000008
951.437000000000803
955.125000000000807
1116.00000000000095
1119.20200000000095
1133.07700000000096
1136.86200000000097
1138.12400000000097
1140.61100000000097
1141.37400000000097
1146.79000000000098
1150.25700000000098
1152.47600000000098
1241.39700000000106
1243.18900000000106
1244.20200000000106
1249.02900000000107
1268.20100000000108
1273.75600000000109
1275.91000000000109
1277.29200000000109
1282.2990000000011
1285.6330000000011
1286.9200000000011
1289.1270000000011
1290.4930000000011
1300.20900000000111
1321.52000000000113
1321.98600000000113
1323.53800000000113
1332.91000000000114
1334.43300000000114
1339.01200000000115
1359.88800000000117
1420.85400000000122
1423.88300000000122
1427.24100000000123
1428.17300000000123
1430.58700000000123
1439.04600000000124
1440.33400000000124
1441.56600000000124
1468.73500000000126
1472.04100000000127
1504.77000000000129
1506.0230000000013
1506.2140000000013
1509.0720000000013
1511.3370000000013
1512.8800000000013
1516.62400000000131
1520.09100000000131
1521.52600000000131
1965.5580000000017
1967.12100000000171
1970.18400000000171
1971.86400000000171
1977.21000000000171
2011.14200000000174
2015.02500000000175
2020.23500000000175
2036.27200000000177
2039.23400000000177
2043.40900000000177
2051.55200000000139
2054.98000000000101
2063.81200000000004
2066.34099999999976
2074.32899999999888
2113.98499999999451
2117.19199999999416
2130.07099999999274
2135.19299999999217
2139.35099999999172
2142.64299999999135
2144.32299999999117
2148.42999999999072
2149.93499999999055
2151.01599999999043
2162.12099999998921
2166.46399999998873
2175.7989999999877
2176.88799999998758
2180.49199999998719
2210.55099999998387
2451.8219999999573
2454.68199999995699
2458.51699999995657
2462.57799999995612
2465.4469999999558
2551.22599999994635
2553.40599999994611
2556.94799999994572
2561.23299999994525
2575.09199999994373
2579.13599999994328
2610.7489999999398
2614.57299999993938
2617.03599999993911
2620.29199999993875
3668.40999999982331
3670.51499999982308
3702.70699999981954
3705.67099999981921
3707.05199999981906
3728.40599999981671
3731.94499999981632
3735.7079999998159
3745.31099999981485
3772.35699999981187
3777.94299999981125
3779.88599999981104
3784.06699999981058
3878.67899999980016
3882.43699999979974
3892.33299999979865
3908.56099999979687
3912.01199999979649
3926.30499999979491
3927.88099999979474
3930.0629999997945
4101.01999999977567
4104.02899999977534
4107.25999999977498
4109.53599999977473
4110.65199999977461
4114.70499999977416
4116.12499999977401
4119.67499999977362
4122.91899999977326
4124.3369999997731
4131.38799999977232
4154.68099999976976
4172.54199999976779
4179.02699999976708
4181.30799999976683
4183.78599999976655
4193.3469999997655
4199.14699999976486
4202.65099999976448
4207.18899999976398
4213.11799999976332
4548.54599999972638
4551.43299999972606
4553.24099999972586
4580.07799999972291
4583.22699999972256
4584.76699999972239
4622.54399999971823
4625.88499999971786
4629.85999999971743
4639.01999999971642
4641.09699999971619
4664.96399999971356
4674.11599999971255
4695.01299999971025
4697.39299999970999
4699.49699999970976
4711.56199999970843
4713.54199999970821
4720.9029999997074
4725.76199999970686
4727.34999999970669
4730.66599999970632
5771.3869999995917
5776.09299999959119
5787.14899999958997
5789.13899999958975
5792.63399999958937
5821.72299999958616
5823.97399999958591
5825.58699999958574
5826.06399999958568
5834.46999999958476
5835.40499999958466
5839.44599999958421
5931.12399999957411
5937.95499999957336
5938.90499999957326
5959.62699999957097
5960.39399999957089
5961.94899999957072
16
-1
3.89900000000000007
12.58900000000000025
56.2360000000000083
90.0930000000000384
113.9770000000000596
184.865000000000123
290.050000000000216
371.464000000000288
461.036000000000368
621.35800000000051
737.371000000000613
861.535000000000724
1290.4940000000011
2054.98100000000101
3745.31199999981485
4674.11699999971255
0
0
5000
0
0
0
0
7200
0
0
0
0
0
17
0
6474.2179999995143
1800.00000000000156
1800
0
49
0
1
4
7
10
13
16
19
22
25
28
31
34
37
40
43
46
49
52
55
58
61
64
67
70
73
76
79
82
85
88
91
94
97
100
103
106
109
112
115
118
121
124
127
130
133
136
139
142
145
148
151
154
157
160
163
166
169
172
175
178
181
184
187
190
193
196
199
202
205
208
211
214
217
220
223
226
229
232
235
238
241
244
247
250
253
256
259
262
265
268
271
274
277
280
283
286
289
292
295
298
301
304
307
310
313
316
319
322
325
328
331
334
337
340
343
346
349
352
355
358
361
364
367
370
373
376
379
382
385
388
391
394
397
400
403
406
409
412
415
418
421
424
427
430
433
436
439
442
445
448
451
454
457
460
463
466
469
472
475
478
481
484
487
490
493
496
499
502
505
508
511
514
517
520
523
526
529
532
535
538
541
544
547
550
