12
10
19
12
10
19
cPPR1.10
PR3_day2.2
0
4
7
57
00
9
59
52
23
3
.3
1
513
1
19
1
1
1
1
1
1
1
1
1
1
1
1
1
1
1
1
1
1
1
1
1
184
512
-1
2.67400000000000004
36.3199999999999906
65.972000000000017
67.2810000000000181
67.8750000000000186
70.0560000000000206
71.0850000000000215
71.7790000000000221
72.0600000000000224
72.4540000000000227
73.6390000000000238
74.2350000000000243
74.7200000000000247
79.0310000000000285
79.4800000000000289
79.6350000000000291
80.0220000000000294
83.5340000000000326
84.2910000000000332
85.0160000000000339
85.9590000000000347
114.43200000000006
114.9940000000000605
117.3320000000000626
118.2600000000000634
147.389000000000089
148.59000000000009
234.980000000000167
235.993000000000168
236.962000000000169
244.440000000000175
335.342000000000256
337.328000000000258
340.519000000000261
342.330000000000262
343.204000000000263
344.134000000000264
350.257000000000269
357.418000000000276
385.992000000000301
389.660000000000304
397.589000000000311
402.618000000000316
411.953000000000324
414.158000000000326
415.815000000000328
416.652000000000328
418.23400000000033
419.245000000000331
420.995000000000332
421.703000000000333
422.830000000000334
424.646000000000336
425.848000000000337
429.83200000000034
432.355000000000342
492.430000000000396
495.007000000000398
497.4600000000004
515.628000000000416
516.428000000000417
518.381000000000419
520.817000000000421
574.411000000000468
577.074000000000471
580.310000000000474
588.119000000000481
590.835000000000483
592.451000000000484
593.577000000000486
595.435000000000487
596.437000000000488
603.457000000000494
610.1810000000005
614.507000000000504
618.585000000000508
622.536000000000511
627.029000000000515
644.608000000000531
646.700000000000533
648.755000000000535
678.293000000000561
683.712000000000566
685.123000000000567
687.779000000000569
689.444000000000571
690.081000000000571
693.940000000000575
695.442000000000576
701.006000000000581
704.060000000000584
711.980000000000591
713.631000000000592
735.007000000000611
737.527000000000613
739.219000000000615
741.970000000000617
746.721000000000622
748.205000000000623
757.077000000000631
775.071000000000647
810.079000000000678
811.691000000000679
815.401000000000683
816.479000000000683
820.035000000000687
828.462000000000694
830.695000000000696
835.705000000000701
836.455000000000701
841.141000000000705
845.633000000000709
846.49200000000071
847.390000000000711
848.024000000000712
849.141000000000712
849.760000000000713
861.042000000000723
871.804000000000733
911.456000000000768
914.29700000000077
919.210000000000775
922.324000000000778
923.224000000000778
924.380000000000779
962.594000000000813
977.348000000000826
981.56300000000083
985.615000000000834
1010.880000000000856
1011.875000000000857
1015.852000000000861
1025.65800000000087
1027.38900000000087
1038.44800000000088
1039.15600000000088
1041.18800000000088
1042.29000000000088
1044.25300000000089
1047.74700000000089
1048.69300000000089
1059.8540000000009
1060.6800000000009
1085.43300000000092
1087.04400000000092
1088.93100000000093
1090.76800000000093
1366.44600000000117
1372.95000000000118
1376.00200000000118
1378.60300000000118
1379.14200000000118
1382.22400000000119
1404.13300000000121
1405.38300000000121
1466.00000000000126
1469.79000000000126
1471.58800000000127
1477.09000000000127
1508.8690000000013
1512.7000000000013
1515.4050000000013
1517.05700000000131
1517.94800000000131
1527.94000000000132
1529.33300000000132
1530.28700000000132
1534.74800000000132
1536.28900000000132
1538.00100000000132
1578.51800000000136
1583.23000000000136
1584.68700000000137
1599.42800000000138
1600.92900000000138
1694.07500000000146
1696.97200000000147
1698.45200000000147
1700.80300000000147
1701.47800000000147
1772.85000000000153
1774.83800000000153
1775.82100000000154
1810.29400000000157
1833.86500000000159
1835.96400000000159
1837.69200000000159
1838.74300000000159
1841.12100000000159
1844.1470000000016
1845.1600000000016
1845.7980000000016
1847.2310000000016
1850.5470000000016
1923.47000000000167
1924.56600000000167
1925.72500000000167
1926.84700000000167
1927.78100000000167
1933.80600000000168
1934.66500000000168
2044.79900000000177
2083.01299999999792
2088.18599999999735
2143.38799999999127
2150.4299999999905
2151.10999999999042
2151.78899999999035
2154.75599999999002
2155.33799999998996
2155.79499999998991
2172.28199999998809
2175.05099999998778
2184.10699999998679
2185.45899999998664
2282.31499999997597
2283.8339999999758
2288.52299999997529
2319.3019999999719
2320.69799999997174
2324.08099999997137
2355.66999999996789
2374.91199999996577
2375.64899999996569
2376.97599999996555
2378.60399999996537
2379.57599999996526
2381.33799999996507
2382.50899999996494
2384.85699999996468
2385.66899999996459
2386.4529999999645
2387.07199999996443
2482.23799999995395
2483.18499999995385
2493.04599999995276
2494.03999999995265
2498.30799999995218
2498.93499999995211
2500.35799999995196
2536.50699999994798
2565.64599999994477
2577.38099999994347
2578.40599999994336
2579.29599999994326
2582.10399999994295
2585.3229999999426
2591.26799999994194
2616.66699999993915
2618.028999999939
2618.99699999993889
2694.84399999993054
2697.45999999993025
2698.53799999993013
2701.19199999992984
2817.38599999991704
2822.35499999991649
2829.68699999991569
2833.44399999991527
2837.52699999991482
2840.66499999991448
2842.12799999991432
2845.033999999914
2927.32399999990493
2928.18499999990484
2935.71399999990401
2964.41799999990085
2965.93899999990068
2970.51599999990018
3008.65199999989598
3010.67899999989575
3042.27799999989227
3045.25199999989195
3045.97199999989187
3049.2769999998915
3089.94899999988702
3102.26699999988567
3103.7389999998855
3119.58999999988376
3159.39199999987938
3161.55899999987914
3162.18699999987907
3163.98199999987887
3164.68599999987879
3171.80599999987801
3172.00999999987799
3361.6829999998571
3362.94499999985696
3375.02999999985563
3376.52199999985546
3382.02199999985486
3382.90699999985476
3384.23899999985461
3385.59299999985446
3386.2009999998544
3414.40699999985129
3415.70799999985115
3422.82299999985036
3433.16699999984922
3434.15199999984911
3436.60799999984884
3437.40599999984876
3439.20499999984856
3440.51899999984841
3441.76199999984828
3442.4279999998482
3443.62199999984807
3450.12899999984736
3451.01399999984726
3451.83099999984717
3452.61599999984708
3454.41899999984688
3508.52499999984092
3509.43299999984082
3511.36899999984061
3519.07099999983976
3546.38599999983675
3548.89999999983648
3550.73899999983627
3555.35199999983577
3608.53899999982991
3609.38599999982982
3610.22699999982972
3614.00999999982931
3615.44099999982915
3617.97399999982887
3955.12599999979174
3957.13599999979152
3957.96599999979142
3959.0759999997913
3960.36699999979116
3960.9369999997911
3962.15399999979096
3963.47099999979082
4014.29199999978522
4015.85199999978505
4018.43999999978476
4020.51799999978454
4043.37799999978202
4045.81499999978175
4104.3929999997753
4109.7999999997747
4114.72399999977416
4120.26099999977355
4123.51699999977319
4125.01799999977303
4399.89999999974275
4415.15899999974107
4416.80499999974089
4427.26799999973974
4435.86599999973879
4472.49899999973476
4477.27199999973423
4535.41499999972783
4537.59099999972759
4539.06999999972743
4542.86799999972701
4543.25199999972696
4544.91099999972678
4544.99599999972677
4577.62399999972318
4580.64399999972285
4581.31799999972277
4588.88699999972194
4594.33199999972134
4596.03499999972115
4599.44499999972078
4601.56699999972054
4606.22399999972003
4607.10999999971993
4613.7719999997192
4615.08699999971905
4624.28599999971804
4674.77199999971248
4676.73999999971226
4677.26599999971221
4677.88799999971214
4678.66399999971205
4681.63799999971172
4682.13799999971167
4683.13999999971156
4689.02899999971091
4794.4049999996993
4886.82299999968913
4906.42399999968697
4939.02199999968338
4944.2729999996828
4945.70099999968264
4946.64099999968254
4948.05099999968238
4948.66399999968232
4949.18399999968226
4959.99599999968107
4976.9189999996792
4979.6869999996789
4988.35399999967794
4998.68099999967681
5006.71799999967592
5017.52099999967473
5020.80999999967437
5022.3519999996742
5023.39599999967408
5031.11399999967323
5083.03599999966752
5084.03999999966741
5091.85299999966654
5094.27999999966628
5128.89099999966247
5129.75599999966237
5135.99199999966168
5137.16499999966155
5154.9199999996596
5164.51099999965854
5167.96499999965816
5169.77799999965796
5171.97599999965772
5211.59699999965336
5213.9749999996531
5286.66299999964509
5294.7299999996442
5302.23099999964338
5304.12999999964317
5308.61399999964267
5313.94299999964209
5314.675999999642
5315.68299999964189
5348.18599999963831
5349.66499999963815
5361.87299999963681
5367.01699999963624
5375.71399999963528
5414.83899999963097
5429.33699999962938
5490.64199999962262
5492.25799999962245
5496.05999999962203
5497.02299999962192
5500.75499999962151
5507.03199999962082
5516.93499999961973
5520.55399999961933
5523.20099999961904
5585.22699999961221
5588.65799999961183
5590.34199999961164
5597.26399999961088
5658.23899999960417
5661.84499999960377
5668.53799999960303
5684.74599999960125
5685.78199999960113
5687.50799999960094
5688.8489999996008
5690.00399999960067
5698.59399999959972
5711.91199999959826
5719.09399999959746
5720.6219999995973
5721.86799999959716
5807.60099999958772
5808.91899999958757
5817.14199999958667
5858.47499999958211
5860.16699999958193
5862.44599999958168
5884.8899999995792
5896.58699999957792
5898.12199999957775
6105.17199999955494
6109.47299999955447
6109.97999999955441
6110.68599999955434
6157.42999999954919
6268.32999999953698
6307.21499999953269
6308.69399999953253
6309.97499999953239
6311.75999999953219
6312.34999999953213
6316.2399999995317
6360.95799999952677
6390.82299999952348
6391.6059999995234
6394.51999999952308
6400.96799999952237
6470.67199999951469
6472.70499999951447
6489.16299999951265
6491.57299999951239
6495.57399999951195
6495.93399999951191
6518.90499999950938
6520.43899999950921
6531.11799999950803
6550.42999999950591
6555.71999999950532
6559.01299999950496
6564.1009999995044
6603.35899999950008
6608.54099999949951
6611.75099999949915
6614.09399999949889
6843.34199999947365
6848.66099999947306
6849.34999999947298
7154.46699999943938
7157.0109999994391
7158.56499999943893
7160.17199999943875
7163.64799999943837
7165.78499999943813
7173.3749999994373
18
-1
2.67500000000000004
67.8760000000000186
80.0230000000000294
236.963000000000169
402.619000000000316
497.4610000000004
627.030000000000515
757.078000000000631
924.381000000000779
1382.22500000000119
1810.29500000000157
2288.52399999997529
2701.19299999992984
3386.2019999998544
4020.51899999978454
4886.82399999968913
5429.33799999962938
6400.96899999952237
0
0
5000
0
0
0
0
7200
0
0
0
0
0
19
0
7200.00099999943437
799.132000000000668
1800
0
55
0
1
4
7
10
13
16
19
22
25
28
31
34
37
40
43
46
49
52
55
58
61
64
67
70
73
76
79
82
85
88
91
94
97
100
103
106
109
112
115
118
121
124
127
130
133
136
139
142
145
148
151
154
157
160
163
166
169
172
175
178
181
184
187
190
193
196
199
202
205
208
211
214
217
220
223
226
229
232
235
238
241
244
247
250
253
256
259
262
265
268
271
274
277
280
283
286
289
292
295
298
301
304
307
310
313
316
319
322
325
328
331
334
337
340
343
346
349
352
355
358
361
364
367
370
373
376
379
382
385
388
391
394
397
400
403
406
409
412
415
418
421
424
427
430
433
436
439
442
445
448
451
454
457
460
463
466
469
472
475
478
481
484
487
490
493
496
499
502
505
508
511
514
517
520
523
526
529
532
535
538
541
544
547
550
