12
17
19
12
17
19
cPPR1.11
PR3_day2.6
0
1
11
34
07
12
37
10
23
3
.3
1
197
1
12
1
1
1
1
1
1
1
1
1
1
1
1
1
1
1
1
1
1
1
1
1
184
196
-1
0.94300000000000001
23.1689999999999942
26.7159999999999912
66.3330000000000173
66.5160000000000174
88.0570000000000366
88.7360000000000372
90.8620000000000391
117.2010000000000624
138.302000000000081
139.251000000000082
140.796000000000083
159.0370000000001
173.333000000000112
174.347000000000113
189.290000000000126
189.777000000000127
192.94700000000013
206.470000000000142
206.614000000000142
207.030000000000142
207.282000000000142
218.892000000000153
249.55900000000018
250.03100000000018
250.783000000000181
251.232000000000182
252.402000000000183
252.980000000000183
253.740000000000184
333.933000000000255
335.065000000000256
335.694000000000256
337.148000000000258
337.821000000000258
368.158000000000285
369.226000000000286
370.241000000000287
390.971000000000306
391.713000000000306
399.616000000000313
438.563000000000348
441.46300000000035
443.071000000000352
443.632000000000352
444.350000000000353
444.481000000000353
445.752000000000354
446.063000000000355
449.108000000000357
449.218000000000357
456.286000000000364
456.612000000000364
457.210000000000364
521.175000000000421
523.388000000000423
524.766000000000424
524.979000000000425
526.294000000000426
527.142000000000426
527.232000000000427
527.825000000000427
528.273000000000428
528.872000000000428
543.943000000000441
544.668000000000442
545.471000000000443
546.916000000000444
548.004000000000445
578.380000000000472
589.590000000000482
604.502000000000495
605.225000000000496
606.065000000000497
607.855000000000498
635.586000000000523
637.171000000000524
637.786000000000525
637.923000000000525
638.325000000000525
638.732000000000526
641.162000000000528
641.901000000000528
645.937000000000532
647.828000000000534
651.013000000000536
651.098000000000537
653.602000000000539
654.097000000000539
658.479000000000543
660.576000000000545
661.208000000000546
671.427000000000555
672.512000000000556
673.200000000000556
673.641000000000557
674.554000000000557
718.529000000000596
719.590000000000597
721.317000000000599
735.823000000000612
736.687000000000613
741.220000000000617
744.049000000000619
753.486000000000628
768.958000000000641
770.986000000000643
772.342000000000644
773.205000000000645
776.228000000000648
777.610000000000649
777.877000000000649
780.953000000000652
783.349000000000654
784.894000000000655
788.553000000000659
789.45400000000066
800.480000000000669
802.506000000000671
803.348000000000672
831.216000000000697
833.505000000000699
842.996000000000707
843.387000000000707
847.430000000000711
849.917000000000713
858.668000000000721
860.507000000000723
861.825000000000724
863.686000000000725
864.478000000000726
902.24400000000076
905.822000000000763
906.477000000000763
916.610000000000772
917.493000000000773
919.710000000000775
920.508000000000776
924.83000000000078
926.289000000000781
927.216000000000782
927.681000000000782
927.791000000000782
928.164000000000783
928.654000000000783
928.829000000000783
945.556000000000798
950.108000000000802
950.950000000000803
951.999000000000804
952.851000000000805
1090.11600000000093
1090.54700000000093
1091.61500000000093
1095.45600000000093
1096.42100000000093
1097.35900000000093
1098.60700000000093
1105.71000000000094
1107.09000000000094
1168.899000000001
1414.08700000000121
1418.75700000000122
1420.60400000000122
1423.25400000000122
1423.99200000000122
1444.50200000000124
1445.53000000000124
1542.15500000000133
1549.56500000000133
1553.11200000000134
1924.83600000000167
1965.0710000000017
1967.44300000000171
1968.40600000000171
1969.50300000000171
1977.95100000000172
1994.35400000000173
2080.64099999999818
2085.30499999999767
2115.70699999999432
2121.38899999999369
2123.46199999999347
2129.43799999999281
2153.03599999999021
2155.41899999998995
2155.93099999998989
2158.93999999998956
2167.37499999998863
2171.91299999998813
2179.38699999998731
2221.44799999998267
2225.90599999998218
2228.4969999999819
2305.30299999997344
2311.86699999997272
11
-1
0.94400000000000001
66.5170000000000174
140.797000000000083
207.283000000000142
337.822000000000258
449.219000000000357
578.381000000000472
661.209000000000546
789.45500000000066
928.655000000000783
1977.95200000000172
0
0
5000
0
0
0
0
7200
0
0
0
0
0
12
0
3778.05299999981124
1800.00000000000156
1800
0
34
0
1
4
7
10
13
16
19
22
25
28
31
34
37
40
43
46
49
52
55
58
61
64
67
70
73
76
79
82
85
88
91
94
97
100
103
106
109
112
115
118
121
124
127
130
133
136
139
142
145
148
151
154
157
160
163
166
169
172
175
178
181
184
187
190
193
196
199
202
205
208
211
214
217
220
223
226
229
232
235
238
241
244
247
250
253
256
259
262
265
268
271
274
277
280
283
286
289
292
295
298
301
304
307
310
313
316
319
322
325
328
331
334
337
340
343
346
349
352
355
358
361
364
367
370
373
376
379
382
385
388
391
394
397
400
403
406
409
412
415
418
421
424
427
430
433
436
439
442
445
448
451
454
457
460
463
466
469
472
475
478
481
484
487
490
493
496
499
502
505
508
511
514
517
520
523
526
529
532
535
538
541
544
547
550
