12
11
19
12
11
19
cPPR1.15
PR3_day2.3
0
1
12
45
15
13
41
42
23
3
.3
1
569
1
20
1
1
1
1
1
1
1
1
1
1
1
1
1
1
1
1
1
1
1
1
1
184
568
-1
2.96800000000000005
13.56900000000000027
14.18300000000000028
14.37000000000000029
15.65500000000000031
15.83200000000000032
16.3080000000000001
34.1219999999999887
34.2799999999999888
34.4479999999999889
35.9229999999999903
36.1239999999999904
36.2829999999999906
36.4519999999999907
40.7139999999999945
41.289999999999995
42.8129999999999964
43.1459999999999967
43.5829999999999971
43.7739999999999972
44.0279999999999975
44.2119999999999976
44.5139999999999979
44.8259999999999982
45.0349999999999984
45.2349999999999985
65.2210000000000163
65.3990000000000164
66.2250000000000172
66.8640000000000177
67.2840000000000181
67.5510000000000184
67.7540000000000185
67.9020000000000187
68.0830000000000188
68.6890000000000194
69.1410000000000198
69.9080000000000204
70.7080000000000212
95.278000000000043
96.0090000000000436
96.9960000000000445
97.6870000000000451
98.5670000000000459
99.4730000000000467
99.752000000000047
100.0320000000000472
101.1110000000000482
101.4270000000000484
101.5850000000000486
101.7760000000000487
101.9200000000000489
102.1440000000000491
102.3330000000000492
102.8220000000000497
105.7000000000000522
105.9330000000000524
106.9950000000000534
107.629000000000054
107.8190000000000541
107.9490000000000542
108.0980000000000544
108.2660000000000545
108.4920000000000547
108.6530000000000549
108.817000000000055
109.0010000000000552
109.2380000000000554
109.5930000000000557
109.903000000000056
110.8060000000000568
111.2520000000000572
111.7760000000000576
111.9500000000000578
112.1270000000000579
112.3090000000000581
112.9610000000000587
113.2550000000000589
113.8690000000000595
117.7340000000000629
118.1240000000000633
118.2480000000000634
118.3970000000000635
118.7110000000000638
118.8860000000000639
119.2060000000000642
119.3210000000000643
119.5080000000000645
119.6620000000000646
121.0410000000000659
121.7760000000000665
121.9190000000000666
122.0610000000000668
122.2460000000000669
122.3920000000000671
122.5140000000000672
122.7740000000000674
122.9740000000000676
123.6360000000000682
123.8520000000000684
124.0650000000000685
124.3490000000000688
124.587000000000069
124.7630000000000692
125.3110000000000696
126.7370000000000709
126.9300000000000711
197.096000000000133
199.837000000000136
200.234000000000136
200.379000000000136
202.259000000000138
202.387000000000138
202.732000000000138
203.126000000000139
229.052000000000162
268.106000000000196
268.973000000000197
269.640000000000198
270.021000000000198
270.173000000000198
270.554000000000199
272.1760000000002
272.724000000000201
273.273000000000201
273.590000000000201
274.572000000000202
275.553000000000203
275.851000000000203
275.991000000000203
276.237000000000204
276.565000000000204
288.056000000000214
288.546000000000215
289.234000000000215
289.811000000000216
290.081000000000216
290.515000000000216
290.701000000000217
290.873000000000217
291.041000000000217
291.448000000000217
291.666000000000217
292.234000000000218
293.139000000000219
298.134000000000223
301.614000000000226
303.763000000000228
307.462000000000231
307.762000000000232
308.122000000000232
308.509000000000232
308.979000000000233
309.231000000000233
309.455000000000233
309.625000000000233
309.813000000000234
310.008000000000234
310.195000000000234
310.407000000000234
322.476000000000245
323.901000000000246
324.316000000000246
325.095000000000247
325.537000000000247
325.963000000000248
326.468000000000248
326.663000000000248
326.904000000000249
327.036000000000249
327.189000000000249
327.358000000000249
327.762000000000249
328.09400000000025
328.29900000000025
328.61000000000025
329.092000000000251
329.553000000000251
329.722000000000251
330.010000000000251
330.285000000000252
330.479000000000252
330.676000000000252
330.869000000000252
331.068000000000252
331.498000000000253
331.710000000000253
332.379000000000254
332.681000000000254
333.580000000000255
334.709000000000256
422.659000000000334
422.938000000000334
423.205000000000334
613.312000000000503
614.906000000000504
615.174000000000505
615.273000000000505
615.425000000000505
615.566000000000505
616.209000000000506
618.138000000000507
618.897000000000508
622.193000000000511
1231.65700000000105
1232.38200000000105
1234.32900000000105
1234.88100000000106
1235.01400000000106
1235.49400000000106
1235.81400000000106
1236.56300000000106
1238.21000000000106
1238.38300000000106
1238.60500000000106
1238.90200000000106
1239.65400000000106
1240.21000000000106
1240.42100000000106
1240.58900000000106
1240.77200000000106
1241.33200000000106
1241.49400000000106
1241.67800000000106
1241.82200000000106
1256.75600000000107
1258.15900000000108
1258.35200000000108
1258.66200000000108
1258.92300000000108
1261.24700000000108
1261.65800000000108
1263.32300000000108
1263.61100000000108
1263.82200000000108
1264.27000000000108
1264.43600000000108
1266.12100000000108
1266.34200000000108
1266.50000000000108
1266.65800000000108
1266.82300000000108
1267.02300000000108
1267.22800000000108
1267.41700000000108
1267.67000000000108
1267.98500000000108
1269.07200000000109
1269.57300000000109
1269.76600000000109
1271.61100000000109
1271.86500000000109
1272.01000000000109
1272.17200000000109
1272.33300000000109
1272.52200000000109
1272.65600000000109
1272.88600000000109
1273.05200000000109
1273.23900000000109
1273.45100000000109
1274.69300000000109
1275.15200000000109
1289.8560000000011
1290.7610000000011
1290.8820000000011
1291.1390000000011
1292.35000000000111
1292.82800000000111
1293.92400000000111
1294.64900000000111
1295.68200000000111
1295.95000000000111
1297.15600000000111
1297.38500000000111
1297.58400000000111
1297.70200000000111
1297.82900000000111
1297.96700000000111
1298.31000000000111
1298.47300000000111
1298.65800000000111
1298.83400000000111
1299.78500000000111
1299.97100000000111
1300.20000000000111
1300.41100000000111
1303.72600000000112
1304.07600000000112
1304.41500000000112
1304.54000000000112
1304.69900000000112
1304.87600000000112
1305.03300000000112
1305.93000000000112
1306.88000000000112
1307.08900000000112
1307.24800000000112
1307.39500000000112
1307.55800000000112
1307.71200000000112
1307.82900000000112
1307.95600000000112
1318.58300000000113
1319.36500000000113
1321.18200000000113
1323.27900000000113
1323.54700000000113
1325.30500000000114
1325.34900000000114
1327.32600000000114
1328.00700000000114
1328.87600000000114
1329.15300000000114
1329.29300000000114
1329.75500000000114
1329.96500000000114
1330.09400000000114
1330.25300000000114
1330.48800000000114
1330.73900000000114
1330.90400000000114
1331.08600000000114
1331.46700000000114
1331.68700000000114
1331.96300000000114
1333.05900000000114
1333.37400000000114
1334.22300000000114
1334.57400000000114
1334.84800000000114
1335.03400000000114
1335.25000000000114
1335.41400000000114
1335.59300000000114
1335.88000000000114
1336.21200000000114
1336.40300000000115
1336.78000000000115
1338.33900000000115
1338.65400000000115
1339.34300000000115
1339.56900000000115
1339.72900000000115
1339.92800000000115
1340.11500000000115
1352.44000000000116
1353.63600000000116
1354.43200000000116
1354.88900000000116
1356.45600000000116
1357.33300000000116
1357.58100000000116
1358.05700000000116
1358.20800000000116
1358.33400000000116
1358.50900000000116
1358.72900000000117
1358.99400000000117
1359.99900000000117
1361.17300000000117
1361.45400000000117
1362.11200000000117
1362.20100000000117
1362.41300000000117
1362.87700000000117
1363.06600000000117
1363.34000000000117
1363.67900000000117
1363.98100000000117
1364.96800000000117
1365.82200000000117
1366.06000000000117
1366.22900000000117
1366.36800000000117
1366.56400000000117
1366.74900000000117
1367.15800000000117
1367.46900000000117
1367.66900000000117
1368.48600000000117
1369.21700000000117
1369.78200000000117
1370.00300000000118
1370.58400000000118
1370.73200000000118
1375.20600000000118
1375.38100000000118
1375.67200000000118
1375.84800000000118
1389.19800000000119
1391.13500000000119
1441.13500000000124
1445.61200000000124
1446.91300000000124
1448.03100000000124
1448.48900000000124
1449.44100000000125
1450.58300000000125
1451.17700000000125
1452.30400000000125
1452.72100000000125
1452.87000000000125
1453.16900000000125
1453.27700000000125
1453.41600000000125
1453.72800000000125
1454.24900000000125
1454.73000000000125
1454.88100000000125
1455.30800000000125
1455.58700000000125
1455.85100000000125
1456.26400000000125
1456.56800000000125
1456.93400000000125
1457.11300000000125
1457.89900000000125
1458.36200000000125
1458.55700000000125
1459.81700000000125
1460.77500000000126
1461.43500000000126
1461.59900000000126
1461.78800000000126
1462.08300000000126
1462.38800000000126
1462.68200000000126
1462.85400000000126
1463.01500000000126
1463.20700000000126
1463.30600000000126
1463.54000000000126
1464.21300000000126
1464.68700000000126
1465.06400000000126
1465.71700000000126
1465.86700000000126
1466.02900000000126
1466.19300000000126
1466.35200000000126
1487.16600000000128
1489.76000000000128
1490.81100000000128
1492.49800000000128
1492.92000000000128
1493.18000000000128
1493.49800000000128
1493.60800000000128
1494.82400000000129
1495.68500000000129
1497.56600000000129
1497.92300000000129
1498.22600000000129
1498.36600000000129
1499.44300000000129
1500.48100000000129
1500.70900000000129
1501.16200000000129
1501.37500000000129
1501.70600000000129
1502.28200000000129
1502.56300000000129
1503.26300000000129
1503.99500000000129
1504.27400000000129
1506.0660000000013
1506.2880000000013
1508.0350000000013
1508.2170000000013
1508.6910000000013
1508.9230000000013
1509.2880000000013
1509.4150000000013
1509.6080000000013
1509.8220000000013
1510.0880000000013
1510.4320000000013
1510.9440000000013
1511.1710000000013
1511.7210000000013
1513.3990000000013
1516.2790000000013
1517.02600000000131
1517.20700000000131
1517.61500000000131
1517.76700000000131
1517.95700000000131
1518.09200000000131
1518.20400000000131
1518.51800000000131
1519.28600000000131
1519.54400000000131
1519.88800000000131
1529.46000000000132
1532.67700000000132
1532.97200000000132
1533.15800000000132
1534.82700000000132
1535.95100000000132
1536.46100000000132
1537.08700000000132
1537.20100000000132
1537.45800000000132
1537.65500000000132
1537.88100000000132
1538.19200000000132
1539.57100000000133
1539.89500000000133
1540.15800000000133
1540.39600000000133
1540.69700000000133
1540.85000000000133
1540.99600000000133
1541.72000000000133
1542.01700000000133
1542.35200000000133
1542.52100000000133
1542.68600000000133
1542.99800000000133
1544.25600000000133
1544.48100000000133
1544.68200000000133
1544.97000000000133
1545.80500000000133
1546.57800000000133
1547.19400000000133
1547.88400000000133
1548.44900000000133
1548.99900000000133
1549.57200000000133
1549.80100000000133
1549.98800000000134
1550.13800000000134
1550.27000000000134
1550.51000000000134
1550.69000000000134
1550.84900000000134
1551.13000000000134
1551.26000000000134
1551.48100000000134
1551.69800000000134
1551.98100000000134
1552.18500000000134
1552.96900000000134
1554.75700000000134
1555.20300000000134
1555.50300000000134
1555.74000000000134
1570.79600000000135
1574.72700000000136
1574.85700000000136
1593.07900000000137
1597.84200000000138
1602.93400000000138
1604.87700000000138
1604.96900000000138
1605.12200000000138
1605.54100000000138
1605.68700000000138
1607.03100000000139
1607.83200000000139
1831.87000000000159
1839.46500000000159
1847.3740000000016
1848.1090000000016
1849.8370000000016
1850.5750000000016
19
-1
2.96900000000000005
15.65600000000000031
36.4529999999999907
45.2359999999999985
70.7090000000000212
102.8230000000000497
113.8700000000000595
126.9310000000000711
276.566000000000204
310.408000000000234
334.710000000000256
1241.82300000000106
1274.69400000000109
1307.95700000000112
1340.11600000000115
1391.13600000000119
1466.35300000000126
1519.54500000000131
1555.74100000000134
0
0
5000
0
0
0
0
7200
0
0
0
0
0
20
0
3355.84199999985774
1800.00000000000156
1800
0
58
0
1
4
7
10
13
16
19
22
25
28
31
34
37
40
43
46
49
52
55
58
61
64
67
70
73
76
79
82
85
88
91
94
97
100
103
106
109
112
115
118
121
124
127
130
133
136
139
142
145
148
151
154
157
160
163
166
169
172
175
178
181
184
187
190
193
196
199
202
205
208
211
214
217
220
223
226
229
232
235
238
241
244
247
250
253
256
259
262
265
268
271
274
277
280
283
286
289
292
295
298
301
304
307
310
313
316
319
322
325
328
331
334
337
340
343
346
349
352
355
358
361
364
367
370
373
376
379
382
385
388
391
394
397
400
403
406
409
412
415
418
421
424
427
430
433
436
439
442
445
448
451
454
457
460
463
466
469
472
475
478
481
484
487
490
493
496
499
502
505
508
511
514
517
520
523
526
529
532
535
538
541
544
547
550
