11
21
19
11
21
19
cPPR1.11
FR5_day4
0
1
10
24
03
11
11
35
24
2
.3
1
336
1
56
1
1
1
1
1
1
1
1
1
1
1
1
1
1
1
1
1
1
1
1
1
1
335
-1
30.9629999999999877
31.0649999999999876
31.2209999999999874
31.757999999999987
32.5749999999999873
32.7259999999999874
40.2759999999999941
40.4109999999999942
40.5719999999999944
40.7629999999999946
40.8949999999999947
41.1469999999999949
94.9160000000000427
95.0220000000000428
95.6980000000000434
96.1270000000000437
96.397000000000044
100.2870000000000474
101.5930000000000486
104.7750000000000514
104.9470000000000516
105.2860000000000519
106.0760000000000526
106.3910000000000528
106.4650000000000529
111.2360000000000572
111.3760000000000573
111.5390000000000574
111.7420000000000576
112.6710000000000584
113.2210000000000589
113.4680000000000591
114.6520000000000602
117.771000000000063
118.0980000000000632
118.5710000000000637
119.3610000000000644
119.7140000000000647
120.1660000000000651
121.1240000000000659
121.7550000000000665
122.0100000000000667
122.9140000000000675
127.6430000000000717
130.490000000000074
133.169000000000077
133.860000000000077
136.52500000000008
137.604000000000081
137.825000000000081
169.559000000000109
171.714000000000111
171.908000000000111
174.715000000000114
174.872000000000114
183.650000000000121
183.798000000000122
183.995000000000122
184.688000000000122
184.869000000000123
189.654000000000127
189.950000000000127
192.003000000000129
192.76500000000013
192.99600000000013
193.40400000000013
194.960000000000132
195.427000000000132
199.323000000000135
199.603000000000136
199.849000000000136
200.129000000000136
200.368000000000136
201.280000000000137
201.473000000000137
201.652000000000137
202.453000000000138
202.681000000000138
204.92700000000014
205.132000000000141
205.386000000000141
207.029000000000142
227.640000000000161
227.916000000000161
228.613000000000161
229.410000000000162
229.595000000000162
233.349000000000166
233.529000000000166
233.768000000000166
234.226000000000166
234.480000000000167
235.426000000000167
235.655000000000168
235.902000000000168
236.280000000000168
237.314000000000169
244.913000000000176
245.418000000000176
245.896000000000177
249.95300000000018
250.135000000000181
282.88200000000021
283.28300000000021
283.75000000000021
284.965000000000211
287.194000000000213
331.775000000000253
332.461000000000254
332.724000000000254
333.499000000000255
334.072000000000255
334.235000000000255
342.814000000000263
343.178000000000263
343.313000000000263
345.693000000000265
345.834000000000266
346.033000000000266
349.541000000000269
349.644000000000269
349.885000000000269
351.695000000000271
352.126000000000271
352.265000000000271
352.967000000000272
355.413000000000274
359.740000000000278
359.999000000000278
361.76600000000028
362.24800000000028
362.71400000000028
363.227000000000281
364.536000000000282
419.938000000000331
420.164000000000332
420.562000000000332
421.014000000000332
421.081000000000332
426.047000000000337
426.642000000000337
426.867000000000338
428.577000000000339
429.061000000000339
429.50700000000034
434.314000000000344
435.142000000000345
435.386000000000345
439.061000000000348
441.13300000000035
442.504000000000351
449.122000000000357
451.073000000000359
452.06400000000036
454.718000000000362
455.092000000000363
458.302000000000365
458.745000000000366
458.928000000000366
459.811000000000367
460.547000000000367
462.072000000000369
463.66500000000037
464.01500000000037
465.015000000000371
471.837000000000377
474.77000000000038
476.723000000000382
476.901000000000382
477.793000000000383
484.455000000000389
484.815000000000389
485.54400000000039
486.53700000000039
487.136000000000391
487.400000000000391
487.646000000000391
493.646000000000397
495.343000000000398
496.465000000000399
500.556000000000403
502.007000000000404
507.767000000000409
508.11300000000041
509.807000000000411
511.666000000000413
513.792000000000415
519.34200000000042
519.56600000000042
520.924000000000421
521.598000000000422
521.833000000000422
522.127000000000422
536.438000000000435
538.331000000000436
540.111000000000438
541.160000000000439
541.88300000000044
546.692000000000444
548.164000000000445
548.726000000000446
549.577000000000446
550.355000000000447
556.610000000000453
759.161000000000633
761.883000000000635
763.561000000000636
764.203000000000637
766.493000000000639
770.805000000000643
771.428000000000644
771.951000000000644
772.396000000000644
775.409000000000647
777.167000000000649
778.082000000000649
778.22300000000065
785.636000000000656
788.151000000000658
789.391000000000659
793.384000000000663
794.366000000000664
794.698000000000664
805.465000000000674
807.201000000000675
807.859000000000676
808.513000000000676
808.972000000000677
814.127000000000681
814.968000000000682
815.829000000000683
816.079000000000683
818.298000000000685
818.525000000000685
826.141000000000692
827.429000000000693
828.537000000000694
833.034000000000698
834.447000000000699
839.359000000000704
840.652000000000705
843.365000000000707
844.967000000000709
847.110000000000711
848.576000000000712
854.536000000000717
855.123000000000718
857.17700000000072
857.97400000000072
859.859000000000722
865.208000000000727
865.553000000000727
865.962000000000727
866.147000000000728
867.614000000000729
877.683000000000738
882.466000000000742
884.187000000000744
887.206000000000746
888.563000000000748
898.183000000000756
898.710000000000756
899.409000000000757
900.215000000000758
900.904000000000758
907.964000000000765
917.927000000000774
919.101000000000775
919.885000000000775
923.273000000000778
1242.93500000000106
1243.13300000000106
1243.31600000000106
1245.66600000000106
1245.84700000000106
1249.20000000000107
1250.43100000000107
1253.00200000000107
1255.66100000000107
1258.87900000000108
1262.41600000000108
1262.58900000000108
1266.89500000000108
1270.39900000000109
1270.55600000000109
1272.06100000000109
1418.36700000000122
1418.53100000000122
1425.77800000000122
1427.55700000000123
1431.64100000000123
1432.36000000000123
1433.09200000000123
1439.31200000000124
1440.27600000000124
1444.61400000000124
1446.22000000000124
1448.72600000000124
1448.93600000000125
1469.31000000000126
1470.55200000000126
1471.03900000000126
1472.16700000000127
1472.66600000000127
1496.94800000000129
1497.21500000000129
1499.53000000000129
1504.04000000000129
1505.1290000000013
1527.00800000000131
1531.42500000000132
1536.12100000000132
1539.00500000000133
1540.26800000000133
1563.34700000000135
1566.87000000000135
1567.75300000000135
1568.12800000000135
1571.55200000000135
1583.72100000000136
1585.00300000000137
1587.44100000000137
1587.88100000000137
1588.24100000000137
1599.94100000000138
1605.75900000000138
1610.50300000000139
1611.66900000000139
1612.60800000000139
1627.7970000000014
1629.10800000000141
1630.45000000000141
1631.81400000000141
1632.96800000000141
1643.36900000000142
55
-1
32.5749999999999873
40.8949999999999947
96.397000000000044
106.3910000000000528
114.6520000000000602
122.9140000000000675
137.604000000000081
174.872000000000114
184.869000000000123
194.960000000000132
202.453000000000138
229.595000000000162
237.314000000000169
250.135000000000181
287.194000000000213
334.072000000000255
345.834000000000266
355.413000000000274
364.536000000000282
421.081000000000332
429.50700000000034
442.504000000000351
455.092000000000363
465.015000000000371
477.793000000000383
487.136000000000391
502.007000000000404
513.792000000000415
521.833000000000422
541.88300000000044
556.610000000000453
766.493000000000639
778.082000000000649
794.366000000000664
808.972000000000677
818.525000000000685
834.447000000000699
848.576000000000712
859.859000000000722
867.614000000000729
888.563000000000748
900.904000000000758
923.273000000000778
1245.84700000000106
1262.58900000000108
1418.53100000000122
1433.09200000000123
1448.72600000000124
1472.66600000000127
1505.1290000000013
1540.26800000000133
1571.55200000000135
1588.24100000000137
1612.60800000000139
1632.96800000000141
5
0
5000
0
0
0
0
2700
99
0
0
0
0
0
0
2700.79599999992988
0
0
0
0
0
0
