12
13
19
12
13
19
cPPR1.10
PR3_day2.4
0
4
9
31
30
11
33
57
23
3
.3
1
499
1
19
1
1
1
1
1
1
1
1
1
1
1
1
1
1
1
1
1
1
1
1
1
184
498
-1
0.90600000000000001
3.99100000000000007
5.2700000000000001
5.74300000000000011
10.0760000000000002
12.56500000000000025
12.99700000000000026
14.30400000000000028
49.6740000000000025
104.7220000000000514
106.557000000000053
107.3570000000000537
109.6570000000000558
110.9280000000000569
112.3690000000000582
112.7060000000000585
118.1930000000000633
118.7070000000000638
119.1540000000000642
152.306000000000094
153.170000000000094
156.922000000000098
157.619000000000098
160.764000000000101
238.47500000000017
267.489000000000196
275.131000000000203
275.581000000000203
275.810000000000203
277.183000000000205
277.858000000000205
402.221000000000316
403.078000000000316
407.36800000000032
410.258000000000323
411.054000000000323
411.688000000000324
412.581000000000325
413.254000000000325
421.777000000000333
441.699000000000351
450.602000000000359
454.478000000000362
462.371000000000369
468.676000000000375
470.058000000000376
471.505000000000377
472.613000000000378
475.647000000000381
482.580000000000387
483.997000000000388
550.603000000000447
553.93500000000045
556.056000000000452
559.138000000000455
575.92200000000047
582.738000000000476
616.937000000000506
622.972000000000512
624.116000000000513
624.395000000000513
625.163000000000514
633.848000000000521
635.702000000000523
647.863000000000534
666.60500000000055
669.182000000000553
678.096000000000561
679.729000000000562
682.851000000000565
683.611000000000565
689.842000000000571
717.305000000000595
718.281000000000596
743.823000000000619
755.137000000000629
756.55300000000063
766.053000000000639
810.578000000000678
813.787000000000681
814.676000000000682
815.779000000000683
816.846000000000684
820.609000000000687
821.450000000000688
822.033000000000688
823.78000000000069
825.541000000000692
827.355000000000693
828.588000000000694
832.780000000000698
834.309000000000699
834.9110000000007
835.905000000000701
837.211000000000702
841.038000000000705
880.871000000000741
881.778000000000742
881.971000000000742
884.985000000000744
885.828000000000745
887.173000000000746
890.323000000000749
891.04700000000075
892.487000000000751
894.283000000000753
895.451000000000754
902.38200000000076
903.286000000000761
903.860000000000761
905.105000000000762
912.116000000000768
912.956000000000769
913.49200000000077
915.802000000000772
916.456000000000772
930.710000000000785
969.348000000000819
970.18500000000082
1066.28700000000091
1073.22500000000091
1091.32800000000093
1094.33300000000093
1098.55600000000093
1136.16200000000097
1153.09300000000098
1155.33000000000098
1157.30300000000099
1165.34000000000099
1166.46800000000099
1171.877000000001
1177.068000000001
1182.66100000000101
1197.35000000000102
1204.19300000000103
1205.30100000000103
1206.66900000000103
1285.2610000000011
1288.5920000000011
1300.40600000000111
1308.84200000000112
1311.88100000000112
1323.28300000000113
1326.87100000000114
1331.83500000000114
1333.65800000000114
1337.40400000000115
1339.68600000000115
1340.86000000000115
1419.09000000000122
1420.57600000000122
1424.73100000000122
1440.49100000000124
1442.27700000000124
1451.71000000000125
1473.51200000000127
1475.52600000000127
1476.20900000000127
1479.04200000000127
1481.44900000000127
1482.17700000000127
1483.59300000000128
1484.84100000000128
1485.53600000000128
1487.10800000000128
1488.79700000000128
1493.17300000000128
1493.78600000000128
1495.10000000000129
1495.65500000000129
1498.06300000000129
1505.8870000000013
1509.4580000000013
1514.4150000000013
1516.1040000000013
1529.46900000000132
1547.72900000000133
1552.07200000000134
1553.97200000000134
1559.64600000000134
1635.20800000000141
1643.54700000000142
1646.91600000000142
1650.62700000000142
1652.70500000000143
1708.38500000000148
1709.64200000000148
1710.52100000000148
1710.99500000000148
1715.68000000000148
1716.40700000000148
1718.70800000000148
1719.42500000000149
1722.28000000000149
1728.94200000000149
1736.6090000000015
1776.97100000000154
1780.34200000000154
1785.78900000000154
1792.39900000000155
1794.98500000000155
1797.85400000000156
1799.30100000000156
1800.60400000000156
1801.31500000000156
1802.32200000000156
1803.54400000000156
1811.21400000000157
1813.95000000000157
1816.92900000000157
1821.03600000000158
1821.96800000000158
1829.94800000000158
1830.81000000000158
1847.1100000000016
2054.00400000000112
2057.72700000000071
2059.50400000000051
2060.36800000000042
2061.53800000000029
2065.78199999999982
2069.27999999999943
2070.16299999999934
2078.72899999999839
2080.73699999999817
2115.09799999999439
2120.4279999999938
2185.13899999998667
2192.88199999998582
2336.66999999996998
2338.84799999996974
2339.90899999996963
2341.79799999996942
2342.46899999996935
2342.82199999996931
2345.06699999996906
2357.61099999996768
2456.28299999995681
2460.54599999995634
2462.22199999995616
2472.01999999995508
2544.80899999994706
2545.47499999994699
2546.07399999994692
2552.79699999994618
2558.14099999994559
2565.60299999994477
2567.58299999994455
2572.87299999994397
2574.4379999999438
2585.79999999994255
2601.12899999994086
2601.83799999994078
2679.44299999993223
2689.78799999993109
2699.84099999992999
2715.05799999992831
2717.66699999992802
2765.37499999992277
2766.09099999992269
2776.77499999992151
2779.49499999992121
2781.86899999992095
2786.63099999992043
2788.23799999992025
2794.27099999991959
2794.95099999991951
2795.9709999999194
2799.27599999991904
2801.55899999991878
2802.37499999991869
2803.15599999991861
2827.51799999991593
2830.04399999991565
2830.4669999999156
2831.17599999991552
2861.27999999991221
2862.57799999991206
2863.128999999912
2864.13199999991189
2865.78899999991171
2868.73999999991139
2877.87399999991038
2879.08099999991025
2879.67499999991018
2883.61099999990975
2891.85199999990884
2973.0389999998999
2976.13399999989956
2978.4969999998993
2979.69299999989917
3004.96699999989638
3138.47299999988168
3140.26699999988148
3141.0129999998814
3148.35199999988059
3149.45299999988047
3159.44599999987937
3160.77799999987922
3162.05499999987908
3162.55399999987903
3173.52499999987782
3176.00799999987755
3177.45199999987739
3181.26899999987697
3240.97999999987039
3251.06599999986928
3253.87799999986897
3254.60199999986889
3258.62499999986845
3259.30399999986837
3262.645999999868
3263.33999999986793
3264.16999999986784
3265.44999999986769
3266.3289999998676
3267.1839999998675
3267.87099999986743
3269.55199999986724
3270.07999999986718
3271.07199999986708
3271.80899999986699
3272.32199999986694
3272.82899999986688
3273.37899999986682
3274.27099999986672
3275.01499999986664
3275.33499999986661
3276.10999999986652
3278.04799999986631
3284.14799999986564
3392.04099999985375
3573.28899999983379
3576.8549999998334
3596.15599999983127
3600.58899999983078
3601.02799999983074
3623.05799999982831
3626.97399999982788
3630.97499999982744
3662.73199999982394
3663.64899999982384
3664.23399999982377
3668.24399999982333
3669.34399999982321
3679.96499999982204
3685.7609999998214
3686.99799999982127
3695.24299999982036
3696.28399999982024
3696.88999999982018
3701.69799999981965
3705.04499999981928
3705.97699999981918
3711.46499999981857
3712.50499999981846
3714.8219999998182
3715.7699999998181
3716.664999999818
3925.91699999979495
3927.2929999997948
3929.46699999979456
3931.13199999979438
3933.26999999979414
3935.53899999979389
3936.69899999979377
3938.40799999979358
3944.03099999979296
3944.41399999979292
3945.08399999979284
3999.22299999978688
4013.16299999978535
4014.5189999997852
4015.29099999978511
4294.01399999975441
4297.19499999975406
4329.5129999997505
4345.64299999974873
4347.06099999974857
4348.52899999974841
4377.11699999974526
4383.98299999974451
4390.53699999974378
4410.72599999974156
4412.76199999974134
4414.80399999974111
4416.01199999974098
4418.70499999974068
4422.72699999974024
4521.1849999997294
4524.24499999972906
4525.77899999972889
4527.37199999972871
4529.10599999972852
4531.1399999997283
4533.834999999728
4534.40199999972794
4535.22299999972785
4535.82699999972778
4536.26399999972773
4536.72599999972768
4537.68999999972758
4537.88399999972756
4538.48299999972749
4540.02099999972732
4548.72099999972636
4738.66299999970544
4739.86099999970531
4746.76599999970455
4859.02099999969219
4863.94499999969165
4867.01199999969131
4868.82199999969111
4870.83999999969089
4873.20499999969063
4874.21699999969051
4875.32999999969039
4878.77999999969001
4883.35699999968951
4884.08999999968943
4884.95299999968933
4895.68299999968815
4896.40999999968807
5410.67699999963143
5425.17599999962984
5429.81999999962932
5431.42299999962915
5467.98299999962512
5536.02399999961763
5608.64899999960963
5609.48299999960954
5612.49099999960921
5614.42599999960899
5621.12399999960825
5623.04299999960804
5624.07099999960793
5624.58999999960787
5935.69899999957361
5937.25499999957344
5940.48299999957308
5942.86399999957282
5944.01799999957269
5946.6409999995724
5949.14999999957213
5950.97099999957193
5958.62399999957108
6078.21199999955791
6083.8039999995573
6088.13899999955682
6089.56999999955666
6105.84999999955487
6361.27399999952674
6362.5369999995266
6363.25299999952652
6363.75399999952647
6607.29499999949964
6608.74199999949948
6609.58499999949939
6649.488999999495
6650.3269999994949
6651.19899999949481
6651.72899999949475
6652.29399999949469
6652.96999999949461
6653.49099999949456
6653.90699999949451
6654.78799999949441
6655.28199999949436
6705.30099999948885
6706.85799999948868
6707.97199999948856
6710.2919999994883
6712.02799999948811
6712.82499999948802
6714.35099999948785
6715.41099999948774
6718.90799999948735
6719.82299999948725
6720.46299999948718
6721.1539999994871
6721.74999999948704
6744.59299999948452
6753.98899999948349
6760.73099999948274
6770.40699999948168
6774.01099999948128
6784.79799999948009
6803.00899999947809
6810.01299999947732
6825.15599999947565
6833.47299999947473
6843.44299999947364
6875.81899999947007
6876.47999999947
6878.96599999946972
6885.31099999946902
6893.02299999946818
6894.18699999946805
18
-1
0.90700000000000001
14.30500000000000028
112.3700000000000582
267.490000000000196
413.255000000000325
559.139000000000455
718.282000000000596
841.039000000000705
1073.22600000000091
1340.86100000000115
1559.64700000000134
1830.81100000000158
2585.80099999994255
2979.69399999989917
3576.8559999998334
4348.52999999974841
5536.02499999961763
6721.75099999948704
0
0
5000
0
0
0
0
7200
0
0
0
0
0
19
0
7200.00099999943437
478.350000000000383
1800
0
55
0
1
4
7
10
13
16
19
22
25
28
31
34
37
40
43
46
49
52
55
58
61
64
67
70
73
76
79
82
85
88
91
94
97
100
103
106
109
112
115
118
121
124
127
130
133
136
139
142
145
148
151
154
157
160
163
166
169
172
175
178
181
184
187
190
193
196
199
202
205
208
211
214
217
220
223
226
229
232
235
238
241
244
247
250
253
256
259
262
265
268
271
274
277
280
283
286
289
292
295
298
301
304
307
310
313
316
319
322
325
328
331
334
337
340
343
346
349
352
355
358
361
364
367
370
373
376
379
382
385
388
391
394
397
400
403
406
409
412
415
418
421
424
427
430
433
436
439
442
445
448
451
454
457
460
463
466
469
472
475
478
481
484
487
490
493
496
499
502
505
508
511
514
517
520
523
526
529
532
535
538
541
544
547
550
