12
13
19
12
13
19
cPPR1.11
PR3_day2.5
0
1
10
41
12
11
18
45
23
3
.3
1
50
1
6
1
1
1
1
1
1
1
1
1
1
1
1
1
1
1
1
1
1
1
1
1
184
49
-1
1.13300000000000001
46.1529999999999993
46.6319999999999998
47.4850000000000005
48.0770000000000011
56.6060000000000086
57.2280000000000092
57.6620000000000096
97.8010000000000452
98.7800000000000461
99.4620000000000467
101.3000000000000483
146.427000000000088
148.18100000000009
151.227000000000093
152.175000000000094
155.327000000000096
173.677000000000113
191.998000000000129
193.19900000000013
193.969000000000131
199.458000000000136
207.704000000000143
208.414000000000143
213.005000000000148
215.196000000000149
250.154000000000181
281.400000000000208
288.983000000000215
290.193000000000216
403.147000000000316
406.105000000000319
410.056000000000323
411.368000000000324
416.986000000000329
435.181000000000345
437.215000000000347
984.676000000000833
988.343000000000836
988.993000000000837
1122.03500000000095
1125.96200000000096
1128.90400000000096
1137.99600000000097
1142.28000000000097
1144.46700000000097
1147.88700000000098
1150.78300000000098
1196.48200000000102
5
-1
1.13400000000000001
48.0780000000000011
101.3010000000000483
199.459000000000136
416.987000000000329
0
0
5000
0
0
0
0
7200
0
0
0
0
0
6
0
2217.08799999998315
1800.00000000000156
1800
0
16
0
1
4
7
10
13
16
19
22
25
28
31
34
37
40
43
46
49
52
55
58
61
64
67
70
73
76
79
82
85
88
91
94
97
100
103
106
109
112
115
118
121
124
127
130
133
136
139
142
145
148
151
154
157
160
163
166
169
172
175
178
181
184
187
190
193
196
199
202
205
208
211
214
217
220
223
226
229
232
235
238
241
244
247
250
253
256
259
262
265
268
271
274
277
280
283
286
289
292
295
298
301
304
307
310
313
316
319
322
325
328
331
334
337
340
343
346
349
352
355
358
361
364
367
370
373
376
379
382
385
388
391
394
397
400
403
406
409
412
415
418
421
424
427
430
433
436
439
442
445
448
451
454
457
460
463
466
469
472
475
478
481
484
487
490
493
496
499
502
505
508
511
514
517
520
523
526
529
532
535
538
541
544
547
550
