12
18
19
12
18
19
cPPR1.14
PR3_day2.7
0
4
12
20
20
13
11
10
23
3
.3
1
489
1
19
1
1
1
1
1
1
1
1
1
1
1
1
1
1
1
1
1
1
1
1
1
184
488
-1
3.35500000000000006
4.54100000000000008
11.11200000000000022
11.41900000000000022
12.71800000000000025
15.55900000000000031
23.5749999999999939
45.6909999999999989
46.1919999999999994
46.894
47.1240000000000002
47.3260000000000004
47.5830000000000006
76.6300000000000264
77.9380000000000276
78.1460000000000278
78.2920000000000279
78.4850000000000281
78.7740000000000283
80.4820000000000298
80.70100000000003
80.9180000000000302
81.2880000000000306
81.743000000000031
87.9060000000000364
88.1520000000000366
89.8090000000000381
90.2160000000000385
90.6290000000000388
90.793000000000039
91.2490000000000394
91.4080000000000395
91.8610000000000399
92.1200000000000402
92.5950000000000406
93.4440000000000414
93.9280000000000418
131.269000000000075
131.699000000000075
132.171000000000076
132.425000000000076
133.230000000000077
133.596000000000077
134.312000000000078
134.540000000000078
134.763000000000078
135.223000000000078
135.504000000000079
136.129000000000079
136.47400000000008
136.82000000000008
137.785000000000081
138.134000000000081
147.364000000000089
168.340000000000108
168.907000000000108
170.133000000000109
171.828000000000111
173.154000000000112
173.389000000000112
173.709000000000113
174.033000000000113
174.262000000000113
174.557000000000113
174.924000000000114
175.585000000000114
176.233000000000115
176.382000000000115
176.540000000000115
176.903000000000115
177.558000000000116
177.796000000000116
190.658000000000128
192.118000000000129
192.589000000000129
193.968000000000131
194.368000000000131
194.535000000000131
195.398000000000132
195.623000000000132
195.958000000000132
197.756000000000134
198.004000000000134
198.448000000000135
198.738000000000135
198.971000000000135
199.472000000000136
200.044000000000136
200.170000000000136
200.338000000000136
200.495000000000136
200.699000000000137
200.844000000000137
201.052000000000137
222.772000000000156
223.141000000000157
223.358000000000157
224.084000000000157
224.600000000000158
225.283000000000158
226.82100000000016
227.09500000000016
227.619000000000161
229.520000000000162
229.874000000000163
230.052000000000163
230.250000000000163
230.399000000000163
230.546000000000163
231.315000000000164
231.754000000000164
232.385000000000165
232.746000000000165
233.830000000000166
234.141000000000166
234.594000000000167
234.999000000000167
235.497000000000168
235.828000000000168
260.52100000000019
260.76700000000019
266.592000000000195
267.107000000000196
267.595000000000196
268.841000000000197
269.157000000000197
269.334000000000198
269.503000000000198
270.559000000000199
270.715000000000199
270.916000000000199
271.063000000000199
271.230000000000199
271.342000000000199
271.492000000000199
271.8230000000002
271.9700000000002
272.2160000000002
272.4320000000002
273.043000000000201
274.508000000000202
274.678000000000202
275.141000000000203
275.767000000000203
276.082000000000204
276.338000000000204
276.787000000000204
313.538000000000237
314.479000000000238
315.346000000000238
315.646000000000239
315.870000000000239
316.065000000000239
316.55400000000024
316.70700000000024
316.87800000000024
318.031000000000241
318.273000000000241
318.484000000000241
319.035000000000242
323.952000000000246
324.234000000000246
324.526000000000247
325.111000000000247
326.858000000000249
327.487000000000249
327.675000000000249
327.82700000000025
327.98200000000025
328.14200000000025
328.30400000000025
328.59800000000025
328.64700000000025
328.82300000000025
329.000000000000251
329.189000000000251
329.698000000000251
330.031000000000251
338.889000000000259
339.65700000000026
343.848000000000264
346.621000000000266
347.104000000000267
347.764000000000267
348.454000000000268
348.787000000000268
349.498000000000269
349.668000000000269
350.103000000000269
350.32900000000027
350.51200000000027
350.70700000000027
351.11400000000027
351.24900000000027
351.45300000000027
351.737000000000271
351.948000000000271
352.334000000000271
352.989000000000272
354.879000000000274
355.029000000000274
355.468000000000274
355.671000000000274
355.917000000000274
356.258000000000275
356.447000000000275
356.584000000000275
356.714000000000275
356.874000000000275
357.026000000000275
357.410000000000276
357.760000000000276
367.220000000000284
369.934000000000287
371.264000000000288
375.658000000000292
375.935000000000292
377.438000000000294
378.444000000000294
378.683000000000295
378.947000000000295
379.232000000000295
379.981000000000296
380.456000000000296
380.782000000000297
381.497000000000297
382.312000000000298
383.410000000000299
383.587000000000299
383.861000000000299
384.1540000000003
384.2990000000003
384.5220000000003
384.6660000000003
384.7760000000003
384.9300000000003
385.1480000000003
385.402000000000301
385.571000000000301
386.441000000000302
386.742000000000302
386.927000000000302
387.092000000000302
387.293000000000302
387.745000000000303
387.985000000000303
388.621000000000304
389.049000000000304
389.680000000000304
424.531000000000335
424.776000000000336
425.308000000000336
425.780000000000336
426.111000000000337
427.760000000000338
428.009000000000338
428.163000000000339
428.311000000000339
429.22500000000034
429.37900000000034
429.62500000000034
429.79700000000034
430.02200000000034
430.23900000000034
430.476000000000341
430.624000000000341
430.804000000000341
431.412000000000342
431.806000000000342
431.959000000000342
432.644000000000343
432.934000000000343
433.741000000000344
434.359000000000344
435.305000000000345
435.599000000000345
435.779000000000345
442.427000000000351
442.663000000000352
442.787000000000352
442.950000000000352
443.301000000000352
443.446000000000352
443.921000000000353
444.034000000000353
444.575000000000353
444.714000000000353
445.206000000000354
446.082000000000355
486.31200000000039
486.727000000000391
487.688000000000392
488.995000000000393
489.249000000000393
489.523000000000393
489.857000000000393
489.999000000000394
490.195000000000394
491.420000000000395
492.023000000000395
492.315000000000396
492.453000000000396
493.246000000000396
493.449000000000397
494.089000000000397
495.480000000000398
495.805000000000399
496.104000000000399
496.328000000000399
496.9240000000004
497.0750000000004
497.2460000000004
497.4330000000004
497.5720000000004
497.6980000000004
497.953000000000401
498.197000000000401
498.365000000000401
498.537000000000401
499.804000000000402
500.388000000000403
501.105000000000403
501.712000000000404
502.136000000000404
502.260000000000404
502.473000000000405
502.900000000000405
502.973000000000405
503.268000000000405
503.803000000000406
504.251000000000406
504.589000000000406
557.629000000000454
576.48400000000047
578.421000000000472
579.402000000000473
583.053000000000476
583.247000000000476
583.402000000000476
583.593000000000477
583.740000000000477
583.927000000000477
584.048000000000477
585.061000000000478
585.969000000000479
586.99100000000048
587.28300000000048
588.593000000000481
588.955000000000481
589.150000000000482
589.309000000000482
589.487000000000482
589.908000000000482
590.440000000000483
590.793000000000483
590.976000000000483
591.428000000000484
591.633000000000484
592.455000000000485
592.774000000000485
593.332000000000485
594.335000000000486
594.532000000000486
595.240000000000487
595.417000000000487
595.559000000000487
595.881000000000488
596.069000000000488
596.347000000000488
596.518000000000488
596.670000000000488
596.858000000000488
598.07900000000049
598.30400000000049
598.63300000000049
599.513000000000491
599.896000000000491
600.440000000000492
1056.5760000000009
1057.3010000000009
1057.9450000000009
1058.2700000000009
1058.7580000000009
1059.1950000000009
1059.5340000000009
1061.7980000000009
1062.1060000000009
1062.4430000000009
1064.0530000000009
1064.4040000000009
1065.7510000000009
1066.69700000000091
1067.55500000000091
1068.43500000000091
1068.60300000000091
1068.94700000000091
1069.49700000000091
1069.63300000000091
1069.81100000000091
1070.04800000000091
1070.20000000000091
1070.89200000000091
1071.25000000000091
1071.61300000000091
1072.49600000000091
1072.65600000000091
1072.94100000000091
1073.24600000000091
1073.75800000000091
1075.08500000000091
1076.88500000000091
1077.34100000000092
1077.79700000000092
1080.31800000000092
1080.69700000000092
1081.67900000000092
1081.88700000000092
1082.62500000000092
1082.81500000000092
1082.93900000000092
1083.47900000000092
1083.67400000000092
1083.79500000000092
1083.92700000000092
1084.15900000000092
1084.56200000000092
1085.25700000000092
1164.29300000000099
1165.93000000000099
1170.275000000001
1172.746000000001
1174.338000000001
1175.383000000001
1175.714000000001
1176.047000000001
1176.549000000001
1176.769000000001
1177.728000000001
1178.95500000000101
1179.56300000000101
1181.31000000000101
1181.84000000000101
1182.00800000000101
1183.14300000000101
1183.89400000000101
1185.16600000000101
1185.49700000000101
1185.82800000000101
1186.12700000000101
1186.65300000000101
1187.43100000000101
1187.79600000000101
1188.43100000000101
1188.68200000000101
1188.79600000000101
1189.08900000000101
1189.87500000000102
1190.35000000000102
1191.06700000000102
1191.82600000000102
1192.01000000000102
1192.42300000000102
1192.86700000000102
1193.64400000000102
1193.78000000000102
1194.17400000000102
1195.00400000000102
1195.32400000000102
1197.09400000000102
1197.66900000000102
1198.10900000000102
1198.90200000000102
1199.04800000000102
1199.19300000000102
1199.55900000000102
1199.68700000000102
1200.02400000000102
1200.98400000000102
1201.84100000000103
1202.13600000000103
1239.14700000000106
1239.76100000000106
1398.0640000000012
1399.6920000000012
1400.9230000000012
1403.1510000000012
1491.40400000000128
1492.09200000000128
18
-1
3.35600000000000006
15.56000000000000031
47.5840000000000006
81.2890000000000306
93.9290000000000418
138.135000000000081
177.797000000000116
201.053000000000137
235.829000000000168
276.788000000000204
330.032000000000251
357.761000000000276
389.681000000000304
446.083000000000355
504.590000000000406
600.441000000000492
1085.25800000000092
1201.84200000000103
0
0
5000
0
0
0
0
7200
0
0
0
0
0
19
0
3001.94299999989672
1800.00000000000156
1800
0
55
0
1
4
7
10
13
16
19
22
25
28
31
34
37
40
43
46
49
52
55
58
61
64
67
70
73
76
79
82
85
88
91
94
97
100
103
106
109
112
115
118
121
124
127
130
133
136
139
142
145
148
151
154
157
160
163
166
169
172
175
178
181
184
187
190
193
196
199
202
205
208
211
214
217
220
223
226
229
232
235
238
241
244
247
250
253
256
259
262
265
268
271
274
277
280
283
286
289
292
295
298
301
304
307
310
313
316
319
322
325
328
331
334
337
340
343
346
349
352
355
358
361
364
367
370
373
376
379
382
385
388
391
394
397
400
403
406
409
412
415
418
421
424
427
430
433
436
439
442
445
448
451
454
457
460
463
466
469
472
475
478
481
484
487
490
493
496
499
502
505
508
511
514
517
520
523
526
529
532
535
538
541
544
547
550
