12
10
19
12
10
19
cPPR1.11
PR3_day2.2
0
1
10
00
26
10
51
17
23
3
.3
1
102
1
8
1
1
1
1
1
1
1
1
1
1
1
1
1
1
1
1
1
1
1
1
1
184
101
-1
3.65200000000000006
4.97200000000000009
21.0239999999999961
21.5219999999999956
21.9319999999999953
23.6449999999999938
23.7319999999999938
23.8469999999999937
79.8780000000000293
80.2950000000000297
81.1420000000000304
96.6830000000000442
96.9480000000000445
98.1750000000000455
98.3380000000000457
98.5320000000000459
102.1300000000000491
102.3070000000000492
103.4380000000000502
103.5800000000000503
103.7320000000000505
105.6790000000000522
105.8490000000000524
106.8080000000000532
128.438000000000072
128.923000000000073
130.304000000000074
131.029000000000075
172.342000000000111
175.693000000000114
192.325000000000129
192.426000000000129
194.648000000000131
215.51800000000015
216.449000000000151
217.636000000000152
238.55600000000017
248.665000000000179
342.891000000000263
345.724000000000265
379.859000000000296
384.9030000000003
385.453000000000301
385.885000000000301
386.002000000000301
400.688000000000314
403.259000000000316
514.724000000000416
517.253000000000418
551.185000000000448
553.41600000000045
606.964000000000497
608.183000000000498
610.4050000000005
615.405000000000505
616.632000000000506
745.20000000000062
751.319000000000626
753.142000000000627
754.647000000000629
757.431000000000631
767.25100000000064
770.755000000000643
840.965000000000705
846.30000000000071
897.072000000000755
898.288000000000756
899.850000000000758
901.771000000000759
941.059000000000794
975.719000000000825
976.416000000000826
977.250000000000826
1008.182000000000854
1009.495000000000855
1010.062000000000855
1195.45700000000102
1201.64000000000103
1202.62600000000103
1208.43200000000103
1231.64300000000105
1232.52800000000105
1234.21100000000105
1240.42500000000106
1241.48100000000106
1262.25000000000108
1411.70700000000121
1416.06700000000122
1424.75000000000122
1439.09400000000124
1460.49100000000126
1464.06400000000126
1465.34100000000126
1897.07900000000164
1902.85200000000165
1953.98000000000169
1957.4850000000017
2606.26399999994029
2607.71299999994013
2682.07299999993194
2683.92799999993174
7
-1
3.65300000000000006
23.6459999999999938
98.3390000000000457
172.343000000000111
385.454000000000301
757.432000000000631
1208.43300000000103
0
0
5000
0
0
0
0
7200
0
0
0
0
0
8
0
3008.53399999989599
1800.00000000000156
1800
0
22
0
1
4
7
10
13
16
19
22
25
28
31
34
37
40
43
46
49
52
55
58
61
64
67
70
73
76
79
82
85
88
91
94
97
100
103
106
109
112
115
118
121
124
127
130
133
136
139
142
145
148
151
154
157
160
163
166
169
172
175
178
181
184
187
190
193
196
199
202
205
208
211
214
217
220
223
226
229
232
235
238
241
244
247
250
253
256
259
262
265
268
271
274
277
280
283
286
289
292
295
298
301
304
307
310
313
316
319
322
325
328
331
334
337
340
343
346
349
352
355
358
361
364
367
370
373
376
379
382
385
388
391
394
397
400
403
406
409
412
415
418
421
424
427
430
433
436
439
442
445
448
451
454
457
460
463
466
469
472
475
478
481
484
487
490
493
496
499
502
505
508
511
514
517
520
523
526
529
532
535
538
541
544
547
550
