11
22
19
11
22
19
cPPR1.13
FR5_day5
0
3
11
03
04
11
48
59
24
2
.3
1
256
1
48
1
1
1
1
1
1
1
1
1
1
1
1
1
1
1
1
1
1
1
1
1
1
255
-1
6.54400000000000012
7.02900000000000013
7.68400000000000015
8.58800000000000017
10.98900000000000022
17.9229999999999987
18.8779999999999979
21.7419999999999955
22.5369999999999948
26.0549999999999918
46.912
47.6600000000000007
47.969000000000001
48.6240000000000015
49.0220000000000019
64.6620000000000158
65.1480000000000162
66.7800000000000177
67.0030000000000179
67.5340000000000183
81.5190000000000308
81.792000000000031
82.0230000000000312
82.4610000000000316
82.959000000000032
85.8590000000000346
87.430000000000036
87.6890000000000362
88.0270000000000365
88.2700000000000368
88.573000000000037
88.9220000000000373
89.633000000000038
90.5140000000000388
106.0850000000000526
106.7530000000000532
106.9680000000000534
107.3240000000000537
107.8050000000000541
111.7240000000000576
112.4430000000000582
114.7940000000000603
115.0550000000000605
115.4440000000000609
115.7270000000000611
116.4410000000000618
124.571000000000069
125.0410000000000694
127.3510000000000715
131.509000000000075
131.723000000000075
139.133000000000082
139.569000000000082
139.844000000000083
140.231000000000083
140.741000000000083
155.014000000000096
155.281000000000096
156.698000000000098
157.067000000000098
158.794000000000099
166.958000000000107
167.483000000000107
167.853000000000107
168.495000000000108
168.664000000000108
176.305000000000115
176.921000000000115
181.73000000000012
182.12200000000012
183.643000000000121
219.817000000000154
221.361000000000155
222.773000000000156
224.240000000000158
225.915000000000159
255.998000000000186
257.664000000000187
258.237000000000188
258.532000000000188
258.812000000000188
262.070000000000191
264.042000000000193
264.957000000000194
265.353000000000194
265.736000000000194
266.034000000000195
271.341000000000199
272.0210000000002
272.5280000000002
273.089000000000201
273.493000000000201
276.296000000000204
278.344000000000206
278.704000000000206
279.014000000000206
279.256000000000206
279.674000000000207
280.001000000000207
293.711000000000219
294.03500000000022
294.46700000000022
295.730000000000221
296.782000000000222
309.036000000000233
309.935000000000234
310.257000000000234
310.888000000000234
311.206000000000235
317.62300000000024
318.845000000000242
319.341000000000242
319.643000000000242
319.938000000000242
327.647000000000249
328.09300000000025
328.39200000000025
328.71500000000025
329.659000000000251
341.550000000000262
342.628000000000263
343.121000000000263
344.203000000000264
346.088000000000266
349.190000000000268
352.113000000000271
352.492000000000271
352.856000000000272
353.150000000000272
353.461000000000272
353.979000000000273
354.149000000000273
354.625000000000273
356.682000000000275
358.230000000000276
359.750000000000278
359.979000000000278
363.443000000000281
367.593000000000285
367.940000000000285
372.753000000000289
374.529000000000291
374.912000000000291
375.918000000000292
376.417000000000293
376.776000000000293
380.939000000000297
383.135000000000299
384.028000000000299
384.4170000000003
384.7020000000003
385.250000000000301
389.406000000000304
391.630000000000306
393.282000000000308
393.886000000000308
394.160000000000308
395.36500000000031
405.112000000000318
405.931000000000319
406.599000000000319
407.837000000000321
408.484000000000321
416.942000000000329
418.48500000000033
419.175000000000331
419.517000000000331
419.838000000000331
426.314000000000337
426.989000000000338
427.679000000000338
427.981000000000338
428.289000000000339
438.264000000000348
438.958000000000348
439.340000000000349
439.971000000000349
440.66700000000035
447.124000000000355
451.240000000000359
451.69500000000036
452.56100000000036
454.869000000000362
461.190000000000368
462.420000000000369
462.813000000000369
463.18400000000037
464.635000000000371
488.768000000000392
489.946000000000394
491.601000000000395
492.698000000000396
495.595000000000399
536.892000000000435
537.184000000000435
539.100000000000437
539.301000000000437
540.129000000000438
548.013000000000445
548.565000000000446
548.963000000000446
549.222000000000446
549.739000000000447
562.664000000000458
563.628000000000459
564.252000000000459
564.58200000000046
565.25700000000046
573.575000000000468
574.298000000000468
574.597000000000469
575.028000000000469
575.300000000000469
582.573000000000476
584.648000000000478
585.841000000000479
586.110000000000479
586.388000000000479
600.200000000000491
603.529000000000494
604.062000000000495
604.415000000000495
604.632000000000495
613.791000000000503
614.562000000000504
615.146000000000505
615.411000000000505
615.926000000000505
635.336000000000523
635.648000000000523
636.095000000000523
636.613000000000524
637.129000000000524
641.980000000000528
645.327000000000532
645.582000000000532
645.963000000000532
646.242000000000532
646.846000000000533
656.969000000000542
659.994000000000544
660.581000000000545
660.927000000000545
661.460000000000546
670.566000000000554
671.729000000000555
672.342000000000556
672.655000000000556
673.348000000000556
681.418000000000564
685.773000000000567
686.455000000000568
687.255000000000569
687.716000000000569
696.813000000000577
47
-1
10.98900000000000022
26.0549999999999918
49.0220000000000019
67.5340000000000183
82.959000000000032
90.5140000000000388
107.8050000000000541
116.4410000000000618
131.723000000000075
140.741000000000083
158.794000000000099
168.664000000000108
183.643000000000121
225.915000000000159
258.812000000000188
266.034000000000195
273.493000000000201
280.001000000000207
296.782000000000222
311.206000000000235
319.938000000000242
329.659000000000251
346.088000000000266
353.461000000000272
367.940000000000285
376.776000000000293
385.250000000000301
395.36500000000031
408.484000000000321
419.838000000000331
428.289000000000339
440.66700000000035
454.869000000000362
464.635000000000371
495.595000000000399
540.129000000000438
549.739000000000447
565.25700000000046
575.300000000000469
586.388000000000479
604.632000000000495
615.926000000000505
637.129000000000524
646.846000000000533
661.460000000000546
673.348000000000556
687.716000000000569
5
0
5000
0
0
0
0
2700
99
0
0
0
0
0
0
2700.79599999992988
0
0
0
0
0
0
