12
10
19
12
10
19
cPPR1.13
PR3_day2.2
0
3
10
36
49
11
18
07
23
3
.3
1
150
1
11
1
1
1
1
1
1
1
1
1
1
1
1
1
1
1
1
1
1
1
1
1
184
149
-1
0.568
4.70700000000000008
5.85700000000000011
6.14100000000000012
6.42300000000000012
6.73200000000000013
41.5889999999999953
42.5089999999999961
43.3309999999999968
43.7169999999999972
44.2329999999999976
46.1339999999999993
46.873
49.9700000000000027
52.2880000000000048
53.2670000000000057
53.5650000000000059
54.3650000000000066
55.852000000000008
56.1310000000000082
56.983000000000009
57.8940000000000098
58.9300000000000107
59.4720000000000112
94.2830000000000421
95.1730000000000429
96.0460000000000437
96.9470000000000445
97.2110000000000447
99.4230000000000467
100.0330000000000472
100.3250000000000475
100.946000000000048
101.9740000000000489
102.7960000000000496
103.4760000000000503
103.7180000000000505
124.7970000000000692
125.1500000000000695
125.6280000000000699
126.0610000000000703
126.3070000000000705
126.5860000000000708
128.660000000000073
128.877000000000073
129.126000000000073
129.362000000000073
129.937000000000074
131.678000000000075
132.454000000000076
132.694000000000076
132.927000000000076
133.340000000000077
136.84000000000008
141.546000000000084
185.195000000000123
186.453000000000124
186.690000000000124
187.100000000000125
187.791000000000125
189.259000000000126
196.767000000000133
197.456000000000134
197.680000000000134
197.938000000000134
198.197000000000134
198.507000000000135
199.027000000000135
199.441000000000135
200.809000000000137
201.119000000000137
201.803000000000138
202.250000000000138
266.819000000000195
268.798000000000197
269.768000000000198
270.538000000000199
273.268000000000201
273.525000000000201
273.955000000000202
274.253000000000202
274.571000000000202
276.520000000000204
276.764000000000204
277.134000000000204
277.423000000000205
278.060000000000205
281.187000000000208
281.432000000000208
281.673000000000209
281.923000000000209
282.209000000000209
283.90900000000021
284.294000000000211
284.549000000000211
363.045000000000281
364.556000000000282
366.832000000000284
367.109000000000284
371.934000000000289
372.454000000000289
372.664000000000289
372.91800000000029
373.18900000000029
373.66900000000029
375.405000000000292
375.771000000000292
376.019000000000292
379.568000000000295
380.938000000000297
384.6420000000003
385.1410000000003
386.925000000000302
387.213000000000302
387.492000000000302
388.689000000000304
390.763000000000305
391.015000000000306
391.326000000000306
391.543000000000306
547.349000000000444
548.730000000000446
549.194000000000446
600.468000000000492
600.989000000000492
602.612000000000494
604.263000000000495
604.589000000000495
605.304000000000496
605.472000000000496
608.585000000000499
608.853000000000499
610.1550000000005
612.631000000000502
613.266000000000503
613.450000000000503
613.694000000000503
613.905000000000504
614.261000000000504
616.525000000000506
616.765000000000506
617.115000000000506
617.724000000000507
620.213000000000509
620.458000000000509
620.80500000000051
622.903000000000512
623.142000000000512
644.21300000000053
10
-1
0.569
6.73300000000000013
46.874
59.4730000000000112
103.7190000000000505
133.341000000000077
202.251000000000138
284.550000000000211
391.544000000000306
623.143000000000512
0
0
5000
0
0
0
0
7200
0
0
0
0
0
11
0
2423.24399999996045
1800.00000000000156
1800
0
31
0
1
4
7
10
13
16
19
22
25
28
31
34
37
40
43
46
49
52
55
58
61
64
67
70
73
76
79
82
85
88
91
94
97
100
103
106
109
112
115
118
121
124
127
130
133
136
139
142
145
148
151
154
157
160
163
166
169
172
175
178
181
184
187
190
193
196
199
202
205
208
211
214
217
220
223
226
229
232
235
238
241
244
247
250
253
256
259
262
265
268
271
274
277
280
283
286
289
292
295
298
301
304
307
310
313
316
319
322
325
328
331
334
337
340
343
346
349
352
355
358
361
364
367
370
373
376
379
382
385
388
391
394
397
400
403
406
409
412
415
418
421
424
427
430
433
436
439
442
445
448
451
454
457
460
463
466
469
472
475
478
481
484
487
490
493
496
499
502
505
508
511
514
517
520
523
526
529
532
535
538
541
544
547
550
