12
13
19
12
13
19
cPPR1.15
PR3_day2.5
0
1
12
48
26
13
33
00
23
3
.3
1
183
1
12
1
1
1
1
1
1
1
1
1
1
1
1
1
1
1
1
1
1
1
1
1
184
182
-1
44.2729999999999977
52.1270000000000046
53.1990000000000056
54.3360000000000066
55.1210000000000073
65.9140000000000169
66.4890000000000174
67.4420000000000183
67.9300000000000187
70.554000000000021
71.2950000000000217
71.7490000000000221
71.9360000000000222
123.6120000000000681
123.9090000000000684
124.0570000000000685
124.1830000000000686
125.2340000000000696
125.8420000000000701
126.0510000000000703
126.6610000000000708
127.0070000000000712
127.2740000000000714
127.4900000000000716
132.425000000000076
132.797000000000076
134.433000000000078
135.071000000000078
135.438000000000079
136.41200000000008
137.30100000000008
137.50100000000008
138.396000000000081
138.991000000000082
139.625000000000082
139.854000000000083
140.038000000000083
140.196000000000083
254.117000000000184
256.799000000000186
256.978000000000187
258.996000000000188
259.523000000000189
259.708000000000189
260.62300000000019
260.80500000000019
261.439000000000191
261.960000000000191
262.110000000000191
262.248000000000191
262.410000000000191
262.648000000000192
262.921000000000192
263.126000000000192
263.320000000000192
367.368000000000285
367.619000000000285
368.616000000000286
369.866000000000287
370.556000000000287
370.743000000000288
370.898000000000288
371.024000000000288
371.334000000000288
371.706000000000288
371.917000000000289
372.183000000000289
372.456000000000289
372.826000000000289
372.96300000000029
373.69400000000029
373.88500000000029
374.364000000000291
374.598000000000291
374.741000000000291
385.271000000000301
387.791000000000303
388.148000000000303
388.281000000000303
389.185000000000304
389.899000000000305
390.254000000000305
391.680000000000306
391.874000000000306
392.029000000000307
392.304000000000307
392.476000000000307
392.773000000000307
393.188000000000308
393.442000000000308
394.481000000000309
394.945000000000309
395.39600000000031
395.65600000000031
395.79000000000031
395.94000000000031
396.07200000000031
405.417000000000318
407.07200000000032
408.659000000000321
409.636000000000322
410.455000000000323
410.836000000000323
412.472000000000325
413.049000000000325
413.529000000000326
413.890000000000326
414.026000000000326
416.002000000000328
416.843000000000329
417.287000000000329
418.36600000000033
418.54100000000033
418.72300000000033
418.91800000000033
419.168000000000331
419.314000000000331
419.420000000000331
419.631000000000331
420.547000000000332
421.143000000000332
422.500000000000334
422.761000000000334
534.855000000000433
535.476000000000434
536.038000000000434
537.739000000000436
538.519000000000437
538.967000000000437
539.150000000000437
539.747000000000438
540.465000000000438
540.659000000000438
540.872000000000439
541.496000000000439
541.79500000000044
541.95200000000044
542.48700000000044
542.68100000000044
543.004000000000441
543.245000000000441
543.975000000000441
544.412000000000442
545.072000000000442
545.904000000000443
546.206000000000443
546.363000000000444
546.669000000000444
546.888000000000444
547.082000000000444
547.269000000000444
562.060000000000458
562.550000000000458
563.554000000000459
563.762000000000459
564.44600000000046
750.689000000000625
751.680000000000626
753.890000000000628
754.448000000000628
754.610000000000628
755.312000000000629
756.20500000000063
756.52600000000063
756.75700000000063
756.972000000000631
757.121000000000631
757.565000000000631
758.139000000000632
758.392000000000632
760.285000000000634
762.773000000000636
762.984000000000636
763.166000000000636
763.281000000000636
763.490000000000636
763.897000000000637
764.143000000000637
764.569000000000637
764.661000000000637
764.868000000000638
765.605000000000638
11
-1
44.2739999999999977
55.1220000000000073
71.7500000000000221
127.2750000000000714
140.039000000000083
263.127000000000192
374.599000000000291
396.07300000000031
422.501000000000334
547.270000000000444
765.606000000000638
0
0
5000
0
0
0
0
7200
0
0
0
0
0
12
0
2565.70699999994476
1800.00000000000156
1800
0
34
0
1
4
7
10
13
16
19
22
25
28
31
34
37
40
43
46
49
52
55
58
61
64
67
70
73
76
79
82
85
88
91
94
97
100
103
106
109
112
115
118
121
124
127
130
133
136
139
142
145
148
151
154
157
160
163
166
169
172
175
178
181
184
187
190
193
196
199
202
205
208
211
214
217
220
223
226
229
232
235
238
241
244
247
250
253
256
259
262
265
268
271
274
277
280
283
286
289
292
295
298
301
304
307
310
313
316
319
322
325
328
331
334
337
340
343
346
349
352
355
358
361
364
367
370
373
376
379
382
385
388
391
394
397
400
403
406
409
412
415
418
421
424
427
430
433
436
439
442
445
448
451
454
457
460
463
466
469
472
475
478
481
484
487
490
493
496
499
502
505
508
511
514
517
520
523
526
529
532
535
538
541
544
547
550
