11
15
19
11
15
19
cPPR1.16
FR2_day5
0
2
11
36
47
11
59
32
24
2
.3
1
248
1
101
1
1
1
1
1
1
1
1
1
1
1
1
1
1
1
1
1
1
1
1
1
1
247
-1
22.251999999999995
26.3219999999999916
26.8049999999999912
43.2989999999999968
44.7799999999999981
49.141000000000002
56.3760000000000084
96.0070000000000436
111.1780000000000571
111.4220000000000573
114.7880000000000603
115.3680000000000608
117.7030000000000629
121.0240000000000658
135.108000000000078
137.07900000000008
137.564000000000081
137.760000000000081
144.162000000000086
144.840000000000087
150.550000000000092
152.226000000000094
159.8800000000001
160.823000000000101
161.585000000000102
173.449000000000112
176.336000000000115
177.593000000000116
191.968000000000129
192.348000000000129
192.95600000000013
196.070000000000132
197.675000000000134
199.295000000000135
204.47300000000014
205.407000000000141
205.795000000000141
210.416000000000145
211.086000000000146
212.311000000000147
218.436000000000152
222.084000000000156
222.258000000000156
226.198000000000159
228.153000000000161
231.453000000000164
231.793000000000164
237.162000000000169
237.74000000000017
243.466000000000175
248.403000000000179
252.476000000000183
254.025000000000184
254.352000000000184
259.751000000000189
261.897000000000191
266.233000000000195
267.841000000000196
270.377000000000198
271.084000000000199
280.184000000000207
280.894000000000208
297.287000000000222
297.910000000000223
303.184000000000228
303.920000000000228
304.408000000000229
310.491000000000234
311.333000000000235
321.793000000000244
326.193000000000248
336.182000000000257
337.498000000000258
343.229000000000263
344.215000000000264
351.981000000000271
352.402000000000271
357.343000000000276
357.792000000000276
360.703000000000279
362.49900000000028
362.986000000000281
370.288000000000287
370.883000000000288
376.895000000000293
378.123000000000294
388.428000000000303
389.103000000000304
394.207000000000308
399.966000000000314
403.801000000000317
408.810000000000321
409.240000000000322
411.992000000000324
412.506000000000325
418.28000000000033
418.67500000000033
427.753000000000338
428.333000000000339
434.550000000000344
436.846000000000346
442.881000000000352
444.616000000000353
453.639000000000361
454.750000000000362
460.239000000000367
462.304000000000369
474.077000000000379
474.24100000000038
474.61800000000038
483.160000000000387
487.184000000000391
494.354000000000397
496.020000000000399
505.187000000000407
507.701000000000409
508.33400000000041
514.199000000000415
515.727000000000416
516.036000000000417
522.596000000000422
526.943000000000426
535.450000000000434
535.771000000000434
545.232000000000443
546.351000000000444
556.434000000000452
561.518000000000457
571.302000000000466
575.428000000000469
577.367000000000471
585.239000000000478
587.27300000000048
594.095000000000486
594.476000000000486
605.796000000000496
614.625000000000504
665.90700000000055
668.840000000000552
669.271000000000553
679.162000000000562
681.235000000000563
681.714000000000564
690.552000000000572
691.014000000000572
691.630000000000573
700.806000000000581
706.394000000000586
712.302000000000591
713.748000000000592
721.843000000000599
729.360000000000606
730.050000000000607
736.106000000000612
744.41700000000062
751.642000000000626
752.168000000000626
753.184000000000627
759.854000000000633
762.696000000000636
772.843000000000645
773.391000000000645
781.859000000000653
785.948000000000656
786.506000000000657
800.609000000000669
802.130000000000671
809.188000000000677
810.101000000000678
810.692000000000678
823.25500000000069
827.429000000000693
828.700000000000694
837.215000000000702
838.406000000000703
850.284000000000714
852.967000000000716
857.47500000000072
859.851000000000722
863.482000000000725
864.800000000000726
871.889000000000733
875.464000000000736
885.226000000000745
887.260000000000746
894.189000000000752
894.481000000000753
904.768000000000762
906.598000000000764
916.384000000000772
916.864000000000773
917.446000000000773
925.834000000000781
926.669000000000781
927.384000000000782
941.958000000000795
945.555000000000798
954.228000000000806
958.97200000000081
964.122000000000815
966.859000000000817
967.405000000000818
974.070000000000823
974.493000000000824
988.364000000000836
996.234000000000843
1002.915000000000849
1009.596000000000855
1015.928000000000861
1017.000000000000862
1042.73900000000088
1043.75400000000089
1049.17700000000089
1051.79700000000089
1060.0050000000009
1060.9760000000009
1076.03500000000091
1078.18900000000092
1079.50800000000092
1098.05200000000093
1100.33500000000094
1110.33000000000094
1113.87800000000095
1114.81900000000095
1115.26500000000095
1123.89700000000096
1127.67800000000096
1129.04900000000096
1139.88400000000097
1140.69400000000097
1149.80400000000098
1151.57800000000098
1165.57900000000099
1165.74800000000099
1176.841000000001
1177.036000000001
1183.81400000000101
1191.01600000000102
1203.23000000000103
1204.53700000000103
1213.30200000000104
1217.29600000000104
1217.76300000000104
1234.59800000000105
1238.95000000000106
1250.11700000000107
1250.95400000000107
100
-1
26.3219999999999916
44.7799999999999981
96.0070000000000436
111.4220000000000573
121.0240000000000658
137.07900000000008
144.840000000000087
152.226000000000094
160.823000000000101
176.336000000000115
192.348000000000129
199.295000000000135
205.795000000000141
212.311000000000147
222.084000000000156
231.453000000000164
237.74000000000017
248.403000000000179
254.352000000000184
261.897000000000191
270.377000000000198
280.894000000000208
297.910000000000223
303.920000000000228
311.333000000000235
326.193000000000248
337.498000000000258
344.215000000000264
352.402000000000271
360.703000000000279
370.883000000000288
378.123000000000294
389.103000000000304
403.801000000000317
411.992000000000324
418.67500000000033
428.333000000000339
436.846000000000346
444.616000000000353
454.750000000000362
462.304000000000369
474.24100000000038
487.184000000000391
496.020000000000399
507.701000000000409
515.727000000000416
526.943000000000426
535.771000000000434
546.351000000000444
561.518000000000457
575.428000000000469
587.27300000000048
594.476000000000486
614.625000000000504
668.840000000000552
681.235000000000563
691.014000000000572
706.394000000000586
713.748000000000592
729.360000000000606
744.41700000000062
752.168000000000626
762.696000000000636
773.391000000000645
785.948000000000656
802.130000000000671
810.101000000000678
827.429000000000693
838.406000000000703
852.967000000000716
863.482000000000725
875.464000000000736
887.260000000000746
894.481000000000753
906.598000000000764
916.864000000000773
926.669000000000781
945.555000000000798
958.97200000000081
967.405000000000818
974.493000000000824
996.234000000000843
1009.596000000000855
1017.000000000000862
1043.75400000000089
1051.79700000000089
1060.9760000000009
1078.18900000000092
1100.33500000000094
1113.87800000000095
1127.67800000000096
1140.69400000000097
1151.57800000000098
1165.74800000000099
1177.036000000001
1191.01600000000102
1204.53700000000103
1217.29600000000104
1238.95000000000106
1250.95400000000107
2
0
5000
0
0
0
0
2700
99
0
0
0
0
0
0
1250.95400000000107
0
0
0
0
0
0
