11
25
19
11
25
19
cPPR1.16
PR3_day1
0
2
13
42
58
15
20
45
23
3
.3
1
1843
1
35
1
1
1
1
1
1
1
1
1
1
1
1
1
1
1
1
1
1
1
1
1
184
1842
-1
67.9030000000000187
68.1820000000000189
75.7680000000000256
77.5650000000000272
78.0630000000000277
79.3020000000000288
87.0630000000000357
87.2680000000000359
89.674000000000038
90.1170000000000384
90.4850000000000387
90.9570000000000391
92.0370000000000401
98.8440000000000462
100.2660000000000474
102.2670000000000492
102.9120000000000498
103.13000000000005
103.8370000000000506
106.1060000000000526
106.9560000000000534
108.1390000000000544
108.8810000000000551
113.6440000000000593
115.1540000000000606
119.5890000000000646
120.9710000000000658
121.6660000000000664
123.2030000000000678
124.2340000000000687
127.950000000000072
146.255000000000088
146.971000000000089
147.517000000000089
147.76500000000009
148.20800000000009
148.46900000000009
152.589000000000094
153.310000000000095
153.522000000000095
154.013000000000095
154.440000000000096
154.646000000000096
155.096000000000096
155.375000000000096
155.693000000000097
156.195000000000097
156.362000000000097
157.895000000000099
158.120000000000099
158.402000000000099
158.733000000000099
159.1420000000001
159.3420000000001
159.8880000000001
160.287000000000101
163.435000000000104
164.075000000000104
164.350000000000104
164.869000000000105
167.226000000000107
168.876000000000108
169.462000000000109
170.33600000000011
211.297000000000146
211.977000000000147
212.452000000000147
215.36900000000015
215.54500000000015
215.98900000000015
216.20600000000015
216.411000000000151
216.930000000000151
217.150000000000151
217.341000000000151
219.022000000000153
219.514000000000153
219.847000000000154
220.378000000000154
224.903000000000158
225.393000000000159
225.629000000000159
226.038000000000159
226.253000000000159
227.49900000000016
228.215000000000161
230.154000000000163
230.996000000000164
233.820000000000166
234.703000000000167
235.082000000000167
236.242000000000168
237.408000000000169
238.15200000000017
241.776000000000173
242.455000000000174
242.699000000000174
243.276000000000174
246.094000000000177
246.435000000000177
247.081000000000178
247.861000000000178
248.190000000000179
265.245000000000194
265.771000000000194
266.556000000000195
267.187000000000196
269.197000000000197
269.608000000000198
270.392000000000198
272.0510000000002
272.949000000000201
273.386000000000201
273.612000000000201
275.580000000000203
276.340000000000204
277.127000000000204
277.557000000000205
278.326000000000206
278.781000000000206
279.412000000000207
280.327000000000207
280.517000000000207
281.109000000000208
282.413000000000209
282.83800000000021
284.197000000000211
285.586000000000212
286.882000000000213
292.957000000000219
293.612000000000219
294.18500000000022
294.66200000000022
295.01500000000022
295.563000000000221
296.413000000000222
299.586000000000224
300.024000000000225
301.408000000000226
302.263000000000227
304.371000000000229
307.650000000000232
320.263000000000243
322.237000000000245
323.201000000000245
325.318000000000247
325.708000000000248
326.078000000000248
326.475000000000248
327.418000000000249
327.91800000000025
338.903000000000259
339.69200000000026
340.11700000000026
341.463000000000262
343.953000000000264
345.477000000000265
346.223000000000266
349.106000000000268
353.919000000000273
354.279000000000273
355.245000000000274
357.187000000000276
358.365000000000277
361.76100000000028
362.28400000000028
362.62800000000028
362.829000000000281
363.066000000000281
363.796000000000281
364.233000000000282
372.084000000000289
372.405000000000289
374.354000000000291
374.761000000000291
375.075000000000291
376.881000000000293
378.514000000000295
378.714000000000295
379.688000000000296
380.245000000000296
382.711000000000298
383.366000000000299
383.653000000000299
384.1810000000003
385.0620000000003
386.526000000000302
387.011000000000302
390.291000000000305
391.123000000000306
395.65100000000031
397.689000000000312
398.110000000000312
399.098000000000313
399.416000000000313
401.284000000000315
401.879000000000315
402.111000000000316
403.792000000000317
405.745000000000319
406.022000000000319
406.567000000000319
406.99900000000032
407.31200000000032
408.005000000000321
409.327000000000322
410.094000000000323
410.577000000000323
415.107000000000327
421.169000000000332
421.555000000000333
499.227000000000402
499.831000000000402
500.660000000000403
503.489000000000406
503.846000000000406
504.854000000000407
505.154000000000407
506.217000000000408
507.462000000000409
508.14500000000041
510.043000000000411
510.295000000000412
510.575000000000412
510.800000000000412
518.074000000000418
518.265000000000419
519.39300000000042
520.553000000000421
522.081000000000422
523.107000000000423
524.104000000000424
525.217000000000425
525.446000000000425
526.459000000000426
528.864000000000428
529.706000000000429
530.63400000000043
531.876000000000431
536.413000000000435
536.956000000000435
537.530000000000436
538.723000000000437
539.850000000000438
540.966000000000439
541.353000000000439
542.88900000000044
543.990000000000441
544.338000000000442
544.722000000000442
545.007000000000442
546.083000000000443
546.492000000000444
546.899000000000444
547.561000000000445
555.478000000000452
556.106000000000452
558.405000000000454
560.527000000000456
561.129000000000457
562.933000000000458
564.95900000000046
576.33100000000047
577.957000000000472
580.460000000000474
580.899000000000474
581.623000000000475
581.772000000000475
582.811000000000476
584.226000000000477
584.493000000000477
585.158000000000478
595.573000000000487
596.618000000000488
597.206000000000489
599.19200000000049
604.877000000000496
606.358000000000497
612.331000000000502
613.036000000000503
613.432000000000503
613.848000000000504
613.997000000000504
614.399000000000504
615.500000000000505
619.479000000000509
620.69700000000051
620.83400000000051
620.91100000000051
621.42300000000051
621.59500000000051
622.206000000000511
627.985000000000516
628.123000000000516
630.086000000000518
631.258000000000519
631.94700000000052
633.01300000000052
635.655000000000523
636.667000000000524
638.454000000000525
638.680000000000526
643.51700000000053
643.95400000000053
646.655000000000533
647.084000000000533
647.354000000000533
649.540000000000535
650.285000000000536
650.728000000000536
651.158000000000537
652.215000000000538
652.544000000000538
653.245000000000538
656.860000000000542
657.618000000000542
658.242000000000543
660.075000000000545
663.252000000000547
665.63300000000055
669.802000000000553
670.199000000000554
672.827000000000556
673.630000000000557
673.893000000000557
674.616000000000558
675.290000000000558
677.13600000000056
678.288000000000561
680.193000000000562
681.264000000000563
684.527000000000566
689.04100000000057
689.489000000000571
689.857000000000571
692.090000000000573
693.031000000000574
693.505000000000574
694.109000000000575
694.591000000000575
695.918000000000576
696.750000000000577
697.596000000000578
698.653000000000579
700.817000000000581
702.087000000000582
708.426000000000588
709.151000000000588
709.507000000000588
711.79600000000059
716.366000000000595
717.930000000000596
721.007000000000599
722.1020000000006
727.455000000000604
731.540000000000608
732.600000000000609
734.745000000000611
735.770000000000612
736.427000000000612
737.718000000000614
739.355000000000615
739.975000000000616
744.064000000000619
747.204000000000622
748.513000000000623
749.655000000000624
750.726000000000625
751.143000000000625
751.892000000000626
753.270000000000627
754.426000000000628
754.893000000000629
755.112000000000629
756.22200000000063
756.54400000000063
756.878000000000631
758.174000000000632
758.779000000000632
761.769000000000635
763.781000000000637
765.716000000000638
766.658000000000639
769.353000000000642
808.247000000000676
812.30400000000068
814.511000000000682
829.889000000000695
833.413000000000699
835.3470000000007
836.386000000000701
836.702000000000701
842.332000000000706
842.791000000000707
843.049000000000707
843.453000000000707
845.188000000000709
845.576000000000709
850.194000000000713
850.854000000000714
852.010000000000715
852.199000000000715
852.741000000000716
853.568000000000716
854.291000000000717
854.830000000000718
855.363000000000718
856.093000000000719
857.22800000000072
860.071000000000722
861.886000000000724
863.191000000000725
863.265000000000725
863.634000000000725
864.004000000000726
865.181000000000727
866.992000000000728
870.195000000000731
872.865000000000734
873.360000000000734
873.577000000000734
875.552000000000736
876.618000000000737
879.55500000000074
882.132000000000742
883.044000000000743
885.521000000000745
886.018000000000745
888.926000000000748
889.610000000000748
890.733000000000749
891.23200000000075
893.364000000000752
895.968000000000754
896.813000000000755
898.223000000000756
900.476000000000758
901.146000000000759
902.39300000000076
907.173000000000764
910.885000000000767
916.846000000000773
919.669000000000775
921.235000000000776
922.135000000000777
925.06600000000078
925.46700000000078
926.345000000000781
926.980000000000782
941.097000000000794
943.482000000000796
944.206000000000797
944.781000000000797
945.072000000000798
963.667000000000814
964.372000000000815
964.883000000000815
966.512000000000817
967.651000000000818
967.995000000000818
968.463000000000818
969.332000000000819
969.75300000000082
971.710000000000821
972.000000000000822
972.156000000000822
1000.521000000000847
1000.820000000000847
1002.756000000000849
1004.840000000000851
1008.386000000000854
1009.395000000000855
1009.711000000000855
1010.733000000000856
1011.265000000000857
1012.560000000000858
1014.167000000000859
1016.325000000000861
1018.626000000000863
1019.380000000000864
1020.046000000000864
1021.144000000000865
1022.287000000000866
1022.730000000000867
1023.225000000000867
1023.597000000000867
1024.29100000000087
1026.82000000000087
1027.28300000000087
1028.57800000000087
1029.35100000000087
1029.68400000000087
1032.85600000000088
1033.89300000000088
1058.7020000000009
1059.1710000000009
1059.6960000000009
1060.8770000000009
1061.4650000000009
1062.0870000000009
1062.9360000000009
1064.1420000000009
1064.8830000000009
1067.05600000000091
1067.76700000000091
1068.33500000000091
1069.14700000000091
1070.35700000000091
1071.60400000000091
1074.99200000000091
1075.24900000000091
1075.66900000000091
1076.42000000000091
1076.99700000000091
1078.40900000000092
1079.89700000000092
1080.37300000000092
1082.24300000000092
1082.52400000000092
1087.97600000000092
1088.28500000000092
1088.96900000000093
1089.16500000000093
1093.22400000000093
1094.05300000000093
1094.21200000000093
1094.58900000000093
1096.86800000000093
1097.41300000000093
1099.46600000000093
1099.70700000000094
1101.46900000000094
1101.84200000000094
1102.24700000000094
1108.70100000000094
1109.14100000000094
1110.46800000000094
1111.58700000000095
1111.96000000000095
1116.48500000000095
1129.03100000000096
1130.24400000000096
1131.82800000000096
1135.21900000000097
1136.19000000000097
1141.00400000000097
1166.02500000000099
1166.69200000000099
1167.224000000001
1172.661000000001
1174.003000000001
1175.049000000001
1175.480000000001
1175.928000000001
1177.103000000001
1177.675000000001
1178.127000000001
1178.76500000000101
1179.88400000000101
1180.21500000000101
1180.99700000000101
1181.43800000000101
1183.17400000000101
1183.44400000000101
1183.89300000000101
1184.42600000000101
1185.46400000000101
1185.86500000000101
1186.47500000000101
1186.95200000000101
1187.24200000000101
1187.54700000000101
1189.03400000000101
1190.46200000000102
1191.84500000000102
1194.82500000000102
1196.77600000000102
1197.07100000000102
1197.81300000000102
1198.91800000000102
1199.29300000000102
1200.92100000000102
1201.86300000000103
1202.20700000000103
1202.39200000000103
1203.02800000000103
1203.64000000000103
1204.79400000000103
1207.50900000000103
1209.95500000000103
1210.29900000000103
1211.24200000000103
1212.01200000000103
1213.01900000000104
1215.10700000000104
1216.71800000000104
1218.75900000000104
1222.01400000000104
1222.60300000000104
1223.15600000000104
1223.57100000000105
1226.55200000000105
1229.52500000000105
1232.88200000000105
1233.52900000000105
1235.27900000000106
1235.96200000000106
1258.67900000000108
1259.51100000000108
1260.05900000000108
1261.24900000000108
1261.80300000000108
1293.29700000000111
1296.45500000000111
1297.38900000000111
1298.49200000000111
1300.61800000000111
1301.07900000000111
1302.04300000000111
1302.88400000000112
1303.90200000000112
1305.60200000000112
1306.65300000000112
1307.58200000000112
1310.87400000000112
1312.54300000000112
1321.71800000000113
1322.23900000000113
1324.32100000000113
1327.22600000000114
1327.53700000000114
1328.35100000000114
1329.43200000000114
1330.47200000000114
1331.46200000000114
1337.11700000000115
1338.42900000000115
1339.03900000000115
1340.61100000000115
1342.16700000000115
1343.42500000000115
1343.67700000000115
1344.01900000000115
1344.30400000000115
1344.55900000000115
1345.05300000000115
1345.38000000000115
1345.83800000000115
1347.02400000000115
1348.42400000000116
1349.04400000000116
1401.3610000000012
1401.6920000000012
1402.4390000000012
1402.8080000000012
1403.6660000000012
1406.16900000000121
1406.50800000000121
1407.76800000000121
1408.32200000000121
1408.79800000000121
1409.23700000000121
1410.39400000000121
1411.97800000000121
1413.14000000000121
1413.53800000000121
1416.71100000000122
1417.08500000000122
1418.27100000000122
1426.83600000000123
1427.33200000000123
1430.06300000000123
1430.93900000000123
1431.44500000000123
1431.94700000000123
1433.33300000000123
1436.54600000000123
1437.73000000000124
1438.20600000000124
1442.37800000000124
1443.88500000000124
1444.66500000000124
1445.48900000000124
1448.59500000000124
1449.98200000000125
1450.84000000000125
1454.96600000000125
1455.77900000000125
1457.02800000000125
1457.57900000000125
1460.17700000000126
1461.07300000000126
1462.15300000000126
1462.86100000000126
1465.09800000000126
1467.59500000000126
1469.63800000000126
1471.71000000000127
1473.58600000000127
1474.70400000000127
1475.80400000000127
1476.43400000000127
1479.32800000000127
1481.09800000000127
1485.20200000000128
1487.43600000000128
1487.82300000000128
1490.10500000000128
1557.93000000000134
1558.80200000000134
1561.12600000000134
1563.90300000000135
1564.65800000000135
1565.23800000000135
1565.94300000000135
1566.99400000000135
1568.11700000000135
1570.03700000000135
1570.54100000000135
1572.28200000000135
1573.14700000000136
1573.30100000000136
1574.55600000000136
1577.73600000000136
1580.72700000000136
1581.47900000000136
1582.01400000000136
1582.31400000000136
1582.91600000000136
1586.03700000000137
1589.21300000000137
1592.23600000000137
1592.88900000000137
1593.18500000000137
1593.39100000000137
1599.92000000000138
1601.12700000000138
1601.31300000000138
1604.31400000000138
1605.01500000000138
1606.31800000000138
1610.11300000000139
1611.03600000000139
1611.70500000000139
1613.32000000000139
1613.89600000000139
1614.30200000000139
1615.62700000000139
1615.85300000000139
1619.9170000000014
1621.3250000000014
1623.0630000000014
1626.6840000000014
1629.25200000000141
1631.28000000000141
1633.55100000000141
1634.49400000000141
1636.10700000000141
1639.09000000000141
1641.71400000000142
1644.73500000000142
1645.94700000000142
1646.87100000000142
1655.93500000000143
1656.67100000000143
1659.06700000000143
1659.72500000000143
1659.94700000000143
1661.49000000000143
1662.45700000000143
1663.23400000000144
1664.63500000000144
1669.79000000000144
1671.68800000000144
1672.66600000000144
1673.52900000000144
1673.59000000000144
1673.90600000000144
1674.53800000000145
1675.49400000000145
1677.69600000000145
1678.16100000000145
1679.27400000000145
1679.59000000000145
1679.99900000000145
1681.87100000000145
1695.11200000000146
1695.72900000000146
1696.35200000000146
1696.70000000000147
1697.95700000000147
1720.05300000000149
1720.54900000000149
1723.85300000000149
1725.34200000000149
1726.73700000000149
1727.37600000000149
1727.68300000000149
1729.01200000000149
1730.13300000000149
1732.2350000000015
1733.4070000000015
1733.7080000000015
1734.3360000000015
1740.6150000000015
1744.57800000000151
1745.11900000000151
1745.87300000000151
1748.92100000000151
1750.83300000000151
1751.88100000000151
1752.24300000000151
1752.83600000000152
1753.63000000000152
1754.07500000000152
1754.33700000000152
1755.58500000000152
1756.32300000000152
1756.96600000000152
1758.41000000000152
1759.46300000000152
1762.93700000000152
1763.46000000000152
1763.94700000000152
1768.18000000000153
1768.72000000000153
1769.49500000000153
1769.80200000000153
1771.39900000000153
1771.73900000000153
1774.26700000000153
1774.68800000000153
1774.97100000000153
1775.71900000000154
1776.28100000000154
1781.42200000000154
1782.25300000000154
1782.68500000000154
1783.31000000000154
1783.76800000000154
1784.69600000000154
1785.26300000000154
1785.75600000000154
1787.49700000000155
1788.93600000000155
1793.30200000000155
1794.83100000000155
1798.38500000000156
1800.03400000000156
1801.02200000000156
1801.87600000000156
1803.31700000000156
1804.11100000000156
1804.89900000000156
1805.43400000000156
1805.87000000000156
1806.67000000000156
1807.33200000000156
1810.67900000000157
1812.04900000000157
1813.47300000000157
1815.23000000000157
1817.31500000000157
1820.26400000000158
1822.31600000000158
1822.94100000000158
1828.40500000000158
1828.97000000000158
1864.99600000000161
1870.33400000000162
1871.50100000000162
1873.21900000000162
1875.44100000000162
1875.78600000000162
1895.27100000000164
1896.07600000000164
1897.80800000000164
1898.50500000000164
1900.22200000000165
1901.44900000000165
1902.75400000000165
1903.18200000000165
1904.13600000000165
1904.67100000000165
1904.97700000000165
1905.33100000000165
1905.64800000000165
1906.08500000000165
1908.42700000000165
1910.46000000000166
1912.57200000000166
1914.14500000000166
1919.90700000000166
1924.20200000000167
1927.06600000000167
1952.42800000000169
1953.88600000000169
1954.31100000000169
1955.08000000000169
1955.6860000000017
1957.0410000000017
1958.4860000000017
1959.9670000000017
1960.6100000000017
1961.4250000000017
1961.7760000000017
1962.1760000000017
1962.4390000000017
1964.9310000000017
1965.3320000000017
1973.19900000000171
1974.71300000000171
1974.95200000000171
1976.37700000000171
1980.09500000000172
1980.65300000000172
1981.98200000000172
1982.53900000000172
1983.71700000000172
1984.73600000000172
1984.99900000000172
1990.30500000000173
1991.17300000000173
1994.17100000000173
1996.92500000000173
1997.92500000000173
1998.41800000000173
1999.03600000000173
2001.13300000000174
2005.19100000000174
2007.08500000000174
2009.31300000000174
2012.84900000000175
2015.52900000000175
2017.63100000000175
2018.09200000000175
2022.40900000000175
2025.07700000000176
2027.03000000000176
2028.57900000000176
2030.07200000000176
2031.34800000000176
2032.15800000000176
2033.16200000000176
2034.65800000000177
2036.63400000000177
2037.61900000000177
2038.16400000000177
2046.06500000000178
2046.86500000000178
2047.18000000000178
2049.04000000000166
2050.17600000000154
2050.69700000000148
2052.17900000000132
2053.2680000000012
2053.87600000000113
2054.71800000000104
2055.20500000000098
2055.63600000000094
2058.39500000000063
2059.21800000000054
2059.78000000000048
2060.57900000000039
2060.89000000000036
2061.18500000000032
2061.34600000000031
2062.24900000000021
2065.23699999999988
2068.31399999999954
2069.75799999999938
2072.23999999999911
2072.58599999999907
2073.14399999999901
2074.21399999999889
2074.69199999999884
2075.32599999999877
2076.29699999999866
2076.60499999999863
2077.00299999999858
2079.08499999999835
2080.14999999999824
2081.4059999999981
2082.61899999999796
2085.44899999999765
2085.9559999999976
2087.03299999999748
2087.64199999999741
2089.17499999999724
2091.06099999999703
2091.70099999999696
2092.14999999999691
2092.40899999999689
2093.49099999999677
2093.95799999999672
2094.47099999999666
2097.32499999999634
2098.12699999999626
2099.32599999999612
2100.30999999999602
2100.56199999999599
2101.12699999999593
2101.96799999999583
2111.22899999999481
2112.79199999999464
2112.97699999999462
2113.94799999999451
2114.55499999999445
2115.40699999999435
2117.92199999999408
2119.14599999999394
2120.34299999999381
2122.48499999999357
2127.85599999999298
2129.27999999999283
2129.78599999999277
2133.62099999999235
2139.32599999999172
2139.80599999999167
2141.82899999999144
2142.96699999999132
2143.37899999999127
2143.89299999999122
2146.20499999999096
2146.92199999999088
2153.46399999999016
2156.15199999998987
2156.54499999998982
2157.02999999998977
2157.47199999998972
2158.07099999998965
2158.5569999999896
2158.96699999998956
2161.16499999998931
2161.83799999998924
2162.30599999998919
2162.60699999998916
2163.46299999998906
2165.02499999998889
2165.91799999998879
2167.69899999998859
2168.29999999998853
2170.08399999998833
2170.43999999998829
2172.61199999998805
2173.41599999998796
2174.20099999998788
2174.8659999999878
2175.94199999998769
2178.62499999998739
2179.24499999998732
2179.72199999998727
2180.52799999998718
2181.06199999998712
2181.52199999998707
2181.79999999998704
2182.39899999998698
2182.87499999998692
2183.9859999999868
2186.16199999998656
2237.73399999998088
2239.71099999998066
2241.43199999998047
2243.26899999998027
2249.80599999997955
2250.96399999997942
2251.36899999997938
2253.18299999997918
2253.9209999999791
2255.7279999999789
2256.50499999997881
2257.33999999997872
2259.92999999997844
2260.92999999997833
2262.28499999997818
2264.97099999997788
2266.31299999997773
2267.08299999997765
2268.17499999997753
2270.30199999997729
2271.48299999997716
2272.79999999997702
2275.95299999997667
2276.84499999997657
2278.21199999997642
2279.06799999997633
2281.21499999997609
2282.56899999997594
2282.9829999999759
2283.24499999997587
2283.57699999997583
2284.18399999997577
2285.90299999997558
2287.90199999997536
2288.70299999997527
2290.2109999999751
2291.02199999997501
2291.87399999997492
2293.63899999997472
2298.11899999997423
2299.69699999997406
2300.86599999997393
2301.0899999999739
2302.57599999997374
2303.01599999997369
2309.64699999997296
2313.67799999997252
2319.37299999997189
2327.470999999971
2328.66599999997087
2331.16599999997059
2331.9879999999705
2334.31699999997024
2338.25299999996981
2344.97299999996907
2345.93499999996896
2347.83799999996875
2351.0509999999684
2353.07399999996818
2353.97999999996808
2355.29099999996793
2356.39799999996781
2358.19399999996761
2358.48699999996758
2359.37999999996748
2359.83699999996743
2360.92799999996731
2361.46399999996725
2361.86199999996721
2362.16899999996718
2363.38599999996704
2365.44099999996682
2367.26999999996661
2368.92799999996643
2370.67199999996624
2370.9979999999662
2371.47999999996615
2379.64999999996525
2380.28799999996518
2380.83899999996512
2385.40699999996462
2386.25699999996452
2386.51799999996449
2386.94699999996445
2411.67299999996172
2412.65399999996162
2415.65299999996129
2417.20099999996112
2417.97099999996103
2420.43199999996076
2422.98899999996048
2427.67099999995996
2432.94499999995938
2434.39299999995922
2435.11899999995914
2437.06699999995893
2438.68599999995875
2440.49799999995855
2441.55799999995843
2441.78099999995841
2442.31499999995835
2442.81699999995829
2443.13899999995826
2443.91299999995817
2444.65599999995809
2448.33599999995769
2448.57099999995766
2452.16899999995726
2453.98999999995706
2457.52899999995667
2511.58699999995072
2512.22699999995065
2514.54299999995039
2518.56199999994995
2520.35999999994975
2521.7229999999496
2523.33499999994943
2524.38099999994931
2525.11999999994923
2526.58799999994907
2527.98899999994891
2528.93199999994881
2531.00099999994858
2537.51399999994787
2537.90499999994782
2543.5919999999472
2543.90899999994716
2544.20399999994713
2553.93499999994606
2554.65999999994598
2558.0749999999456
2558.21399999994559
2558.54799999994555
2559.32499999994546
2560.52299999994533
2562.09099999994516
2562.57299999994511
2564.72899999994487
2565.96499999994473
2566.80199999994464
2567.55099999994456
2567.84799999994452
2568.83999999994442
2569.70699999994432
2570.00299999994429
2572.96499999994396
2573.5619999999439
2587.81199999994233
2588.71799999994223
2590.92599999994198
2599.72699999994101
2602.00699999994076
2604.57699999994048
2605.44599999994038
2608.78399999994002
2609.64799999993992
2610.83799999993979
2612.01299999993966
2612.47199999993961
2613.26299999993952
2613.64999999993948
2614.13999999993943
2614.59799999993938
2614.88299999993934
2615.43699999993928
2616.04999999993922
2616.30099999993919
2616.62399999993915
2617.15499999993909
2617.83699999993902
2619.03499999993889
2624.16599999993832
2624.82999999993825
2625.08299999993822
2625.65999999993816
2626.1979999999381
2627.072999999938
2627.79599999993792
2628.27199999993787
2628.84299999993781
2629.64699999993772
2630.35399999993764
2631.12599999993756
2633.17999999993733
2633.58299999993728
2634.20999999993722
2634.80699999993715
2635.44499999993708
2635.99699999993702
2637.28399999993688
2640.6689999999365
2649.34299999993555
2650.96999999993537
2651.5819999999353
2652.41299999993521
2654.26099999993501
2657.0499999999347
2657.38899999993466
2657.82699999993461
2659.65499999993441
2661.5729999999342
2668.74799999993341
2669.91699999993328
2671.32099999993313
2671.80599999993308
2672.15899999993304
2673.62699999993287
2674.3149999999328
2678.49499999993234
2683.99399999993173
2689.90799999993108
2692.4949999999308
2693.97799999993063
2694.69299999993055
2704.96299999992942
2705.87899999992932
2706.91899999992921
2708.72499999992901
2710.99999999992876
2712.03799999992864
2718.86999999992789
2720.27699999992774
2722.66499999992747
2723.27699999992741
2724.11199999992731
2725.1119999999272
2725.53899999992716
2726.24599999992708
2726.58899999992704
2731.02299999992655
2732.71099999992637
2734.75699999992614
2737.8549999999258
2738.20299999992576
2738.69899999992571
2739.12699999992566
2739.85399999992558
2740.72599999992548
2741.34399999992542
2763.89599999992293
2765.37099999992277
2765.50199999992276
2765.93299999992271
2768.42799999992243
2770.01099999992226
2770.88299999992216
2771.24199999992212
2771.93099999992205
2774.56799999992176
2775.64899999992164
2776.36799999992156
2776.74399999992152
2777.04299999992148
2778.50299999992132
2779.05199999992126
2780.94099999992106
2781.12599999992104
2784.56399999992066
2786.8629999999204
2787.85699999992029
2788.09599999992027
2788.21599999992025
2788.6939999999202
2790.43399999992001
2790.88799999991996
2792.3679999999198
2794.1689999999196
2795.66199999991943
2796.05899999991939
2799.99499999991896
2800.86599999991886
2801.34399999991881
2803.30499999991859
2803.69899999991855
2805.35199999991837
2806.08499999991829
2807.08399999991818
2808.24999999991805
2808.83499999991798
2809.19999999991794
2809.89599999991787
2810.43099999991781
2811.08399999991774
2811.99199999991764
2812.2979999999176
2812.99099999991753
2814.30999999991738
2815.08599999991729
2817.68099999991701
2818.6419999999169
2818.77299999991689
2821.11899999991663
2823.1699999999164
2823.84399999991633
2824.84499999991622
2827.54399999991592
2828.36799999991583
2829.03999999991576
2830.66999999991558
2837.44599999991483
2838.51499999991471
2842.33799999991429
2857.01399999991268
2860.49199999991229
2861.13999999991222
2862.00899999991213
2862.45099999991208
2862.98599999991202
2863.67299999991194
2864.35299999991187
2866.48099999991163
2866.87899999991159
2867.48599999991152
2868.49999999991141
2869.24999999991133
2871.53399999991108
2873.42199999991087
2874.18899999991079
2874.33499999991077
2875.52399999991064
2876.14899999991057
2879.84999999991016
2881.82099999990995
2884.10999999990969
2888.04399999990926
2888.83799999990917
2890.59999999990898
2892.95899999990872
2894.9569999999085
2899.72299999990797
2900.16499999990792
2900.68399999990787
2901.87499999990774
2902.32499999990769
2903.18799999990759
2903.75799999990753
2904.41799999990746
2905.40199999990735
2906.7139999999072
2909.42299999990691
2910.3879999999068
2916.01299999990618
2917.686999999906
2918.85999999990587
2920.64099999990567
2922.38999999990548
2924.69999999990522
2925.8339999999051
2927.77199999990488
2930.02899999990464
2936.59799999990391
2939.24499999990362
2940.08199999990353
2943.32999999990317
2976.97799999989946
2977.5769999998994
2977.66499999989939
2978.53499999989929
2978.96099999989925
2981.12799999989901
2981.81599999989893
2982.95299999989881
2984.02499999989869
2985.79799999989849
2986.34299999989843
2986.80199999989838
2987.35599999989832
2990.82099999989794
2993.77099999989762
2994.46199999989754
2996.90199999989727
2998.18399999989713
2999.18499999989702
3001.00399999989682
3003.36999999989656
3006.09999999989626
3007.5509999998961
3008.72499999989597
3009.89999999989584
3017.57299999989499
3018.76599999989486
3019.53999999989478
3020.19399999989471
3020.92999999989462
3021.20599999989459
3021.64699999989455
3022.72399999989443
3023.42799999989435
3027.27899999989393
3028.4539999998938
3029.77999999989365
3030.79599999989354
3031.56399999989345
3042.9579999998922
3045.78399999989189
3046.6009999998918
3048.54399999989158
3052.32099999989117
3053.03299999989109
3056.5519999998907
3057.39199999989061
3058.78399999989046
3059.84699999989034
3063.70399999988991
3067.4849999998895
3069.65099999988926
3070.71399999988914
3073.35199999988885
3075.12299999988866
3076.93899999988846
3078.89899999988824
3080.37299999988808
3093.7839999998866
3095.96499999988636
3097.64899999988618
3099.18999999988601
3102.71099999988562
3158.10099999987952
3163.6699999998789
3178.11799999987731
3178.55899999987726
3179.85999999987712
3181.68199999987692
3182.22499999987686
3192.94099999987568
3193.86499999987558
3197.21999999987521
3202.00599999987468
3204.08099999987445
3204.92299999987436
3209.65099999987384
3210.81199999987371
3215.91799999987315
3216.52399999987308
3216.74799999987306
3217.07799999987302
3218.63999999987285
3218.86599999987282
3219.58299999987275
3224.36399999987222
3226.27599999987201
3282.13099999986586
3283.82299999986567
3283.91499999986566
3288.68399999986514
3292.36199999986473
3300.41999999986384
3301.65499999986371
3304.20799999986343
3305.70299999986326
3306.05499999986322
3308.9829999998629
3310.8079999998627
3315.39999999986219
3319.03799999986179
3321.01999999986157
3329.8219999998606
3330.92299999986048
3332.33899999986033
3333.4509999998602
3336.1899999998599
3337.43299999985977
3339.59399999985953
3341.94099999985927
3343.09799999985914
3344.391999999859
3348.32999999985857
3350.7349999998583
3351.33799999985824
3353.03799999985805
3357.51699999985755
3358.28499999985747
3359.92699999985729
3412.4569999998515
3413.78299999985136
3415.2099999998512
3416.29599999985108
3418.97399999985079
3420.02199999985067
3443.29199999984811
3448.48899999984754
3448.89099999984749
3452.61599999984708
3454.69699999984685
3456.35399999984667
3456.69599999984663
3460.5849999998462
3461.98699999984605
3475.20299999984459
3477.31099999984436
3478.7899999998442
3480.587999999844
3483.36299999984369
3484.47299999984357
3488.13699999984317
3490.08099999984296
3490.5669999998429
3495.83599999984232
3497.74899999984211
3499.93799999984187
3501.42499999984171
3508.7509999998409
3512.43599999984049
3513.04799999984043
3514.77399999984024
3515.93199999984011
3528.95899999983867
3531.04799999983844
3649.4979999998254
3652.56499999982506
3655.96399999982469
3657.41099999982453
3659.57899999982429
3660.4039999998242
3661.62399999982406
3662.23699999982399
3662.69799999982394
3665.59899999982362
3666.47599999982353
3667.6079999998234
3667.88799999982337
3668.92899999982326
3670.22599999982311
3671.271999999823
3672.33799999982288
3675.65799999982252
3678.03899999982225
3679.01799999982215
3679.49999999982209
3682.07699999982181
3685.25299999982146
3686.09699999982137
3686.7439999998213
3687.20699999982124
3687.55099999982121
3689.77799999982096
3691.16699999982081
3692.97799999982061
3693.9409999998205
3694.46399999982045
3694.94499999982039
3698.45599999982001
3699.4139999998199
3700.22599999981981
3700.98499999981973
3701.53399999981967
3704.22299999981937
3707.595999999819
3709.66599999981877
3712.92899999981841
3715.7249999998181
3716.26499999981804
3717.42699999981792
3717.77099999981788
3718.71799999981777
3719.34299999981771
3720.37499999981759
3723.22799999981728
3724.34099999981716
3726.27299999981694
3727.5919999998168
3728.30199999981672
3729.01299999981664
3729.91799999981654
3730.2479999998165
3732.1139999998163
3733.29799999981617
3734.52399999981603
3735.14199999981597
3736.50699999981582
3737.32099999981573
3737.67299999981569
3739.30499999981551
3739.86399999981545
3740.43599999981538
3741.70499999981524
3745.57499999981482
3746.88199999981467
3747.37699999981462
3747.79399999981457
3748.87799999981445
3750.66399999981426
3751.32199999981418
3754.95099999981378
3755.62199999981371
3765.75099999981259
3769.03899999981223
3770.53899999981207
3771.29899999981198
3772.0179999998119
3772.24999999981188
3772.71599999981183
3779.67899999981106
3780.48399999981097
3781.33299999981088
3782.33299999981077
3782.51899999981075
3782.83799999981071
3783.15999999981068
3783.91499999981059
3786.64399999981029
3788.19899999981012
3789.40299999980999
3791.02099999980981
3792.82599999980961
3794.86999999980939
3797.67499999980908
3798.67499999980897
3802.10299999980859
3803.29599999980846
3803.8339999998084
3804.20499999980836
3805.6369999998082
3807.434999999808
3809.39999999980779
3810.37299999980768
3813.04899999980739
3813.40399999980735
3813.77199999980731
3814.45799999980723
3815.01299999980717
3815.71999999980709
3816.25199999980703
3816.72899999980698
3818.43099999980679
3819.98999999980662
3820.86199999980652
3820.95999999980651
3821.75199999980643
3822.16799999980638
3823.42699999980624
3824.91099999980608
3825.16499999980605
3825.57599999980601
3826.03799999980595
3826.5489999998059
3827.05099999980584
3827.82499999980576
3828.09199999980573
3830.03399999980551
3830.68899999980544
3831.31599999980537
3832.8889999998052
3834.04199999980507
3837.4469999998047
3838.75399999980455
3839.2729999998045
3839.84799999980443
3841.38499999980426
3842.29499999980416
3842.9019999998041
3917.93599999979583
3918.55799999979576
3919.28899999979568
3919.96899999979561
3922.35199999979535
3922.8119999997953
3923.6929999997952
3924.5889999997951
3924.98499999979506
3926.29299999979491
3928.32699999979469
3930.75199999979442
3931.57899999979433
3932.43899999979424
3933.16899999979416
3934.08299999979406
3934.95099999979396
3935.88999999979386
3938.1729999997936
3938.82599999979353
3939.54699999979345
3942.04799999979318
3942.44699999979313
3943.56999999979301
3944.04099999979296
3944.48399999979291
4007.13399999978601
4017.05199999978492
4017.49599999978487
4018.05299999978481
4020.54999999978453
4021.06699999978448
4022.09199999978436
4022.60299999978431
4031.52599999978332
4033.50699999978311
4033.64999999978309
4034.07199999978304
4035.89699999978284
4039.32799999978246
4040.22799999978236
4043.80899999978197
4044.89299999978185
4045.3499999997818
4050.01999999978129
4050.45899999978124
4051.99299999978107
4053.03399999978095
4053.79699999978087
4054.08599999978084
4056.17799999978061
4057.59599999978045
4060.8229999997801
4061.62099999978001
4062.32699999977993
4063.45399999977981
4065.79199999977955
4066.72499999977945
4068.0869999997793
4076.02799999977842
4078.41699999977816
4080.11499999977797
4080.7519999997779
4083.93499999977755
4084.06199999977754
4085.92899999977733
4087.0899999997772
4088.40599999977706
4090.04999999977688
4090.23599999977686
4092.41599999977662
4093.36099999977651
4095.3299999997763
4096.47599999977617
4097.0889999997761
4098.040999999776
4098.87899999977591
4102.95599999977546
4106.55299999977506
4107.79899999977492
4109.03299999977479
4109.67399999977472
4110.13499999977467
4110.61899999977461
4111.59299999977451
4114.84699999977415
4116.57199999977396
4118.17999999977378
4119.45299999977364
4120.7239999997735
4121.31899999977343
4122.26399999977333
4126.39499999977288
4128.48299999977264
4130.03599999977247
4130.58199999977241
4131.50099999977231
4144.07999999977093
4144.52899999977088
4145.39899999977078
4145.87499999977073
4146.66899999977064
4148.77699999977041
4150.37899999977023
4151.10599999977015
4152.30499999977002
4153.04199999976994
4154.46599999976978
4154.93099999976973
4155.27999999976969
4158.03999999976939
4159.03799999976928
4160.11899999976916
4161.06299999976906
4165.53399999976856
4167.08399999976839
4171.94099999976786
4173.3609999997677
4315.10299999975209
4316.46599999975194
4320.99799999975144
4368.69299999974619
4370.48299999974599
4371.52299999974588
4374.0339999997456
4376.09199999974537
4376.90799999974528
4377.72799999974519
4380.29599999974491
4381.15999999974482
4382.06899999974472
34
-1
67.9040000000000187
79.3030000000000288
92.0380000000000401
108.8820000000000551
148.47000000000009
160.288000000000101
220.379000000000154
248.191000000000179
285.587000000000212
345.478000000000265
391.124000000000306
510.801000000000412
564.96000000000046
638.681000000000526
702.088000000000582
836.703000000000702
910.886000000000767
1032.85700000000088
1167.22500000000099
1235.96300000000106
1417.08600000000122
1592.89000000000137
1733.4080000000015
1875.78700000000162
2037.62000000000177
2146.20599999999096
2302.57699999997374
2543.90999999994716
2693.97899999993063
2842.33899999991429
3031.56499999989345
3460.5859999998462
3755.62299999981371
4022.60399999978431
0
0
5000
0
0
0
0
7200
0
0
0
0
0
35
0
5822.70499999958605
1800.00000000000156
1800
0
103
0
1
4
7
10
13
16
19
22
25
28
31
34
37
40
43
46
49
52
55
58
61
64
67
70
73
76
79
82
85
88
91
94
97
100
103
106
109
112
115
118
121
124
127
130
133
136
139
142
145
148
151
154
157
160
163
166
169
172
175
178
181
184
187
190
193
196
199
202
205
208
211
214
217
220
223
226
229
232
235
238
241
244
247
250
253
256
259
262
265
268
271
274
277
280
283
286
289
292
295
298
301
304
307
310
313
316
319
322
325
328
331
334
337
340
343
346
349
352
355
358
361
364
367
370
373
376
379
382
385
388
391
394
397
400
403
406
409
412
415
418
421
424
427
430
433
436
439
442
445
448
451
454
457
460
463
466
469
472
475
478
481
484
487
490
493
496
499
502
505
508
511
514
517
520
523
526
529
532
535
538
541
544
547
550
