12
09
19
12
09
19
cPPR1.13
PR3_day2.1
0
3
11
49
12
12
38
24
23
3
.3
1
382
1
16
1
1
1
1
1
1
1
1
1
1
1
1
1
1
1
1
1
1
1
1
1
184
381
-1
1.99400000000000003
6.09000000000000011
6.45800000000000012
6.86700000000000013
7.30400000000000014
7.92300000000000015
8.83500000000000017
11.38400000000000022
24.3659999999999932
24.657999999999993
24.9869999999999927
25.4269999999999923
25.768999999999992
25.9509999999999919
28.4519999999999898
31.8489999999999869
32.9369999999999876
33.395999999999988
33.5579999999999882
33.8709999999999884
34.7399999999999892
35.0389999999999895
35.3739999999999898
35.9209999999999903
36.4689999999999907
39.3739999999999933
40.153999999999994
40.5019999999999943
40.8049999999999946
64.935000000000016
65.3310000000000164
65.5660000000000166
65.7380000000000167
66.9440000000000178
67.201000000000018
67.7650000000000185
68.1260000000000189
68.4850000000000192
68.9560000000000196
69.2490000000000199
71.2910000000000217
71.9210000000000222
86.1010000000000348
86.312000000000035
86.6120000000000353
87.0640000000000357
87.2920000000000359
87.6810000000000362
88.0460000000000366
88.4060000000000369
88.7010000000000371
89.0180000000000374
89.5240000000000379
91.1220000000000393
91.3830000000000395
91.7130000000000398
93.2830000000000412
93.5830000000000415
96.0640000000000437
125.5000000000000698
125.9090000000000702
126.4450000000000706
126.764000000000071
127.2380000000000714
127.5340000000000716
127.8240000000000719
128.344000000000072
129.594000000000073
129.963000000000074
130.285000000000074
130.534000000000074
131.335000000000075
131.890000000000075
133.169000000000077
133.435000000000077
133.694000000000077
134.796000000000078
135.073000000000078
148.29700000000009
149.440000000000091
149.767000000000091
150.219000000000092
151.122000000000093
156.175000000000097
156.450000000000097
157.071000000000098
157.340000000000098
157.527000000000098
160.079000000000101
162.441000000000103
162.940000000000103
163.392000000000103
163.505000000000104
181.62200000000012
192.90100000000013
211.121000000000146
211.682000000000146
211.993000000000147
212.547000000000147
214.716000000000149
250.676000000000181
251.159000000000181
251.939000000000182
252.410000000000183
252.775000000000183
253.133000000000183
253.645000000000184
253.877000000000184
254.166000000000184
254.496000000000184
254.962000000000185
255.659000000000185
256.027000000000186
256.443000000000186
257.213000000000187
257.732000000000187
258.378000000000188
258.683000000000188
259.036000000000188
259.413000000000189
259.690000000000189
260.120000000000189
261.786000000000191
262.199000000000191
262.590000000000192
276.471000000000204
278.930000000000206
293.658000000000219
294.38400000000022
294.78200000000022
294.92500000000022
295.474000000000221
297.779000000000223
298.013000000000223
298.297000000000223
298.567000000000224
299.051000000000224
299.307000000000224
299.618000000000224
340.425000000000261
340.959000000000261
341.877000000000262
342.253000000000262
343.194000000000263
344.868000000000265
345.624000000000265
345.856000000000266
346.114000000000266
346.397000000000266
347.048000000000267
350.129000000000269
350.36700000000027
350.58800000000027
369.986000000000287
411.593000000000324
413.268000000000325
413.595000000000326
413.878000000000326
414.099000000000326
414.625000000000327
415.601000000000327
417.175000000000329
417.422000000000329
417.699000000000329
419.443000000000331
419.717000000000331
420.081000000000331
420.675000000000332
422.023000000000333
422.711000000000334
423.400000000000334
423.966000000000335
424.203000000000335
424.915000000000336
427.193000000000338
427.649000000000338
428.188000000000339
429.46400000000034
429.59400000000034
429.87500000000034
430.15000000000034
430.473000000000341
430.775000000000341
432.503000000000342
484.519000000000389
485.48700000000039
487.183000000000391
488.133000000000392
491.097000000000394
491.322000000000395
491.589000000000395
491.945000000000395
492.236000000000396
492.550000000000396
493.085000000000396
493.991000000000397
494.324000000000397
495.287000000000398
495.516000000000398
495.884000000000399
496.8420000000004
497.3120000000004
497.4740000000004
497.882000000000401
498.282000000000401
510.225000000000412
512.886000000000414
515.883000000000416
519.40900000000042
519.95800000000042
520.24500000000042
520.727000000000421
520.982000000000421
521.537000000000422
522.879000000000423
523.150000000000423
523.391000000000423
523.640000000000423
547.646000000000445
607.142000000000498
609.051000000000499
609.4820000000005
609.7810000000005
613.253000000000503
613.572000000000503
613.924000000000504
614.269000000000504
614.596000000000504
614.969000000000504
615.500000000000505
618.680000000000508
618.937000000000508
619.221000000000508
620.198000000000509
688.004000000000569
690.191000000000571
691.711000000000573
693.045000000000574
694.107000000000575
694.460000000000575
694.878000000000576
695.149000000000576
695.463000000000576
695.738000000000576
696.095000000000577
699.55400000000058
699.85300000000058
700.24200000000058
700.908000000000581
702.496000000000582
702.841000000000583
703.223000000000583
703.567000000000583
704.107000000000584
704.445000000000584
773.757000000000646
774.908000000000647
775.544000000000647
776.918000000000648
777.178000000000649
777.548000000000649
777.740000000000649
778.92800000000065
779.546000000000651
780.519000000000652
780.813000000000652
781.141000000000652
781.370000000000652
782.068000000000653
782.305000000000653
783.353000000000654
783.637000000000654
783.973000000000655
784.333000000000655
784.521000000000655
786.951000000000657
787.204000000000658
787.477000000000658
787.734000000000658
788.162000000000658
788.366000000000658
788.644000000000659
788.947000000000659
789.413000000000659
792.630000000000662
793.062000000000663
793.313000000000663
793.589000000000663
793.945000000000664
794.185000000000664
794.606000000000664
794.912000000000664
795.935000000000665
796.825000000000666
797.886000000000667
841.672000000000706
845.393000000000709
846.37600000000071
848.627000000000712
850.376000000000714
852.475000000000715
852.947000000000716
853.268000000000716
853.676000000000717
853.973000000000717
854.520000000000717
854.805000000000718
856.825000000000719
857.25400000000072
857.51300000000072
857.91700000000072
858.411000000000721
858.698000000000721
858.999000000000721
860.566000000000723
861.752000000000724
862.062000000000724
862.435000000000724
864.221000000000726
866.758000000000728
867.556000000000729
868.140000000000729
868.52100000000073
868.89700000000073
869.17200000000073
869.662000000000731
871.141000000000732
871.909000000000733
1034.34800000000088
1035.53200000000088
1035.69700000000088
1036.10700000000088
1037.60100000000088
1038.18300000000088
1038.51900000000088
1039.19500000000088
1039.49000000000088
1039.88500000000088
1138.61700000000097
1144.15000000000097
1153.04600000000098
1155.28100000000098
1163.01400000000099
1163.47300000000099
1163.73900000000099
1164.03800000000099
1164.65900000000099
1164.93000000000099
1165.22000000000099
1165.52700000000099
1165.85700000000099
1166.17200000000099
1166.41500000000099
1166.77300000000099
1168.785000000001
1169.107000000001
1169.372000000001
1169.708000000001
1169.958000000001
1170.390000000001
1170.695000000001
1173.353000000001
1173.832000000001
1174.681000000001
1174.933000000001
1175.240000000001
1178.549000000001
1179.05900000000101
1186.45300000000101
1188.21300000000101
1188.71600000000101
1189.00900000000101
1189.32800000000101
1189.63000000000101
1198.87000000000102
1199.90800000000102
1201.05600000000102
1207.59000000000103
1212.06100000000103
1215.16900000000104
1216.00500000000104
15
-1
1.99500000000000003
11.38500000000000022
28.4529999999999898
40.8059999999999946
71.9220000000000222
93.5840000000000415
135.074000000000078
214.717000000000149
262.591000000000192
350.58900000000027
432.504000000000342
523.641000000000423
704.446000000000584
797.887000000000667
1039.88600000000088
0
0
5000
0
0
0
0
7200
0
0
0
0
0
16
0
2839.98699999991455
1800.00000000000156
1800
0
46
0
1
4
7
10
13
16
19
22
25
28
31
34
37
40
43
46
49
52
55
58
61
64
67
70
73
76
79
82
85
88
91
94
97
100
103
106
109
112
115
118
121
124
127
130
133
136
139
142
145
148
151
154
157
160
163
166
169
172
175
178
181
184
187
190
193
196
199
202
205
208
211
214
217
220
223
226
229
232
235
238
241
244
247
250
253
256
259
262
265
268
271
274
277
280
283
286
289
292
295
298
301
304
307
310
313
316
319
322
325
328
331
334
337
340
343
346
349
352
355
358
361
364
367
370
373
376
379
382
385
388
391
394
397
400
403
406
409
412
415
418
421
424
427
430
433
436
439
442
445
448
451
454
457
460
463
466
469
472
475
478
481
484
487
490
493
496
499
502
505
508
511
514
517
520
523
526
529
532
535
538
541
544
547
550
