12
12
19
12
12
19
cPPR1.12
PR3_day2.4
0
2
10
06
32
11
20
55
23
3
.3
1
132
1
10
1
1
1
1
1
1
1
1
1
1
1
1
1
1
1
1
1
1
1
1
1
184
131
-1
15.2920000000000003
54.2300000000000065
55.3600000000000075
56.4600000000000085
58.4180000000000102
82.7320000000000318
82.909000000000032
83.3980000000000324
89.626000000000038
90.0840000000000384
90.5600000000000388
91.6660000000000398
92.2100000000000402
97.3380000000000448
100.2930000000000474
100.7020000000000478
100.984000000000048
101.8080000000000488
104.0950000000000508
107.2400000000000536
107.634000000000054
108.810000000000055
110.1550000000000562
143.333000000000086
143.854000000000086
144.792000000000087
146.670000000000089
148.66400000000009
149.194000000000091
150.477000000000092
151.191000000000093
152.260000000000094
153.109000000000094
153.728000000000095
154.316000000000095
154.748000000000096
186.385000000000124
187.210000000000125
191.289000000000128
191.759000000000129
193.35600000000013
193.78500000000013
199.263000000000135
202.111000000000138
204.49500000000014
205.127000000000141
205.648000000000141
211.497000000000146
212.061000000000147
212.956000000000148
215.19800000000015
217.524000000000152
303.998000000000228
385.701000000000301
386.289000000000301
387.665000000000303
389.040000000000304
390.865000000000306
393.135000000000308
393.491000000000308
394.442000000000309
399.478000000000313
403.894000000000317
406.178000000000319
411.433000000000324
415.948000000000328
417.056000000000329
417.764000000000329
418.77700000000033
423.484000000000334
424.524000000000335
515.414000000000416
519.56400000000042
521.938000000000422
522.956000000000423
530.125000000000429
552.177000000000449
553.41900000000045
556.813000000000453
558.612000000000454
560.576000000000456
565.27100000000046
566.220000000000461
566.548000000000462
568.116000000000463
570.059000000000465
570.795000000000465
577.346000000000471
579.042000000000473
589.014000000000481
1496.75500000000129
1499.32500000000129
1501.07600000000129
1526.08200000000131
1526.95300000000131
1535.66800000000132
1696.74500000000147
1701.41500000000147
1731.7360000000015
1735.9430000000015
1736.6460000000015
2093.1829999999968
2096.8469999999964
2098.47299999999622
2612.13899999993965
2613.99899999993944
2614.79299999993935
2615.77499999993925
2618.9389999999389
2620.7009999999387
2621.28099999993864
2622.5669999999385
2626.1749999999381
2637.87599999993681
2643.4299999999362
2645.87999999993593
2652.43699999993521
2656.89099999993472
2961.68399999990115
2968.73099999990037
2981.73899999989894
2992.38899999989777
3254.37499999986891
4121.53599999977341
4255.84699999975862
4258.11299999975837
4265.14699999975759
4401.94899999974253
4433.47799999973905
4433.91499999973901
4438.91699999973846
9
-1
15.2930000000000003
58.4190000000000102
91.6670000000000398
110.1560000000000562
154.749000000000096
217.525000000000152
424.525000000000335
1501.07700000000129
2656.89199999993472
0
0
5000
0
0
0
0
7200
0
0
0
0
0
10
0
4456.99299999973646
1800.00000000000156
1800
0
28
0
1
4
7
10
13
16
19
22
25
28
31
34
37
40
43
46
49
52
55
58
61
64
67
70
73
76
79
82
85
88
91
94
97
100
103
106
109
112
115
118
121
124
127
130
133
136
139
142
145
148
151
154
157
160
163
166
169
172
175
178
181
184
187
190
193
196
199
202
205
208
211
214
217
220
223
226
229
232
235
238
241
244
247
250
253
256
259
262
265
268
271
274
277
280
283
286
289
292
295
298
301
304
307
310
313
316
319
322
325
328
331
334
337
340
343
346
349
352
355
358
361
364
367
370
373
376
379
382
385
388
391
394
397
400
403
406
409
412
415
418
421
424
427
430
433
436
439
442
445
448
451
454
457
460
463
466
469
472
475
478
481
484
487
490
493
496
499
502
505
508
511
514
517
520
523
526
529
532
535
538
541
544
547
550
