11
29
19
11
29
19
cPPR1.15
PR3_day5
0
1
11
51
14
13
06
10
23
3
.3
1
2710
1
43
1
1
1
1
1
1
1
1
1
1
1
1
1
1
1
1
1
1
1
1
1
184
2709
-1
0.99300000000000001
1.16300000000000001
11.29400000000000022
11.48400000000000023
12.06600000000000024
12.10900000000000024
22.8429999999999945
22.9999999999999944
23.445999999999994
23.5919999999999939
23.7589999999999938
24.608999999999993
26.0999999999999918
26.3489999999999916
28.6679999999999896
28.8389999999999894
28.9619999999999893
29.1029999999999892
29.2739999999999891
29.5369999999999889
29.7159999999999887
30.0419999999999884
30.2389999999999883
30.4009999999999881
30.577999999999988
30.7439999999999878
30.8829999999999877
34.453999999999989
34.7399999999999892
38.9059999999999929
39.1149999999999931
39.5349999999999935
39.6159999999999935
39.7719999999999937
39.9169999999999938
40.0709999999999939
40.2829999999999941
40.4599999999999943
57.8110000000000097
57.9020000000000098
58.0870000000000099
58.2430000000000101
58.4160000000000102
58.5640000000000104
58.7400000000000105
58.9440000000000107
59.217000000000011
59.5880000000000113
59.7390000000000114
59.9290000000000116
60.1010000000000117
64.1840000000000154
64.4700000000000156
65.7360000000000167
65.9240000000000169
66.3900000000000173
66.5250000000000174
66.6680000000000176
66.9800000000000178
67.0880000000000179
67.198000000000018
67.5480000000000184
67.7230000000000185
67.8960000000000187
68.1030000000000188
68.284000000000019
68.4470000000000191
68.9050000000000196
69.3170000000000199
69.4900000000000201
73.1730000000000233
73.6840000000000238
74.0440000000000241
74.2070000000000243
74.5260000000000245
74.6950000000000247
75.023000000000025
75.2640000000000252
75.4380000000000254
75.5830000000000255
75.6890000000000256
75.8470000000000257
75.9930000000000258
76.2600000000000261
76.4180000000000262
76.9140000000000267
77.6080000000000273
77.8840000000000275
78.0820000000000277
79.0660000000000286
80.0590000000000295
80.2670000000000296
80.4140000000000298
80.5510000000000299
83.6910000000000327
91.91900000000004
92.0830000000000401
92.2420000000000403
92.3850000000000404
92.5860000000000406
92.8370000000000408
93.039000000000041
93.3680000000000413
94.4890000000000423
94.7720000000000425
95.5320000000000432
95.6810000000000433
96.3170000000000439
102.2960000000000492
102.4500000000000493
102.6230000000000495
102.7510000000000496
102.9060000000000498
103.1260000000000499
103.2890000000000501
103.5260000000000503
105.3440000000000519
105.5170000000000521
110.5860000000000566
110.8110000000000568
110.9030000000000569
111.3180000000000572
111.4600000000000573
111.6050000000000575
111.8430000000000577
112.0520000000000579
112.205000000000058
112.3910000000000582
112.5820000000000583
112.8270000000000586
112.9880000000000587
113.5360000000000592
113.8030000000000594
114.6220000000000602
114.9690000000000605
115.1070000000000606
115.2560000000000607
115.4260000000000609
115.613000000000061
115.8910000000000613
116.0950000000000615
116.3820000000000617
116.8240000000000621
127.5680000000000717
127.7250000000000718
130.921000000000075
131.917000000000076
132.124000000000076
132.256000000000076
132.387000000000076
132.728000000000076
132.900000000000076
133.283000000000077
134.567000000000078
134.752000000000078
135.313000000000079
135.501000000000079
135.649000000000079
135.808000000000079
136.090000000000079
136.253000000000079
136.64100000000008
137.673000000000081
137.900000000000081
138.123000000000081
138.423000000000081
138.656000000000082
138.847000000000082
140.046000000000083
140.246000000000083
140.380000000000083
156.064000000000097
160.793000000000101
160.998000000000101
161.250000000000102
161.405000000000102
161.577000000000102
161.856000000000102
162.818000000000103
163.074000000000103
163.839000000000104
164.029000000000104
164.167000000000104
164.321000000000104
164.609000000000105
165.291000000000105
165.489000000000105
165.619000000000105
166.099000000000106
166.570000000000106
166.757000000000106
167.012000000000107
167.192000000000107
167.348000000000107
167.513000000000107
167.704000000000107
167.883000000000107
168.011000000000108
168.655000000000108
169.447000000000109
169.737000000000109
170.27400000000011
174.398000000000113
175.272000000000114
175.481000000000114
175.827000000000115
176.928000000000116
177.560000000000116
177.836000000000116
178.469000000000117
178.814000000000117
179.215000000000118
179.376000000000118
179.820000000000118
180.063000000000118
181.58800000000012
181.79600000000012
182.05100000000012
182.20500000000012
182.35200000000012
182.573000000000121
182.741000000000121
183.006000000000121
184.089000000000122
184.262000000000122
184.437000000000122
184.782000000000122
184.944000000000123
185.088000000000123
185.274000000000123
185.375000000000123
185.470000000000123
185.663000000000123
186.144000000000124
186.687000000000124
187.470000000000125
188.374000000000126
188.627000000000126
188.843000000000126
192.487000000000129
232.467000000000165
246.497000000000177
247.589000000000178
247.844000000000178
247.982000000000179
248.156000000000179
248.332000000000179
248.464000000000179
248.571000000000179
248.739000000000179
248.912000000000179
249.05800000000018
249.37600000000018
252.811000000000183
253.064000000000183
253.220000000000183
253.375000000000183
253.712000000000184
253.863000000000184
254.251000000000184
254.387000000000184
254.534000000000184
254.706000000000185
256.471000000000186
256.669000000000186
256.829000000000186
256.975000000000187
257.173000000000187
257.324000000000187
257.556000000000187
257.707000000000187
257.873000000000187
258.043000000000188
258.348000000000188
258.892000000000188
259.146000000000188
259.357000000000189
259.667000000000189
288.241000000000214
289.244000000000215
289.578000000000216
289.743000000000216
289.908000000000216
290.085000000000216
290.294000000000216
290.442000000000216
290.736000000000217
291.746000000000217
291.909000000000218
294.45900000000022
294.62600000000022
294.77500000000022
294.96000000000022
295.09200000000022
295.339000000000221
295.468000000000221
295.728000000000221
295.952000000000221
297.168000000000222
297.394000000000222
297.777000000000223
297.914000000000223
298.232000000000223
298.423000000000223
298.695000000000224
299.817000000000225
300.231000000000225
300.541000000000225
301.277000000000226
302.368000000000227
302.545000000000227
302.694000000000227
303.176000000000228
303.407000000000228
303.578000000000228
303.757000000000228
303.870000000000228
304.015000000000228
304.256000000000229
325.551000000000248
325.710000000000248
325.908000000000248
326.049000000000248
326.215000000000248
326.496000000000248
327.719000000000249
327.90200000000025
329.196000000000251
329.426000000000251
329.577000000000251
329.738000000000251
329.872000000000251
330.391000000000252
330.851000000000252
330.971000000000252
331.379000000000253
334.061000000000255
334.246000000000255
334.370000000000255
334.520000000000255
334.666000000000256
334.801000000000256
334.938000000000256
335.093000000000256
335.790000000000257
335.980000000000257
336.316000000000257
336.457000000000257
336.638000000000257
337.907000000000258
338.159000000000259
338.310000000000259
338.469000000000259
338.643000000000259
338.853000000000259
339.003000000000259
339.51500000000026
340.417000000000261
341.372000000000262
341.740000000000262
341.928000000000262
342.105000000000262
345.663000000000265
345.978000000000266
346.515000000000266
347.385000000000267
347.719000000000267
348.498000000000268
348.656000000000268
348.880000000000268
349.720000000000269
349.942000000000269
350.094000000000269
350.220000000000269
350.36400000000027
352.837000000000272
353.012000000000272
353.440000000000272
354.214000000000273
354.873000000000274
355.983000000000274
356.372000000000275
356.496000000000275
356.896000000000275
357.067000000000275
357.279000000000276
357.447000000000276
357.619000000000276
357.898000000000276
358.735000000000277
358.942000000000277
359.131000000000277
360.090000000000278
361.158000000000279
364.016000000000282
364.204000000000282
364.981000000000282
365.193000000000283
365.327000000000283
365.533000000000283
365.672000000000283
365.857000000000283
366.049000000000283
366.187000000000284
366.340000000000284
366.609000000000284
367.113000000000284
368.190000000000285
368.313000000000285
368.558000000000286
371.174000000000288
399.710000000000313
399.907000000000314
400.354000000000314
401.133000000000315
401.572000000000315
401.938000000000315
402.346000000000316
402.529000000000316
403.470000000000317
403.807000000000317
404.218000000000317
405.258000000000318
405.940000000000319
406.137000000000319
406.274000000000319
406.418000000000319
406.577000000000319
406.75800000000032
406.92100000000032
407.16000000000032
407.33500000000032
407.58200000000032
408.493000000000321
408.718000000000321
408.912000000000322
409.097000000000322
410.508000000000323
410.688000000000323
410.841000000000323
411.066000000000323
411.182000000000324
411.366000000000324
412.357000000000325
412.534000000000325
412.681000000000325
412.828000000000325
413.289000000000325
413.881000000000326
414.048000000000326
414.634000000000327
414.978000000000327
416.897000000000329
417.89800000000033
418.41300000000033
419.587000000000331
420.552000000000332
421.187000000000332
421.363000000000333
421.549000000000333
421.785000000000333
455.366000000000363
456.970000000000364
457.314000000000365
457.706000000000365
457.993000000000365
458.127000000000365
464.333000000000371
464.927000000000371
465.134000000000371
467.013000000000373
467.855000000000374
468.023000000000374
468.199000000000374
468.365000000000374
468.508000000000374
468.677000000000375
468.841000000000375
468.972000000000375
469.100000000000375
469.280000000000375
469.458000000000375
469.944000000000376
470.128000000000376
470.791000000000376
470.995000000000377
471.263000000000377
471.427000000000377
471.593000000000377
471.778000000000377
472.170000000000378
472.321000000000378
472.488000000000378
473.129000000000379
473.329000000000379
474.22600000000038
474.46300000000038
474.67900000000038
474.82900000000038
475.883000000000381
476.059000000000381
476.196000000000381
476.374000000000381
476.553000000000382
476.756000000000382
476.941000000000382
477.112000000000382
477.288000000000382
477.613000000000383
477.829000000000383
478.234000000000383
478.823000000000384
479.402000000000384
479.742000000000384
485.75800000000039
489.046000000000393
490.007000000000394
490.153000000000394
490.433000000000394
491.650000000000395
492.470000000000396
493.228000000000396
494.444000000000398
495.240000000000398
495.365000000000398
497.0770000000004
497.2950000000004
497.4660000000004
497.5970000000004
497.7500000000004
497.967000000000401
498.136000000000401
498.278000000000401
498.544000000000401
498.711000000000401
499.035000000000402
500.019000000000402
500.286000000000403
500.671000000000403
500.853000000000403
501.073000000000403
501.234000000000404
501.488000000000404
501.710000000000404
501.884000000000404
502.201000000000404
502.887000000000405
503.307000000000405
503.544000000000406
503.696000000000406
503.856000000000406
504.594000000000407
504.839000000000407
505.670000000000407
507.161000000000409
507.303000000000409
508.30300000000041
508.49300000000041
508.65400000000041
508.96700000000041
509.150000000000411
509.327000000000411
509.468000000000411
509.777000000000411
510.128000000000411
510.317000000000412
510.615000000000412
510.839000000000412
511.074000000000412
511.292000000000412
519.75400000000042
535.367000000000434
536.151000000000435
537.629000000000436
537.923000000000436
538.341000000000436
538.511000000000437
538.723000000000437
538.909000000000437
539.100000000000437
539.483000000000437
539.835000000000438
540.307000000000438
541.101000000000439
541.358000000000439
541.662000000000439
541.762000000000439
542.67900000000044
542.948000000000441
544.181000000000442
544.378000000000442
544.555000000000442
544.675000000000442
544.825000000000442
544.970000000000442
545.128000000000442
546.026000000000443
546.376000000000444
546.526000000000444
546.752000000000444
547.507000000000445
547.884000000000445
548.085000000000445
550.495000000000447
550.691000000000447
550.843000000000448
551.002000000000448
551.178000000000448
551.557000000000448
551.830000000000448
552.035000000000449
553.75800000000045
553.90000000000045
554.06400000000045
554.256000000000451
554.976000000000451
555.158000000000451
556.461000000000453
557.031000000000453
557.578000000000454
605.569000000000496
605.792000000000496
605.945000000000496
606.165000000000497
606.369000000000497
606.556000000000497
607.268000000000498
607.534000000000498
607.828000000000498
617.045000000000506
617.764000000000507
619.055000000000508
620.75700000000051
621.00400000000051
621.35400000000051
622.702000000000511
623.678000000000512
623.883000000000512
624.042000000000513
624.190000000000513
624.322000000000513
624.486000000000513
624.677000000000513
624.843000000000513
625.001000000000513
625.132000000000514
625.326000000000514
626.312000000000515
627.803000000000516
627.985000000000516
628.167000000000516
628.329000000000516
628.512000000000517
628.735000000000517
628.906000000000517
629.108000000000517
630.297000000000518
630.717000000000518
630.932000000000519
631.094000000000519
631.269000000000519
631.436000000000519
632.53800000000052
632.67600000000052
632.82800000000052
633.017000000000521
633.195000000000521
633.796000000000521
633.962000000000521
634.166000000000522
634.355000000000522
634.790000000000522
634.985000000000522
635.422000000000523
635.625000000000523
635.793000000000523
635.959000000000523
636.612000000000524
636.733000000000524
636.924000000000524
637.082000000000524
637.465000000000524
637.646000000000525
637.769000000000525
637.913000000000525
638.130000000000525
638.360000000000525
639.703000000000526
640.204000000000527
640.810000000000527
641.279000000000528
650.402000000000536
657.998000000000543
659.513000000000544
660.092000000000545
660.416000000000545
660.573000000000545
660.761000000000545
660.928000000000545
661.071000000000545
661.252000000000546
661.379000000000546
661.576000000000546
661.733000000000546
662.134000000000546
662.416000000000547
662.604000000000547
662.777000000000547
664.301000000000548
666.32000000000055
666.62800000000055
666.806000000000551
666.968000000000551
667.129000000000551
667.335000000000551
667.542000000000551
667.687000000000551
667.787000000000551
667.950000000000552
668.086000000000552
668.316000000000552
669.747000000000553
673.667000000000557
676.86900000000056
677.18100000000056
677.33700000000056
677.74900000000056
677.92200000000056
678.079000000000561
678.290000000000561
678.461000000000561
678.568000000000561
678.760000000000561
679.024000000000561
679.839000000000562
680.245000000000562
681.015000000000563
681.678000000000564
682.186000000000564
682.368000000000564
682.530000000000565
682.703000000000565
682.855000000000565
683.023000000000565
683.197000000000565
683.709000000000566
684.230000000000566
684.388000000000566
684.554000000000566
684.742000000000566
685.010000000000567
685.169000000000567
685.459000000000567
685.786000000000567
685.917000000000568
686.114000000000568
707.630000000000587
708.092000000000587
709.718000000000589
715.417000000000594
716.078000000000594
716.904000000000595
717.062000000000595
717.634000000000596
718.909000000000597
719.126000000000597
719.512000000000597
721.333000000000599
722.9560000000006
726.599000000000604
727.443000000000604
730.253000000000607
730.446000000000607
730.630000000000607
732.614000000000609
735.170000000000611
735.412000000000612
735.737000000000612
735.899000000000612
736.037000000000612
737.128000000000613
737.297000000000613
737.443000000000613
737.651000000000614
738.855000000000615
739.023000000000615
739.237000000000615
739.399000000000615
739.526000000000615
743.261000000000618
743.673000000000619
743.787000000000619
743.909000000000619
744.057000000000619
744.266000000000619
744.46500000000062
744.69700000000062
744.86700000000062
745.04300000000062
745.21900000000062
745.39900000000062
745.58400000000062
745.805000000000621
745.968000000000621
746.655000000000622
746.894000000000622
747.351000000000622
749.170000000000624
749.656000000000624
749.809000000000624
749.960000000000624
750.120000000000625
750.776000000000625
751.197000000000626
751.610000000000626
751.798000000000626
752.279000000000626
752.556000000000627
752.744000000000627
752.934000000000627
753.449000000000628
753.662000000000628
755.92200000000063
759.486000000000633
760.933000000000634
761.143000000000634
761.313000000000634
761.520000000000635
762.089000000000635
762.248000000000635
762.407000000000635
762.956000000000636
763.169000000000636
763.354000000000636
766.750000000000639
766.96600000000064
767.09400000000064
767.24600000000064
767.41100000000064
767.58100000000064
767.75400000000064
767.84800000000064
768.155000000000641
768.324000000000641
768.511000000000641
768.684000000000641
769.068000000000641
769.212000000000642
769.675000000000642
769.903000000000642
770.079000000000642
770.427000000000643
770.637000000000643
772.445000000000644
774.058000000000646
774.209000000000646
774.376000000000646
774.558000000000646
774.700000000000646
774.860000000000646
775.010000000000647
775.139000000000647
775.339000000000647
775.591000000000647
775.796000000000647
776.006000000000648
776.276000000000648
776.475000000000648
776.649000000000648
776.800000000000648
776.945000000000648
777.163000000000649
777.344000000000649
777.670000000000649
777.994000000000649
778.68000000000065
778.86500000000065
779.07200000000065
779.34400000000065
779.732000000000651
780.935000000000652
781.343000000000652
781.576000000000652
781.729000000000653
783.020000000000654
783.501000000000654
783.788000000000654
783.939000000000655
784.136000000000655
784.444000000000655
784.645000000000655
784.845000000000655
785.156000000000656
785.521000000000656
785.661000000000656
785.763000000000656
796.062000000000665
796.502000000000666
796.669000000000666
797.035000000000666
797.513000000000667
798.351000000000667
798.960000000000668
802.992000000000672
803.337000000000672
803.511000000000672
803.649000000000672
803.795000000000672
804.101000000000672
804.398000000000673
804.591000000000673
804.970000000000673
807.469000000000675
807.604000000000676
807.953000000000676
808.125000000000676
808.340000000000676
808.520000000000676
808.702000000000677
808.911000000000677
809.090000000000677
809.279000000000677
810.397000000000678
810.678000000000678
811.386000000000679
811.590000000000679
811.758000000000679
811.920000000000679
812.13700000000068
812.33500000000068
812.65100000000068
813.280000000000681
813.919000000000681
814.316000000000682
815.000000000000682
815.332000000000682
815.495000000000683
815.699000000000683
815.824000000000683
815.974000000000683
816.166000000000683
816.486000000000684
816.611000000000684
817.122000000000684
817.578000000000684
817.728000000000685
817.938000000000685
818.093000000000685
818.272000000000685
818.572000000000685
818.754000000000686
818.938000000000686
819.127000000000686
819.337000000000686
819.919000000000686
820.065000000000687
820.294000000000687
820.489000000000687
820.994000000000687
848.932000000000712
849.189000000000713
851.961000000000715
852.167000000000715
853.312000000000716
853.542000000000716
853.707000000000717
854.562000000000717
855.191000000000718
855.301000000000718
865.973000000000727
866.979000000000728
868.43600000000073
868.87200000000073
869.00300000000073
869.883000000000731
870.104000000000731
870.271000000000731
870.424000000000731
870.567000000000732
870.741000000000732
871.252000000000732
872.468000000000733
873.080000000000734
873.203000000000734
873.686000000000734
874.411000000000735
875.587000000000736
875.725000000000736
875.931000000000736
876.151000000000736
877.018000000000737
877.660000000000738
877.822000000000738
878.910000000000739
879.126000000000739
879.56300000000074
879.72600000000074
879.88700000000074
880.06600000000074
880.39300000000074
881.549000000000741
881.787000000000742
882.216000000000742
882.407000000000742
882.574000000000742
882.739000000000742
882.935000000000742
883.107000000000743
883.232000000000743
883.418000000000743
883.622000000000743
883.818000000000743
884.041000000000744
885.813000000000745
886.347000000000746
886.475000000000746
886.706000000000746
886.897000000000746
887.743000000000747
887.912000000000747
888.116000000000747
888.279000000000747
888.446000000000747
888.628000000000748
888.805000000000748
888.912000000000748
889.085000000000748
889.200000000000748
889.425000000000748
889.701000000000749
889.931000000000749
890.720000000000749
891.86300000000075
892.094000000000751
892.264000000000751
892.539000000000751
893.737000000000752
893.922000000000752
894.132000000000752
894.298000000000753
894.879000000000753
895.041000000000753
895.332000000000754
895.998000000000754
896.168000000000754
896.538000000000755
898.912000000000757
919.923000000000775
920.827000000000776
920.985000000000776
921.131000000000776
921.345000000000777
921.540000000000777
923.678000000000779
924.386000000000779
924.573000000000779
929.247000000000784
929.326000000000784
932.770000000000787
934.306000000000788
934.700000000000788
935.698000000000789
935.91700000000079
936.11300000000079
936.26500000000079
936.37700000000079
936.68200000000079
937.406000000000791
937.577000000000791
937.708000000000791
937.902000000000791
939.804000000000793
939.886000000000793
940.096000000000793
940.484000000000794
940.660000000000794
940.838000000000794
940.984000000000794
941.108000000000794
941.301000000000794
941.454000000000794
941.556000000000795
941.699000000000795
941.822000000000795
942.102000000000795
942.309000000000795
942.601000000000796
942.920000000000796
943.089000000000796
943.266000000000796
944.435000000000797
944.627000000000797
944.806000000000797
944.969000000000798
945.282000000000798
946.637000000000799
946.827000000000799
947.2950000000008
947.4410000000008
947.6120000000008
947.7960000000008
947.9380000000008
948.1100000000008
948.330000000000801
948.495000000000801
948.738000000000801
949.187000000000801
949.345000000000802
949.697000000000802
950.727000000000803
951.512000000000803
951.656000000000804
951.804000000000804
953.049000000000805
954.629000000000806
954.944000000000806
955.683000000000807
955.910000000000807
956.048000000000807
956.208000000000808
956.526000000000808
956.897000000000808
957.098000000000808
957.433000000000809
957.592000000000809
957.851000000000809
1062.2260000000009
1064.2410000000009
1064.4850000000009
1065.6700000000009
1066.25800000000091
1066.90800000000091
1067.05700000000091
1067.22600000000091
1067.56500000000091
1068.33800000000091
1068.46800000000091
1069.30800000000091
1069.57100000000091
1070.66100000000091
1070.79700000000091
1071.92600000000091
1072.00400000000091
1072.19900000000091
1072.71700000000091
1072.83000000000091
1072.95000000000091
1073.13200000000091
1073.28800000000091
1073.45700000000091
1073.62800000000091
1073.77900000000091
1073.92800000000091
1074.14100000000091
1074.22800000000091
1074.37200000000091
1074.55400000000091
1076.01200000000091
1077.60900000000092
1078.08500000000092
1078.22200000000092
1078.37200000000092
1078.51800000000092
1078.71600000000092
1079.05400000000092
1079.23100000000092
1079.42700000000092
1079.60400000000092
1079.81100000000092
1079.92800000000092
1080.10700000000092
1080.29200000000092
1080.62000000000092
1080.79900000000092
1081.16100000000092
1081.27900000000092
1081.40300000000092
1081.59900000000092
1082.75500000000092
1084.47800000000092
1084.66700000000092
1084.87500000000092
1085.11500000000092
1085.27100000000092
1085.43800000000092
1085.63500000000092
1085.98200000000092
1086.33700000000092
1086.50600000000092
1086.77900000000092
1086.94200000000092
1087.14200000000092
1087.34900000000092
1087.55600000000092
1087.71100000000092
1087.89800000000092
1088.12900000000092
1088.68100000000093
1089.16400000000093
1089.44300000000093
1089.96600000000093
1090.21300000000093
1091.44100000000093
1093.15900000000093
1093.36300000000093
1093.52100000000093
1093.71700000000093
1093.86900000000093
1105.26100000000094
1110.88300000000094
1111.48000000000095
1117.37500000000095
1117.63100000000095
1118.15600000000095
1118.47200000000095
1118.68400000000095
1118.81900000000095
1119.00000000000095
1119.56300000000095
1119.71000000000095
1119.88400000000095
1120.26000000000095
1120.60200000000095
1120.88900000000095
1121.99000000000095
1123.00000000000096
1123.24300000000096
1123.48500000000096
1123.76200000000096
1123.97100000000096
1124.11900000000096
1124.23400000000096
1124.54200000000096
1124.70900000000096
1125.38100000000096
1125.85900000000096
1126.16900000000096
1126.52100000000096
1126.79200000000096
1127.13100000000096
1127.25200000000096
1127.43200000000096
1127.59100000000096
1127.90300000000096
1129.51500000000096
1130.35900000000096
1130.56900000000096
1130.71500000000096
1130.99900000000096
1131.14600000000096
1131.26700000000096
1131.41900000000096
1132.76900000000096
1132.97000000000096
1133.12300000000096
1133.31400000000096
1133.81900000000097
1133.93500000000097
1134.05800000000097
1134.29000000000097
1134.63900000000097
1135.06000000000097
1135.22900000000097
1135.41500000000097
1135.58300000000097
1135.77400000000097
1136.22400000000097
1136.66800000000097
1136.82500000000097
1137.35900000000097
1138.37600000000097
1138.64900000000097
1139.39300000000097
1139.59800000000097
1139.77300000000097
1139.94800000000097
1140.56000000000097
1140.73600000000097
1141.23000000000097
1141.42600000000097
1141.62700000000097
1141.80900000000097
1144.24900000000097
1144.35800000000097
1144.50900000000097
1144.66600000000097
1145.31600000000098
1145.54700000000098
1146.58000000000098
1147.16800000000098
1147.78700000000098
1147.94000000000098
1148.08600000000098
1148.31000000000098
1221.52100000000104
1221.86400000000104
1225.46000000000105
1225.60700000000105
1226.23000000000105
1227.60600000000105
1228.29000000000105
1228.43200000000105
1228.90900000000105
1229.09000000000105
1229.42400000000105
1231.42100000000105
1232.08000000000105
1235.68700000000106
1236.78100000000106
1236.93500000000106
1237.44600000000106
1237.60400000000106
1237.77100000000106
1240.54200000000106
1241.29800000000106
1241.82200000000106
1242.03900000000106
1242.21100000000106
1242.36400000000106
1242.55200000000106
1242.70400000000106
1242.85400000000106
1243.04600000000106
1243.21700000000106
1243.39500000000106
1243.62600000000106
1243.81100000000106
1244.25400000000106
1246.70600000000107
1247.30700000000107
1247.47700000000107
1247.61700000000107
1247.77300000000107
1247.96300000000107
1248.46500000000107
1250.29200000000107
1250.49300000000107
1250.68200000000107
1250.86900000000107
1251.25500000000107
1251.36400000000107
1256.19100000000107
1256.59000000000107
1256.76300000000107
1256.89300000000107
1256.98900000000107
1257.42800000000108
1257.61100000000108
1257.85400000000108
1258.05600000000108
1258.21300000000108
1258.39100000000108
1258.56900000000108
1258.75800000000108
1258.92500000000108
1259.14300000000108
1259.41500000000108
1259.72600000000108
1260.61000000000108
1261.83000000000108
1262.10900000000108
1262.34500000000108
1262.50200000000108
1263.69000000000108
1263.98600000000108
1266.47200000000108
1282.6670000000011
1284.2120000000011
1284.6690000000011
1284.8440000000011
1284.9790000000011
1285.0950000000011
1285.7720000000011
1285.9360000000011
1286.3570000000011
1288.8020000000011
1289.0620000000011
1290.4890000000011
1290.7640000000011
1292.68500000000111
1292.84200000000111
1293.03100000000111
1293.24100000000111
1315.68400000000113
1316.80700000000113
1317.00000000000113
1317.91200000000113
1320.22200000000113
1320.49300000000113
1320.84400000000113
1321.15400000000113
1321.34300000000113
1321.60600000000113
1321.84800000000113
1322.21800000000113
1323.26100000000113
1324.04100000000113
1324.23600000000113
1324.37900000000113
1324.53700000000113
1324.73100000000113
1325.06000000000114
1325.19300000000114
1325.42400000000114
1325.67500000000114
1326.42400000000114
1326.54100000000114
1326.72000000000114
1326.89300000000114
1327.17400000000114
1327.40400000000114
1327.60300000000114
1327.69200000000114
1327.90600000000114
1328.11300000000114
1329.36000000000114
1329.59300000000114
1330.12100000000114
1330.55500000000114
1330.80900000000114
1330.95300000000114
1331.14100000000114
1331.29000000000114
1331.47000000000114
1331.63200000000114
1331.78200000000114
1332.06500000000114
1332.60000000000114
1332.89200000000114
1333.00800000000114
1333.30000000000114
1333.98200000000114
1334.52100000000114
1335.00700000000114
1335.14600000000114
1335.52200000000114
1336.68200000000115
1337.19400000000115
1338.72400000000115
1338.99500000000115
1339.20000000000115
1339.33400000000115
1339.49800000000115
1339.65400000000115
1339.83900000000115
1340.10400000000115
1340.29600000000115
1340.56500000000115
1340.98700000000115
1341.12600000000115
1341.30500000000115
1342.27400000000115
1342.54400000000115
1343.08500000000115
1343.56500000000115
1343.97300000000115
1344.23700000000115
1344.52900000000115
1344.65400000000115
1344.78900000000115
1345.28400000000115
1345.50700000000115
1345.78600000000115
1345.95300000000115
1348.64700000000116
1348.81500000000116
1349.01700000000116
1349.16500000000116
1349.35500000000116
1349.50600000000116
1349.66100000000116
1349.82100000000116
1349.98800000000116
1350.15800000000116
1361.67700000000117
1362.14900000000117
1362.40400000000117
1362.63500000000117
1363.20800000000117
1363.51600000000117
1363.79400000000117
1363.97900000000117
1364.15400000000117
1364.29300000000117
1364.99800000000117
1365.18600000000117
1365.36900000000117
1367.53100000000117
1367.69300000000117
1369.45400000000117
1372.76100000000118
1372.93000000000118
1373.06100000000118
1373.28500000000118
1373.85200000000118
1375.15800000000118
1375.45300000000118
1377.40300000000118
1378.66000000000118
1378.82500000000118
1379.38100000000118
1379.51000000000118
1379.66300000000118
1379.87800000000118
1381.56700000000119
1381.69600000000119
1381.99300000000119
1382.16300000000119
1382.79300000000119
1382.97600000000119
1383.36300000000119
1384.07400000000119
1385.40800000000119
1385.59700000000119
1385.80700000000119
1385.91300000000119
1386.07600000000119
1386.60400000000119
1386.84800000000119
1387.09400000000119
1388.40400000000119
1388.72800000000119
1389.10800000000119
1390.41100000000119
1392.4800000000012
1392.6160000000012
1392.7720000000012
1392.9390000000012
1393.0910000000012
1393.2660000000012
1393.4730000000012
1393.6560000000012
1393.8550000000012
1394.9340000000012
1396.6850000000012
1397.0170000000012
1397.5530000000012
1397.6850000000012
1397.9570000000012
1398.1620000000012
1398.3170000000012
1398.9840000000012
1400.2570000000012
1400.5620000000012
1400.7550000000012
1400.8960000000012
1401.2510000000012
1401.4350000000012
1401.8490000000012
1401.9230000000012
1402.3940000000012
1402.6750000000012
1402.8550000000012
1403.0250000000012
1404.15700000000121
1406.28400000000121
1406.46200000000121
1406.61800000000121
1406.78400000000121
1406.96600000000121
1407.41100000000121
1407.67900000000121
1407.83400000000121
1407.99400000000121
1408.13500000000121
1408.30000000000121
1408.83200000000121
1409.45300000000121
1434.27100000000123
1435.26900000000123
1435.55400000000123
1436.23600000000123
1436.89700000000123
1437.03400000000123
1437.15400000000123
1437.31100000000123
1438.92000000000124
1441.89100000000124
1442.07400000000124
1442.55900000000124
1443.58100000000124
1443.98700000000124
1444.38200000000124
1445.77000000000124
1445.95100000000124
1446.33100000000124
1446.51800000000124
1446.73500000000124
1446.86500000000124
1447.23200000000124
1447.36500000000124
1447.53300000000124
1447.72400000000124
1448.21400000000124
1448.40500000000124
1448.94700000000125
1449.17500000000125
1449.36800000000125
1449.65600000000125
1449.85800000000125
1450.21800000000125
1450.41700000000125
1450.65300000000125
1450.96900000000125
1451.12900000000125
1451.30700000000125
1451.47800000000125
1451.71100000000125
1452.97300000000125
1453.59700000000125
1453.75500000000125
1453.91800000000125
1454.09800000000125
1456.35200000000125
1456.57800000000125
1456.75600000000125
1456.90800000000125
1457.17000000000125
1457.32100000000125
1457.53300000000125
1457.71200000000125
1457.96000000000125
1458.15400000000125
1458.44100000000125
1458.62800000000125
1458.83500000000125
1459.05300000000125
1459.54200000000125
1459.74900000000125
1459.93400000000125
1460.10500000000126
1460.32400000000126
1460.84700000000126
1461.01200000000126
1461.18100000000126
1461.60700000000126
1461.80300000000126
1463.29400000000126
1463.70100000000126
1463.97500000000126
1464.16900000000126
1464.33900000000126
1464.79700000000126
1464.97000000000126
1465.23500000000126
1465.40300000000126
1466.16600000000126
1468.71800000000126
1469.23000000000126
1469.34200000000126
1469.45000000000126
1469.65500000000126
1469.94100000000126
1470.65500000000126
1471.21200000000126
1471.58200000000127
1471.72600000000127
1471.86600000000127
1472.14600000000127
1472.32600000000127
1472.54500000000127
1472.72000000000127
1472.92100000000127
1473.10400000000127
1473.39500000000127
1536.27700000000132
1538.19200000000132
1540.21500000000133
1540.37200000000133
1543.05000000000133
1543.25200000000133
1544.13700000000133
1544.57100000000133
1544.80100000000133
1545.05800000000133
1545.55700000000133
1545.73300000000133
1546.01900000000133
1546.21000000000133
1546.38200000000133
1546.96100000000133
1548.73700000000133
1549.39500000000133
1549.61500000000133
1552.55500000000134
1553.34000000000134
1553.60900000000134
1553.70100000000134
1553.85900000000134
1559.69300000000134
1560.60300000000134
1560.73800000000134
1560.98800000000134
1561.16600000000134
1561.41400000000135
1561.59600000000135
1561.87000000000135
1562.03300000000135
1562.22600000000135
1562.41500000000135
1562.59600000000135
1562.77000000000135
1562.98200000000135
1563.41000000000135
1563.62300000000135
1564.42400000000135
1564.55400000000135
1564.87500000000135
1565.01400000000135
1565.19800000000135
1566.54300000000135
1566.86500000000135
1567.95600000000135
1568.13500000000135
1568.29700000000135
1568.55300000000135
1568.74500000000135
1568.96300000000135
1569.18600000000135
1569.40100000000135
1569.70500000000135
1570.11000000000135
1570.33600000000135
1570.58500000000135
1571.00600000000135
1571.16600000000135
1571.37700000000135
1571.76400000000135
1573.38000000000136
1573.54400000000136
1573.70600000000136
1573.95500000000136
1574.12700000000136
1574.26300000000136
1574.36600000000136
1574.56900000000136
1575.10200000000136
1575.31800000000136
1575.45300000000136
1575.68700000000136
1575.87000000000136
1576.09000000000136
1576.32300000000136
1576.58700000000136
1576.78100000000136
1576.96500000000136
1577.17100000000136
1577.54700000000136
1577.72100000000136
1577.88700000000136
1578.57000000000136
1578.77800000000136
1579.38600000000136
1579.54000000000136
1579.75200000000136
1579.91500000000136
1580.09000000000136
1580.54600000000136
1580.68300000000136
1581.38100000000136
1581.90600000000136
1582.23900000000136
1582.60800000000136
1582.76200000000136
1583.18400000000136
1638.64300000000141
1639.83000000000141
1641.41000000000142
1642.18900000000142
1642.30500000000142
1642.51600000000142
1643.24300000000142
1647.23100000000142
1647.53700000000142
1647.91900000000142
1648.12200000000142
1648.26000000000142
1648.53700000000142
1648.73100000000142
1649.47500000000142
1649.63500000000142
1650.26000000000142
1650.44500000000142
1651.74000000000143
1652.19800000000143
1652.66000000000143
1652.82300000000143
1653.15000000000143
1653.30200000000143
1653.50800000000143
1653.93600000000143
1654.08000000000143
1654.25700000000143
1654.44700000000143
1654.64500000000143
1654.91300000000143
1655.07300000000143
1655.30900000000143
1655.54500000000143
1656.39800000000143
1656.69800000000143
1657.25700000000143
1657.47200000000143
1657.64500000000143
1657.83100000000143
1658.04400000000143
1658.39000000000143
1658.56300000000143
1658.74800000000143
1658.91900000000143
1659.14100000000143
1659.32300000000143
1659.48900000000143
1659.92000000000143
1659.96600000000143
1661.53300000000143
1661.86600000000143
1663.92400000000144
1664.79500000000144
1665.01100000000144
1665.51500000000144
1665.91600000000144
1666.11600000000144
1666.28100000000144
1666.84700000000144
1667.51800000000144
1667.64100000000144
1667.79800000000144
1668.72300000000144
1668.93900000000144
1669.08900000000144
1669.23100000000144
1669.45000000000144
1669.60200000000144
1669.78500000000144
1670.44500000000144
1673.40700000000144
1673.64700000000144
1673.78700000000144
1674.06500000000145
1674.22200000000145
1674.58800000000145
1674.76800000000145
1674.94100000000145
1675.12600000000145
1675.29200000000145
1675.48200000000145
1675.66200000000145
1675.89600000000145
1676.10500000000145
1676.50300000000145
1676.69900000000145
1676.85700000000145
1677.34900000000145
1677.50300000000145
1678.08000000000145
1678.28600000000145
1678.43200000000145
1678.69900000000145
1679.90000000000145
1680.31000000000145
1680.46300000000145
1681.22800000000145
1681.37500000000145
1681.70900000000145
1681.89900000000145
1682.08800000000145
1682.32100000000145
1694.77700000000146
1696.01200000000146
1734.2460000000015
1735.4010000000015
1736.1240000000015
1736.4160000000015
1738.4820000000015
1739.2780000000015
1744.66800000000151
1745.14000000000151
1745.26600000000151
1745.47000000000151
1745.70900000000151
1745.81100000000151
1746.15000000000151
1746.28900000000151
1746.59500000000151
1746.77600000000151
1747.16600000000151
1747.29900000000151
1747.81100000000151
1748.04100000000151
1748.30700000000151
1748.66200000000151
1748.72000000000151
1748.92400000000151
1749.13000000000151
1749.29500000000151
1749.38900000000151
1749.57900000000151
1749.95500000000151
1750.17200000000151
1751.00100000000151
1751.45700000000151
1751.85300000000151
1752.03300000000151
1752.23000000000151
1752.46800000000151
1752.69500000000152
1752.88000000000152
1753.09200000000152
1754.09400000000152
1754.59800000000152
1755.23300000000152
1755.50900000000152
1755.65300000000152
1755.84400000000152
1756.01900000000152
1756.19400000000152
1756.39700000000152
1756.58700000000152
1756.79200000000152
1756.98900000000152
1757.21500000000152
1757.43200000000152
1757.86500000000152
1758.08300000000152
1761.00700000000152
1761.16800000000152
1761.34200000000152
1761.55400000000152
1762.67000000000152
1762.88000000000152
1763.12600000000152
1763.28200000000152
1763.45400000000152
1763.61700000000152
1763.80500000000152
1763.98300000000152
1764.15200000000153
1764.38200000000153
1764.59300000000153
1764.79000000000153
1764.98300000000153
1765.15900000000153
1765.66700000000153
1765.92000000000153
1766.10200000000153
1766.33300000000153
1766.49900000000153
1766.61600000000153
1766.97200000000153
1767.21400000000153
1767.39200000000153
1767.56800000000153
1767.76100000000153
1768.32600000000153
1768.49500000000153
1768.70800000000153
1768.98500000000153
1769.14800000000153
1769.46500000000153
1769.82300000000153
1770.52000000000153
1770.86700000000153
1771.03600000000153
1771.24200000000153
1771.41200000000153
1771.59000000000153
1772.00500000000153
1772.23100000000153
1772.73300000000153
1773.14400000000153
1773.48600000000153
1773.67400000000153
1773.82800000000153
1787.34600000000155
1788.06300000000155
1788.15000000000155
1788.43100000000155
1788.60100000000155
1788.77700000000155
1789.67900000000155
1791.81700000000155
1792.46700000000155
1792.64200000000155
1792.78400000000155
1793.57100000000155
1794.21200000000155
1794.90000000000155
1795.04000000000155
1795.26100000000155
1795.39700000000155
1796.10500000000155
1796.76900000000155
1797.60100000000155
1798.02900000000156
1798.47800000000156
1798.58100000000156
1798.79000000000156
1799.02800000000156
1799.16500000000156
1799.43100000000156
1799.63100000000156
1799.94100000000156
1800.19500000000156
1800.37600000000156
1800.62200000000156
1800.84000000000156
1801.03100000000156
1801.22800000000156
1801.47400000000156
1801.66100000000156
1802.07300000000156
1802.26600000000156
1802.46200000000156
1803.34200000000156
1803.57500000000156
1804.71200000000156
1805.31600000000156
1805.83700000000156
1806.00000000000156
1806.18700000000156
1807.27500000000156
1807.47100000000156
1808.64100000000156
1808.97000000000156
1809.96300000000157
1810.17800000000157
1810.34600000000157
1810.53500000000157
1812.12200000000157
1812.62600000000157
1812.99500000000157
1813.18700000000157
1813.31400000000157
1813.48500000000157
1813.65800000000157
1813.82000000000157
1814.15900000000157
1814.47400000000157
1814.85800000000157
1815.05000000000157
1815.27300000000157
1815.47400000000157
1815.67700000000157
1815.87400000000157
1816.17100000000157
1816.39900000000157
1816.90800000000157
1817.54400000000157
1817.94200000000157
1818.33900000000157
1818.51800000000157
1818.96500000000157
1819.35600000000157
1819.57600000000157
1819.72400000000157
1819.91600000000157
1820.11500000000157
1821.21900000000158
1821.45700000000158
1821.62000000000158
1822.23900000000158
1824.09500000000158
1824.58500000000158
1836.84600000000159
1837.46100000000159
1839.82400000000159
1840.44600000000159
1840.64400000000159
1840.91000000000159
1841.10100000000159
1841.43900000000159
1841.58500000000159
1841.88500000000159
1842.21100000000159
1842.38600000000159
1842.54200000000159
1842.71700000000159
1842.9960000000016
1843.2050000000016
1843.5260000000016
1843.7090000000016
1843.8660000000016
1854.1340000000016
1858.52300000000161
1858.84600000000161
1859.84000000000161
1860.63800000000161
1861.73100000000161
1861.88900000000161
1862.01500000000161
1862.12900000000161
1862.50900000000161
1862.76900000000161
1863.27500000000161
1863.42100000000161
1863.55500000000161
1864.10200000000161
1864.31400000000161
1864.50900000000161
1864.79800000000161
1864.98100000000161
1865.18400000000161
1865.90600000000162
1866.09900000000162
1866.88200000000162
1868.66900000000162
1870.53100000000162
1870.74100000000162
1870.89500000000162
1871.24100000000162
1871.59100000000162
1872.14600000000162
1872.35900000000162
1872.83700000000162
1873.05900000000162
1873.26400000000162
1873.70300000000162
1873.92400000000162
1874.10500000000162
1874.30900000000162
1874.79500000000162
1875.02000000000162
1875.28900000000162
1875.65800000000162
1876.74000000000163
1877.48400000000163
1877.63900000000163
1877.83900000000163
1877.97700000000163
1878.22500000000163
1878.41400000000163
1878.56400000000163
1879.00400000000163
1879.46900000000163
1879.70300000000163
1882.52800000000163
1882.76500000000163
1883.17200000000163
1883.35900000000163
1883.82900000000163
1883.96700000000163
1884.61500000000163
1884.78700000000163
1885.85500000000163
1888.48900000000164
1888.68100000000164
1889.11300000000164
1889.28500000000164
1889.45300000000164
1889.72000000000164
1890.83400000000164
1890.97000000000164
1892.45900000000164
1894.80300000000164
1897.00400000000164
1897.54300000000164
1897.69900000000164
1897.86200000000164
1898.04500000000164
1898.19700000000164
1898.57400000000164
1898.93500000000164
1899.11400000000164
1899.29400000000165
1899.46600000000165
1903.65300000000165
1903.86300000000165
1904.03100000000165
1904.21600000000165
1904.41500000000165
1904.60900000000165
1904.82900000000165
1905.06000000000165
1905.26200000000165
1905.48200000000165
1905.86400000000165
1907.14500000000165
1907.67100000000165
1909.20400000000165
1909.79700000000165
1910.01100000000165
1910.20000000000165
1910.39600000000166
1910.64200000000166
1910.84700000000166
1911.05500000000166
1911.27400000000166
1911.47300000000166
1911.58400000000166
1911.75100000000166
1911.94900000000166
1912.13200000000166
1912.32000000000166
1912.52500000000166
2138.89099999999177
2139.60499999999169
2140.29099999999161
2141.97899999999143
2142.2419999999914
2142.40999999999138
2142.53499999999137
2142.67999999999135
2142.88699999999133
2144.20199999999118
2144.44099999999116
2144.54199999999114
2145.858999999991
2146.01799999999098
2146.24999999999096
2146.43499999999094
2146.60499999999092
2146.7599999999909
2146.91899999999088
2147.08199999999086
2147.25999999999085
2147.42199999999083
2147.6859999999908
2147.77699999999079
2148.69699999999069
2148.73299999999068
2148.84199999999067
2148.99499999999065
2150.03099999999054
2150.45599999999049
2150.62499999999047
2151.79399999999035
2151.92799999999033
2152.10199999999031
2152.31399999999029
2152.48599999999027
2152.65899999999025
2152.85799999999023
2153.01799999999021
2153.18499999999019
2153.36299999999017
2153.55499999999015
2153.72199999999013
2154.0309999999901
2155.49299999998994
2155.66899999998992
2156.04599999998988
2156.20099999998986
2156.61199999998982
2157.19999999998975
2157.33799999998974
2157.6859999999897
2157.88699999998968
2158.06099999998966
2158.24699999998964
2158.5319999999896
2158.81299999998957
2160.64699999998937
2160.99699999998933
2161.72099999998925
2162.01499999998922
2162.1939999999892
2162.35099999998918
2162.53999999998916
2162.69399999998915
2162.92199999998912
2163.47599999998906
2163.66599999998904
2163.82599999998902
2164.37099999998896
2164.54899999998894
2164.82499999998891
2166.50399999998873
2166.87099999998869
2167.10999999998866
2167.48499999998862
2167.6469999999886
2169.29099999998842
2169.61099999998838
2169.75099999998837
2170.01899999998834
2170.32399999998831
2170.50999999998828
2170.84399999998825
2171.05399999998822
2173.15199999998799
2173.36399999998797
2173.71499999998793
2173.87199999998791
2174.05499999998789
2174.16699999998788
2174.30999999998787
2174.69699999998782
2175.04699999998778
2175.17699999998777
2175.86999999998769
2176.03299999998768
2176.23799999998765
2176.45399999998763
2176.7239999999876
2176.93599999998758
2177.32299999998753
2177.83899999998748
2178.20599999998744
2178.5559999999874
2178.96299999998735
2179.17499999998733
2179.67599999998728
2179.85399999998726
2180.18599999998722
2180.47199999998719
2180.61199999998717
2180.78899999998715
2180.87299999998714
2181.08599999998712
2281.72699999997604
2285.01599999997567
2286.04899999997556
2287.25099999997543
2287.60699999997539
2287.99599999997535
2288.13499999997533
2288.23999999997532
2288.4039999999753
2288.55999999997528
2288.74699999997526
2289.04999999997523
2289.3019999999752
2289.62599999997517
2289.99599999997513
2291.125999999975
2295.07299999997457
2295.58599999997451
2295.71999999997449
2295.90599999997447
2296.21199999997444
2296.36499999997442
2296.53399999997441
2296.96999999997436
2297.13399999997434
2297.61099999997429
2297.88399999997426
2298.3799999999742
2298.50199999997419
2299.85299999997404
2300.13499999997401
2300.52399999997397
2301.46499999997386
2301.60199999997385
2301.78799999997383
2302.0399999999738
2302.20399999997378
2303.13099999997368
2303.34599999997366
2303.51899999997364
2303.72099999997361
2303.89799999997359
2304.33099999997355
2304.80399999997349
2304.97699999997348
2305.37599999997343
2305.52899999997341
2305.71699999997339
2305.99199999997336
2306.20099999997334
2306.39099999997332
2306.65999999997329
2306.84099999997327
2307.05599999997325
2307.19199999997323
2307.37999999997321
2307.69899999997318
2308.08799999997313
2308.27299999997311
2308.66999999997307
2308.85599999997305
2309.17699999997301
2310.84399999997283
2311.02199999997281
2311.41599999997277
2311.57699999997275
2311.78999999997272
2312.28599999997267
2312.50199999997265
2312.81499999997261
2314.11099999997247
2314.7259999999724
2314.94299999997238
2315.29899999997234
2315.43899999997232
2315.59599999997231
2315.91999999997227
2316.09799999997225
2316.31999999997223
2316.5459999999722
2316.69899999997218
2316.98899999997215
2317.35199999997211
2317.4329999999721
2317.57999999997209
2317.80199999997206
2318.15099999997202
2318.70799999997196
2318.92699999997194
2320.47499999997177
2320.77399999997174
2322.09899999997159
2322.42499999997155
2323.02899999997149
2323.21399999997147
2323.48299999997144
2323.70099999997141
2323.8519999999714
2324.02299999997138
2324.40099999997134
2324.64999999997131
2324.86799999997128
2325.08899999997126
2325.30599999997124
2325.48699999997122
2325.69699999997119
2325.90699999997117
2326.15399999997114
2326.41099999997111
2326.5309999999711
2326.71699999997108
2326.91199999997106
2327.12699999997104
2327.407999999971
2327.62299999997098
2327.88399999997095
2328.3149999999709
2331.46699999997056
2333.58699999997032
2378.89699999996533
2379.44699999996527
2379.73199999996524
2379.97499999996522
2380.0909999999652
2380.32199999996518
2382.17999999996497
2382.8179999999649
2382.99099999996488
2383.59499999996482
2383.88099999996479
2384.10999999996476
2384.23999999996475
2384.43499999996472
2384.6179999999647
2384.90499999996467
2385.08299999996465
2385.28699999996463
2385.5449999999646
2385.87499999996457
2386.19899999996453
2386.4339999999645
2386.70699999996447
2387.69599999996437
2388.2439999999643
2388.58899999996427
2389.14599999996421
2390.0719999999641
2391.82799999996391
2392.54499999996383
2393.00199999996378
2393.46199999996373
2393.65899999996371
2393.90499999996368
2394.72499999996359
2394.83499999996358
2395.15599999996354
2397.24099999996331
2398.11399999996322
2398.37699999996319
2401.50199999996284
2401.76799999996282
2401.9339999999628
2404.12799999996256
2404.54699999996251
2405.17399999996244
2406.07099999996234
2406.4249999999623
2406.57999999996229
2406.87399999996225
2407.21499999996222
2407.42899999996219
2407.70499999996216
2407.91499999996214
2408.01799999996213
2408.2349999999621
2408.57799999996207
2411.11799999996179
2411.30899999996176
2411.53299999996174
2411.70899999996172
2411.9009999999617
2412.10299999996168
2412.27299999996166
2412.45799999996164
2412.66299999996162
2413.41799999996153
2413.62799999996151
2413.80399999996149
2414.52199999996141
2414.69999999996139
2414.89799999996137
2415.10999999996135
2415.29799999996133
2420.0509999999608
2420.51399999996075
2420.68099999996073
2420.85999999996071
2421.12299999996068
2421.27199999996067
2421.39399999996065
2421.49499999996064
2422.36199999996055
2423.19799999996046
2423.41199999996043
2423.7119999999604
2424.55199999996031
2424.87299999996027
2425.13599999996024
2425.4779999999602
2425.74499999996017
2425.94099999996015
2426.17899999996013
2426.3779999999601
2426.68199999996007
2426.88099999996005
2427.10299999996002
2427.31599999996
2427.56199999995997
2427.79199999995995
2428.08499999995992
2428.2749999999599
2428.48899999995987
2428.84099999995983
2428.98699999995982
2429.93399999995971
2430.78099999995962
2430.9589999999596
2431.20599999995957
2431.38299999995955
2431.70299999995952
2432.21899999995946
2432.38299999995944
2432.7699999999594
2432.94399999995938
2434.51699999995921
2434.78199999995918
2434.94899999995916
2435.56099999995909
2435.69399999995908
2435.91699999995905
2537.1959999999479
2545.98199999994693
2550.66599999994642
2550.8019999999464
2551.04499999994637
2551.16699999994636
2551.33499999994634
2551.51299999994632
2551.66299999994631
2551.93499999994628
2552.16199999994625
2553.29899999994613
2553.44799999994611
2553.68999999994608
2554.26199999994602
2554.437999999946
2554.70999999994597
2555.01899999994594
2556.54399999994577
2557.57299999994566
2557.82799999994563
2558.02799999994561
2558.20199999994559
2558.56199999994555
2559.31199999994546
2560.51999999994533
2560.7649999999453
2560.93299999994529
2561.25599999994525
2561.48699999994522
2561.61499999994521
2561.79499999994519
2562.01999999994517
2562.14499999994515
2562.49499999994511
2562.91399999994507
2563.64899999994499
2565.27199999994481
2566.59099999994466
2566.72599999994465
2566.88499999994463
2567.33699999994458
2567.68499999994454
2567.85399999994452
2568.00899999994451
2568.13599999994449
2568.32499999994447
2568.49099999994445
2568.62499999994444
2568.83499999994442
2568.9669999999444
2569.09799999994439
2569.29799999994436
2569.49999999994434
2571.45099999994413
2571.6839999999441
2572.40899999994402
2572.54399999994401
2573.83199999994387
2574.3899999999438
2574.61099999994378
2574.87599999994375
2575.01199999994374
2575.18299999994372
2575.57299999994367
2575.69499999994366
2575.81999999994365
2576.02799999994362
2576.2739999999436
2576.48799999994357
2576.72299999994355
2576.92999999994352
2577.1069999999435
2577.46099999994347
2577.63999999994345
2577.87999999994342
2578.0739999999434
2578.71899999994333
2578.9289999999433
2579.20099999994327
2579.42199999994325
2579.59399999994323
2579.80499999994321
2579.99199999994319
2580.20799999994316
2580.93999999994308
2581.28399999994304
2583.85399999994276
2584.26899999994272
2584.60099999994268
2584.97599999994264
2585.20399999994261
2585.41999999994259
2585.78399999994255
2585.91199999994253
2586.00899999994252
2586.14099999994251
2586.35899999994249
2586.71499999994245
2587.40899999994237
2590.28299999994205
2590.95199999994198
2591.20099999994195
2591.42399999994193
2591.6509999999419
2591.82799999994188
2592.01799999994186
2592.35599999994183
2592.5489999999418
2592.97499999994176
2593.14699999994174
2593.36299999994171
2593.92699999994165
2595.41199999994149
2595.76699999994145
2596.81199999994133
2597.48799999994126
2597.71799999994123
2598.0009999999412
2598.30899999994117
2598.44599999994115
2598.61699999994114
2598.80299999994112
2598.9199999999411
2708.55499999992903
2712.80899999992856
2713.56999999992848
2714.41799999992838
2717.13699999992808
2718.00099999992799
2718.93099999992788
2719.26699999992785
2719.43099999992783
2719.63099999992781
2720.45899999992772
2722.4369999999275
2722.82999999992746
2723.10499999992743
2723.25299999992741
2723.56099999992737
2723.92299999992734
2724.05399999992732
2724.65399999992725
2724.83099999992724
2725.38499999992717
2725.83099999992712
2731.90699999992646
2732.4269999999264
2732.71699999992637
2732.90699999992635
2735.56299999992605
2740.47599999992551
2741.06599999992545
2741.71599999992538
2742.35399999992531
2742.47399999992529
2742.97799999992524
2743.15799999992522
2744.02599999992512
42
-1
0.99400000000000001
12.11000000000000024
26.1009999999999918
40.2839999999999941
60.1020000000000117
69.3180000000000199
80.4150000000000298
105.3450000000000519
116.8250000000000621
140.381000000000083
170.27500000000011
188.628000000000126
259.358000000000189
304.016000000000228
342.106000000000262
371.175000000000288
421.550000000000333
479.403000000000384
511.075000000000412
607.535000000000498
640.811000000000527
685.918000000000568
755.92300000000063
785.662000000000656
855.302000000000718
896.169000000000754
957.852000000000809
1093.87000000000093
1148.08700000000098
1293.03200000000111
1350.15900000000116
1409.45400000000121
1473.39600000000127
1583.18500000000136
1682.32200000000145
1773.82900000000153
1843.8670000000016
1912.52600000000166
2181.08699999998712
2331.46799999997056
2435.91799999995905
2598.9209999999411
0
0
5000
0
0
0
0
7200
0
0
0
0
0
43
0
4399.02199999974285
1800.00000000000156
1800
0
127
0
1
4
7
10
13
16
19
22
25
28
31
34
37
40
43
46
49
52
55
58
61
64
67
70
73
76
79
82
85
88
91
94
97
100
103
106
109
112
115
118
121
124
127
130
133
136
139
142
145
148
151
154
157
160
163
166
169
172
175
178
181
184
187
190
193
196
199
202
205
208
211
214
217
220
223
226
229
232
235
238
241
244
247
250
253
256
259
262
265
268
271
274
277
280
283
286
289
292
295
298
301
304
307
310
313
316
319
322
325
328
331
334
337
340
343
346
349
352
355
358
361
364
367
370
373
376
379
382
385
388
391
394
397
400
403
406
409
412
415
418
421
424
427
430
433
436
439
442
445
448
451
454
457
460
463
466
469
472
475
478
481
484
487
490
493
496
499
502
505
508
511
514
517
520
523
526
529
532
535
538
541
544
547
550
