12
11
19
12
11
19
cPPR1.12
PR3_day2.3
0
2
10
27
24
11
25
47
23
3
.3
1
280
1
14
1
1
1
1
1
1
1
1
1
1
1
1
1
1
1
1
1
1
1
1
1
184
279
-1
10.48900000000000021
10.64700000000000021
11.69100000000000023
38.1989999999999923
39.6479999999999936
39.7149999999999936
41.5619999999999953
42.0159999999999957
42.6779999999999963
60.1080000000000117
60.6110000000000122
61.3460000000000128
61.8740000000000133
61.9630000000000134
63.6620000000000149
65.3150000000000164
65.7720000000000168
66.075000000000017
74.8650000000000248
75.2840000000000252
76.0700000000000259
79.1670000000000287
79.7680000000000292
80.1490000000000295
81.3230000000000306
82.2810000000000314
92.9810000000000409
93.5390000000000414
98.3980000000000458
98.699000000000046
98.9100000000000462
101.7260000000000487
102.071000000000049
105.3620000000000519
105.8550000000000524
106.7030000000000531
106.9870000000000534
108.1030000000000544
109.1270000000000553
109.8700000000000559
110.4910000000000565
110.7020000000000567
131.341000000000075
132.181000000000076
133.726000000000077
133.948000000000077
135.286000000000079
135.935000000000079
136.75100000000008
137.32800000000008
137.705000000000081
139.645000000000082
140.062000000000083
140.677000000000083
141.170000000000084
141.817000000000084
143.154000000000086
144.759000000000087
144.943000000000087
153.211000000000094
153.447000000000095
153.783000000000095
155.821000000000097
174.002000000000113
174.131000000000113
174.978000000000114
175.391000000000114
175.520000000000114
176.358000000000115
177.259000000000116
178.341000000000117
179.225000000000118
180.150000000000118
182.50800000000012
183.519000000000121
184.513000000000122
185.176000000000123
185.466000000000123
191.680000000000129
228.530000000000161
229.690000000000162
230.443000000000163
230.862000000000163
231.268000000000164
232.229000000000165
233.724000000000166
234.818000000000167
237.334000000000169
237.89300000000017
238.875000000000171
239.913000000000171
284.663000000000211
285.577000000000212
286.154000000000212
286.687000000000213
288.708000000000215
289.181000000000215
290.857000000000217
292.366000000000218
293.167000000000219
303.845000000000228
359.396000000000278
361.338000000000279
361.90700000000028
362.888000000000281
363.557000000000281
363.901000000000282
365.282000000000283
366.441000000000284
368.935000000000286
369.305000000000286
370.791000000000288
371.682000000000288
372.350000000000289
372.95500000000029
374.020000000000291
377.818000000000294
379.035000000000295
380.716000000000296
381.031000000000297
382.100000000000298
382.794000000000298
383.908000000000299
386.246000000000301
387.954000000000303
401.794000000000315
403.559000000000317
405.116000000000318
406.95500000000032
407.65600000000032
408.688000000000321
412.860000000000325
413.444000000000326
413.615000000000326
414.448000000000326
415.743000000000328
416.432000000000328
417.062000000000329
420.655000000000332
421.837000000000333
422.317000000000333
423.804000000000335
429.11800000000034
430.00400000000034
431.692000000000342
433.712000000000344
433.979000000000344
434.812000000000345
435.702000000000345
436.587000000000346
437.139000000000347
438.517000000000348
440.58200000000035
448.541000000000357
454.934000000000362
455.231000000000363
457.420000000000365
458.581000000000366
459.110000000000366
459.832000000000367
460.945000000000368
461.374000000000368
461.947000000000369
463.62400000000037
464.150000000000371
465.275000000000372
471.857000000000377
472.391000000000378
473.184000000000379
473.663000000000379
473.901000000000379
474.94900000000038
477.490000000000382
478.168000000000383
479.497000000000384
479.699000000000384
480.416000000000385
482.126000000000387
482.788000000000387
483.433000000000388
483.894000000000388
488.280000000000392
489.030000000000393
490.540000000000394
512.898000000000414
515.108000000000416
517.274000000000418
517.686000000000418
518.305000000000419
518.671000000000419
519.31900000000042
519.99500000000042
527.017000000000426
529.489000000000429
531.06300000000043
532.894000000000432
533.990000000000433
535.320000000000434
537.316000000000436
545.509000000000443
546.058000000000443
547.209000000000444
549.979000000000447
551.123000000000448
553.76400000000045
554.631000000000451
554.905000000000451
555.011000000000451
556.898000000000453
562.393000000000458
562.989000000000458
567.865000000000463
568.656000000000463
571.941000000000466
572.489000000000467
577.612000000000471
581.363000000000475
584.935000000000478
645.306000000000531
646.926000000000533
650.586000000000536
651.587000000000537
652.706000000000538
653.301000000000539
653.963000000000539
654.35700000000054
681.320000000000563
759.740000000000633
762.070000000000635
762.540000000000636
763.183000000000636
763.654000000000637
772.336000000000644
772.987000000000645
774.883000000000646
775.347000000000647
776.022000000000648
778.144000000000649
778.70300000000065
779.967000000000651
786.059000000000656
786.267000000000657
786.716000000000657
787.085000000000657
789.218000000000659
1088.70200000000093
1089.34300000000093
1091.56400000000093
1092.45800000000093
1093.28800000000093
1095.83700000000093
1098.00800000000093
1102.86700000000094
1584.46300000000137
1585.63400000000137
1585.81100000000137
1586.05400000000137
1599.76200000000138
1606.43400000000138
1614.38300000000139
1616.21000000000139
1618.2050000000014
1858.61300000000161
1864.05300000000161
1865.06300000000161
1866.52400000000162
1882.14100000000163
1883.09200000000163
1884.74700000000163
2160.26899999998941
2164.9439999999889
2165.66699999998882
2967.39899999990052
2970.88999999990014
2972.93899999989991
2984.55699999989863
3190.42399999987596
3192.29099999987575
3385.65999999985446
13
-1
10.49000000000000021
41.5629999999999953
65.3160000000000164
93.5400000000000414
110.7030000000000567
144.760000000000087
185.467000000000123
293.168000000000219
387.955000000000303
440.58300000000035
490.541000000000394
584.936000000000478
1585.63500000000137
0
0
5000
0
0
0
0
7200
0
0
0
0
0
14
0
3385.73599999985445
1800.00000000000156
1800
0
40
0
1
4
7
10
13
16
19
22
25
28
31
34
37
40
43
46
49
52
55
58
61
64
67
70
73
76
79
82
85
88
91
94
97
100
103
106
109
112
115
118
121
124
127
130
133
136
139
142
145
148
151
154
157
160
163
166
169
172
175
178
181
184
187
190
193
196
199
202
205
208
211
214
217
220
223
226
229
232
235
238
241
244
247
250
253
256
259
262
265
268
271
274
277
280
283
286
289
292
295
298
301
304
307
310
313
316
319
322
325
328
331
334
337
340
343
346
349
352
355
358
361
364
367
370
373
376
379
382
385
388
391
394
397
400
403
406
409
412
415
418
421
424
427
430
433
436
439
442
445
448
451
454
457
460
463
466
469
472
475
478
481
484
487
490
493
496
499
502
505
508
511
514
517
520
523
526
529
532
535
538
541
544
547
550
