12
10
19
12
10
19
cPPR1.15
PR3_day2.2
0
1
12
32
59
13
52
05
23
3
.3
1
948
1
26
1
1
1
1
1
1
1
1
1
1
1
1
1
1
1
1
1
1
1
1
1
184
947
-1
8.53800000000000016
15.88500000000000032
16.1310000000000002
16.4449999999999999
16.7119999999999997
18.8669999999999979
38.2869999999999924
38.4619999999999925
39.8219999999999937
40.0249999999999939
40.190999999999994
40.2949999999999941
40.5059999999999943
44.2739999999999977
44.582999999999998
45.1279999999999984
45.2759999999999986
45.4969999999999988
46.2969999999999995
46.5599999999999997
46.7139999999999998
46.8049999999999999
47.2430000000000003
48.1760000000000011
48.3670000000000013
48.5730000000000015
48.7300000000000016
48.9710000000000018
61.7200000000000132
62.0580000000000135
62.3040000000000137
62.4580000000000138
63.2520000000000145
63.6210000000000149
63.787000000000015
64.0500000000000152
64.2150000000000154
64.3520000000000155
64.4670000000000156
64.6030000000000157
64.885000000000016
65.0950000000000162
83.8070000000000328
83.9630000000000329
84.7740000000000336
84.8540000000000337
85.0040000000000339
85.156000000000034
86.1050000000000348
86.251000000000035
86.4000000000000351
86.5630000000000352
88.0140000000000365
88.1960000000000367
88.3270000000000368
88.492000000000037
88.7080000000000371
88.8790000000000373
91.5640000000000397
100.5190000000000476
100.7590000000000478
100.992000000000048
101.6430000000000486
102.2430000000000492
102.4110000000000493
102.5820000000000495
102.9690000000000498
103.0970000000000499
103.5200000000000503
103.9850000000000507
104.1290000000000508
105.0670000000000517
105.5710000000000521
105.7270000000000523
105.8650000000000524
106.1260000000000526
106.2830000000000528
106.4320000000000529
138.778000000000082
138.952000000000082
139.074000000000082
140.033000000000083
141.583000000000084
141.696000000000084
141.853000000000084
143.078000000000085
143.290000000000086
143.458000000000086
143.618000000000086
143.933000000000086
144.066000000000086
144.227000000000086
144.439000000000087
144.607000000000087
144.784000000000087
144.886000000000087
145.024000000000087
146.396000000000088
146.569000000000089
146.755000000000089
156.267000000000097
156.660000000000098
157.149000000000098
158.043000000000099
159.1260000000001
159.6320000000001
159.9320000000001
160.084000000000101
160.371000000000101
160.559000000000101
161.220000000000102
161.645000000000102
162.094000000000102
162.363000000000103
162.445000000000103
162.596000000000103
162.743000000000103
162.915000000000103
163.043000000000103
163.149000000000103
163.347000000000103
163.565000000000104
164.228000000000104
165.095000000000105
165.274000000000105
169.596000000000109
170.72600000000011
170.90200000000011
171.541000000000111
172.461000000000112
172.556000000000112
173.085000000000112
173.303000000000112
173.530000000000112
173.697000000000113
173.983000000000113
174.477000000000113
174.815000000000114
175.086000000000114
175.548000000000114
175.593000000000114
175.720000000000114
175.863000000000115
176.013000000000115
176.165000000000115
176.349000000000115
176.993000000000116
177.240000000000116
177.634000000000116
177.802000000000116
178.049000000000116
178.191000000000117
178.335000000000117
178.499000000000117
178.605000000000117
178.739000000000117
178.958000000000117
179.151000000000117
179.284000000000118
179.669000000000118
184.835000000000123
187.834000000000125
188.764000000000126
189.079000000000126
190.023000000000127
190.428000000000127
190.710000000000128
190.831000000000128
191.297000000000128
191.443000000000128
191.614000000000129
191.792000000000129
191.929000000000129
192.360000000000129
192.70900000000013
193.34000000000013
195.438000000000132
196.628000000000133
197.156000000000133
197.782000000000134
198.003000000000134
198.119000000000134
198.272000000000134
198.423000000000135
198.737000000000135
199.031000000000135
199.291000000000135
199.847000000000136
200.336000000000136
200.494000000000136
200.668000000000137
228.425000000000161
228.630000000000161
228.746000000000162
228.885000000000162
229.048000000000162
242.782000000000174
276.777000000000204
278.328000000000206
278.612000000000206
278.869000000000206
279.991000000000207
280.118000000000207
280.271000000000207
280.412000000000207
280.541000000000208
280.741000000000208
280.916000000000208
281.192000000000208
281.316000000000208
281.518000000000208
281.687000000000209
281.892000000000209
282.070000000000209
282.331000000000209
282.462000000000209
282.77400000000021
283.37800000000021
283.57000000000021
283.72300000000021
284.053000000000211
284.300000000000211
284.491000000000211
285.991000000000212
286.176000000000213
286.340000000000213
311.229000000000235
314.155000000000237
314.747000000000238
315.254000000000238
315.851000000000239
316.78800000000024
317.974000000000241
318.841000000000242
318.969000000000242
319.147000000000242
319.272000000000242
319.410000000000242
319.568000000000242
319.841000000000242
320.215000000000243
320.367000000000243
320.658000000000243
321.863000000000244
322.046000000000244
322.172000000000244
322.534000000000245
322.664000000000245
322.842000000000245
323.592000000000246
324.164000000000246
325.442000000000247
325.570000000000248
325.696000000000248
326.005000000000248
326.162000000000248
326.280000000000248
326.393000000000248
326.545000000000248
326.798000000000249
326.968000000000249
328.02400000000025
328.68600000000025
328.77500000000025
336.042000000000257
336.248000000000257
336.420000000000257
336.556000000000257
336.968000000000258
337.085000000000258
337.271000000000258
337.480000000000258
338.460000000000259
339.25800000000026
339.46000000000026
339.60000000000026
339.75300000000026
339.91700000000026
340.00600000000026
340.11900000000026
340.383000000000261
340.735000000000261
341.669000000000262
342.996000000000263
343.321000000000263
343.511000000000263
343.682000000000264
343.884000000000264
344.944000000000265
345.075000000000265
345.210000000000265
345.350000000000265
345.537000000000265
345.678000000000265
345.918000000000266
346.117000000000266
347.621000000000267
347.748000000000267
347.908000000000267
348.357000000000268
348.651000000000268
349.056000000000268
349.225000000000269
349.400000000000269
424.001000000000335
426.960000000000338
427.779000000000338
428.037000000000339
428.334000000000339
428.950000000000339
429.20300000000034
429.40000000000034
430.829000000000341
432.114000000000342
469.683000000000376
470.429000000000376
472.068000000000378
473.350000000000379
473.523000000000379
476.798000000000382
477.492000000000382
478.337000000000383
478.491000000000383
478.836000000000384
479.741000000000384
480.341000000000385
481.357000000000386
481.509000000000386
482.194000000000387
482.392000000000387
482.683000000000387
482.952000000000387
483.135000000000387
483.989000000000388
484.989000000000389
485.93400000000039
486.23300000000039
486.36300000000039
486.49300000000039
486.620000000000391
486.780000000000391
487.142000000000391
487.255000000000391
487.355000000000391
487.536000000000391
487.717000000000392
488.985000000000393
497.0540000000004
498.145000000000401
499.449000000000402
500.011000000000402
500.161000000000403
500.306000000000403
500.597000000000403
500.955000000000403
502.508000000000405
503.096000000000405
503.901000000000406
504.503000000000406
504.662000000000407
504.784000000000407
504.883000000000407
505.068000000000407
505.217000000000407
505.298000000000407
505.470000000000407
505.647000000000407
505.808000000000408
506.242000000000408
506.633000000000408
506.866000000000409
507.406000000000409
508.18200000000041
508.25600000000041
508.38600000000041
509.240000000000411
510.145000000000411
510.324000000000412
510.651000000000412
511.011000000000412
511.185000000000412
511.446000000000413
511.721000000000413
511.840000000000413
512.130000000000413
512.389000000000413
512.574000000000414
512.736000000000414
512.923000000000414
513.186000000000414
513.367000000000414
513.609000000000414
513.800000000000415
522.097000000000422
522.922000000000423
523.246000000000423
523.377000000000423
523.677000000000423
523.867000000000424
524.279000000000424
524.650000000000424
524.824000000000424
525.028000000000425
525.179000000000425
525.368000000000425
525.678000000000425
525.887000000000425
526.307000000000426
526.534000000000426
527.268000000000427
527.572000000000427
527.869000000000427
528.128000000000427
528.338000000000428
528.667000000000428
528.923000000000428
529.394000000000428
529.532000000000429
529.650000000000429
529.761000000000429
529.973000000000429
530.70100000000043
531.908000000000431
532.042000000000431
532.193000000000431
532.370000000000431
532.519000000000431
532.667000000000431
532.876000000000432
533.093000000000432
533.331000000000432
533.546000000000432
533.848000000000432
534.054000000000433
535.073000000000434
535.223000000000434
535.400000000000434
535.563000000000434
535.741000000000434
535.929000000000434
536.182000000000435
536.388000000000435
625.600000000000514
707.357000000000587
708.231000000000587
708.494000000000588
708.654000000000588
708.945000000000588
709.110000000000588
709.325000000000588
710.73700000000059
711.67700000000059
712.020000000000591
712.166000000000591
712.354000000000591
712.490000000000591
712.640000000000591
714.044000000000592
714.860000000000593
723.920000000000601
725.069000000000602
726.280000000000603
726.394000000000604
727.496000000000604
728.431000000000605
729.601000000000606
729.763000000000606
729.902000000000607
730.418000000000607
730.762000000000607
732.670000000000609
733.36900000000061
733.68700000000061
733.95200000000061
734.11200000000061
734.458000000000611
734.641000000000611
734.789000000000611
734.994000000000611
735.155000000000611
735.392000000000611
735.538000000000612
736.265000000000612
736.460000000000612
736.611000000000613
738.381000000000614
738.603000000000614
739.394000000000615
739.544000000000615
739.772000000000615
739.900000000000616
740.081000000000616
740.309000000000616
740.479000000000616
752.211000000000626
754.183000000000628
754.335000000000628
754.638000000000629
754.964000000000629
755.210000000000629
755.461000000000629
755.70100000000063
755.94200000000063
756.22800000000063
756.45500000000063
756.60900000000063
756.81300000000063
756.951000000000631
757.599000000000631
759.000000000000632
759.606000000000633
759.863000000000633
760.051000000000633
760.476000000000634
760.784000000000634
760.934000000000634
761.795000000000635
762.264000000000635
762.696000000000636
763.691000000000637
764.038000000000637
764.797000000000638
765.029000000000638
765.247000000000638
765.736000000000638
766.013000000000639
766.179000000000639
766.368000000000639
766.544000000000639
766.757000000000639
766.97800000000064
767.18500000000064
767.66200000000064
767.79400000000064
769.795000000000642
769.914000000000642
770.237000000000642
770.597000000000643
770.765000000000643
770.968000000000643
771.077000000000643
771.183000000000643
771.368000000000643
771.562000000000644
771.760000000000644
771.895000000000644
772.192000000000644
772.411000000000644
772.625000000000645
786.736000000000657
788.417000000000659
788.757000000000659
788.910000000000659
789.071000000000659
789.176000000000659
789.341000000000659
789.70400000000066
790.35700000000066
790.766000000000661
792.253000000000662
792.352000000000662
792.491000000000662
792.693000000000662
792.868000000000662
793.051000000000663
793.185000000000663
793.290000000000663
793.428000000000663
793.650000000000663
793.873000000000663
794.222000000000664
795.725000000000665
796.122000000000665
796.271000000000666
796.436000000000666
796.618000000000666
796.782000000000666
796.963000000000666
797.119000000000666
797.369000000000666
797.812000000000667
798.148000000000667
798.367000000000667
798.550000000000668
798.738000000000668
798.926000000000668
799.122000000000668
799.316000000000668
799.816000000000669
801.40000000000067
801.66600000000067
802.163000000000671
802.411000000000671
803.972000000000672
804.131000000000672
804.580000000000673
804.841000000000673
805.048000000000673
805.315000000000674
805.493000000000674
805.695000000000674
805.892000000000674
807.061000000000675
807.226000000000675
807.543000000000676
807.741000000000676
808.076000000000676
808.332000000000676
824.384000000000691
824.991000000000691
826.902000000000693
830.698000000000696
831.650000000000697
831.799000000000697
832.913000000000698
834.6530000000007
834.9950000000007
835.3190000000007
835.5860000000007
835.744000000000701
836.020000000000701
836.222000000000701
836.524000000000701
836.875000000000702
837.114000000000702
837.285000000000702
838.177000000000703
838.318000000000703
838.616000000000703
838.833000000000703
838.992000000000704
839.286000000000704
839.653000000000704
839.836000000000704
840.017000000000704
840.218000000000705
840.414000000000705
840.663000000000705
840.887000000000705
841.507000000000706
842.511000000000707
842.646000000000707
842.906000000000707
843.118000000000707
843.899000000000708
843.998000000000708
844.414000000000708
845.517000000000709
846.33700000000071
847.405000000000711
848.967000000000712
849.150000000000712
849.281000000000713
849.535000000000713
849.667000000000713
849.849000000000713
849.965000000000713
850.114000000000713
850.358000000000714
850.790000000000714
850.985000000000714
851.175000000000714
851.388000000000714
851.670000000000715
851.877000000000715
852.068000000000715
852.269000000000715
852.486000000000716
853.018000000000716
903.408000000000761
903.724000000000761
904.966000000000762
905.576000000000763
906.898000000000764
907.071000000000764
910.301000000000767
911.657000000000768
912.223000000000768
912.473000000000769
913.84200000000077
915.477000000000771
915.985000000000772
916.502000000000772
917.325000000000773
917.462000000000773
917.582000000000773
917.924000000000774
918.082000000000774
918.465000000000774
919.319000000000775
919.850000000000775
920.462000000000776
921.180000000000776
921.307000000000777
921.552000000000777
921.735000000000777
921.961000000000777
922.111000000000777
922.291000000000777
922.455000000000778
922.738000000000778
922.928000000000778
923.131000000000778
928.378000000000783
928.654000000000783
928.948000000000783
929.671000000000784
930.765000000000785
930.866000000000785
931.210000000000785
931.341000000000786
931.523000000000786
931.691000000000786
932.262000000000786
932.850000000000787
933.356000000000787
933.543000000000787
933.723000000000788
933.903000000000788
934.032000000000788
934.177000000000788
934.370000000000788
934.655000000000788
934.994000000000789
935.183000000000789
935.415000000000789
935.710000000000789
936.13000000000079
936.54200000000079
936.75100000000079
936.94800000000079
937.148000000000791
937.612000000000791
1148.72000000000098
1150.27800000000098
1152.26700000000098
1152.95000000000098
1153.55100000000098
1155.31300000000098
1156.04700000000099
1156.35900000000099
1156.54200000000099
1157.53200000000099
1166.58300000000099
1169.218000000001
1169.450000000001
1170.063000000001
1170.718000000001
1170.923000000001
1171.204000000001
1171.417000000001
1172.925000000001
1173.324000000001
1175.689000000001
1176.606000000001
1176.824000000001
1177.128000000001
1177.247000000001
1177.393000000001
1177.519000000001
1177.912000000001
1178.078000000001
1178.237000000001
1178.62700000000101
1179.08400000000101
1179.46900000000101
1179.72000000000101
1179.94500000000101
1180.09800000000101
1180.46000000000101
1181.29800000000101
1181.41600000000101
1181.58200000000101
1181.73000000000101
1181.92100000000101
1182.09300000000101
1182.35400000000101
1182.52200000000101
1182.73500000000101
1182.91500000000101
1184.28000000000101
1186.01600000000101
1186.34800000000101
1186.48900000000101
1186.65100000000101
1186.83300000000101
1186.98500000000101
1187.20700000000101
1187.40800000000101
1187.69700000000101
1187.80700000000101
1188.45900000000101
1188.59800000000101
1188.75800000000101
1188.92200000000101
1189.08600000000101
1189.27000000000101
1189.38400000000101
1189.51900000000101
1189.64800000000101
1262.46800000000108
1264.71900000000108
1264.99400000000108
1266.43800000000108
1268.29700000000108
1270.37100000000109
1270.88200000000109
1271.02500000000109
1271.84900000000109
1273.06500000000109
1273.84300000000109
1274.05200000000109
1274.21400000000109
1274.46700000000109
1274.69100000000109
1275.03000000000109
1276.01500000000109
1276.31600000000109
1276.58700000000109
1276.71400000000109
1276.85800000000109
1277.04700000000109
1277.46000000000109
1277.70700000000109
1277.88000000000109
1278.05800000000109
1278.30700000000109
1278.59300000000109
1279.39600000000109
1279.57800000000109
1279.79000000000109
1279.9580000000011
1280.1370000000011
1280.3630000000011
1280.5380000000011
1280.7300000000011
1280.9060000000011
1281.9850000000011
1282.1280000000011
1282.2800000000011
1282.4800000000011
1284.5380000000011
1284.6870000000011
1285.0240000000011
1285.2310000000011
1285.4200000000011
1285.6360000000011
1285.8280000000011
1286.0170000000011
1286.1340000000011
1286.4160000000011
1286.6060000000011
1286.8520000000011
1286.9980000000011
1287.1990000000011
1287.8320000000011
1288.6530000000011
1288.7890000000011
1289.6950000000011
1290.8410000000011
1291.0860000000011
1291.22400000000111
1291.40200000000111
1291.60700000000111
1291.73700000000111
1291.98400000000111
1292.16900000000111
1292.42600000000111
1292.59900000000111
1292.83100000000111
2815.84999999991721
2818.13499999991696
2822.36199999991649
2825.57199999991614
2827.7429999999159
2828.35399999991583
2828.77399999991579
2831.74699999991546
2831.96399999991544
2832.2689999999154
2834.04799999991521
2834.41499999991517
2834.75299999991513
2835.0489999999151
2835.36399999991506
2835.65399999991503
2835.878999999915
2836.02099999991499
2837.49799999991483
2837.7599999999148
2837.93499999991478
2838.32899999991474
2838.71799999991469
2839.04299999991466
2839.75299999991458
2840.01799999991455
2840.21299999991453
2841.06699999991443
2841.54699999991438
2841.77499999991436
2842.11599999991432
2842.51399999991427
2842.84599999991424
2844.15299999991409
2844.28899999991408
2844.49299999991406
2844.75799999991403
2844.95099999991401
2845.07899999991399
2845.21499999991398
2845.42499999991395
2846.02599999991389
2846.32899999991385
2846.8229999999138
2849.04799999991355
2849.45099999991351
2849.84899999991347
2851.03699999991334
2851.41299999991329
2851.68399999991326
2852.10999999991322
2852.3059999999132
2852.58699999991316
2852.78199999991314
2853.08299999991311
2853.38899999991308
2853.64099999991305
2853.95799999991301
2854.18999999991299
2854.43899999991296
2854.78199999991292
2855.0079999999129
2855.37199999991286
2857.7459999999126
2858.97399999991246
2859.27999999991243
2859.46599999991241
2859.79999999991237
2859.97699999991235
2860.15599999991233
2864.01999999991191
2864.13999999991189
2865.32399999991176
2927.02499999990497
2928.67199999990479
2931.86799999990443
2932.27599999990439
25
-1
8.53900000000000016
16.7129999999999997
40.5069999999999943
48.9720000000000018
64.886000000000016
88.8800000000000373
106.4330000000000529
146.756000000000089
165.275000000000105
178.500000000000117
200.669000000000137
286.177000000000213
328.68700000000025
349.401000000000269
488.986000000000393
513.801000000000415
536.389000000000435
740.480000000000616
772.626000000000645
808.077000000000676
853.019000000000716
937.613000000000791
1189.64900000000101
1292.83200000000111
2865.32499999991176
0
0
5000
0
0
0
0
7200
0
0
0
0
0
26
0
4665.42599999971351
1800.00000000000156
1800
0
76
0
1
4
7
10
13
16
19
22
25
28
31
34
37
40
43
46
49
52
55
58
61
64
67
70
73
76
79
82
85
88
91
94
97
100
103
106
109
112
115
118
121
124
127
130
133
136
139
142
145
148
151
154
157
160
163
166
169
172
175
178
181
184
187
190
193
196
199
202
205
208
211
214
217
220
223
226
229
232
235
238
241
244
247
250
253
256
259
262
265
268
271
274
277
280
283
286
289
292
295
298
301
304
307
310
313
316
319
322
325
328
331
334
337
340
343
346
349
352
355
358
361
364
367
370
373
376
379
382
385
388
391
394
397
400
403
406
409
412
415
418
421
424
427
430
433
436
439
442
445
448
451
454
457
460
463
466
469
472
475
478
481
484
487
490
493
496
499
502
505
508
511
514
517
520
523
526
529
532
535
538
541
544
547
550
