11
13
19
11
13
19
cPPR1.15
FR2_day3
0
1
11
33
39
12
20
24
24
2
.3
1
352
1
90
1
1
1
1
1
1
1
1
1
1
1
1
1
1
1
1
1
1
1
1
1
1
351
-1
5.96800000000000011
20.8619999999999962
24.9739999999999927
25.3769999999999924
25.8969999999999919
26.4599999999999915
26.962999999999991
27.9869999999999902
31.0329999999999876
46.3759999999999995
47.1570000000000002
49.2950000000000021
49.8560000000000026
51.9670000000000045
52.5840000000000051
53.7870000000000061
56.0350000000000081
57.021000000000009
57.3600000000000093
64.9950000000000161
65.4280000000000165
67.8470000000000186
67.9990000000000188
68.295000000000019
69.2710000000000199
69.8170000000000204
70.7200000000000212
70.8080000000000212
74.9360000000000249
75.2780000000000252
75.8550000000000257
76.5590000000000264
77.293000000000027
77.6290000000000273
90.6460000000000389
92.1330000000000402
95.2310000000000429
96.9170000000000444
97.1960000000000447
97.7370000000000452
98.3290000000000457
102.052000000000049
102.3390000000000492
102.7700000000000496
103.3650000000000502
104.0270000000000508
105.0500000000000516
125.4520000000000698
126.0810000000000703
129.771000000000074
130.388000000000074
131.091000000000075
134.058000000000077
134.885000000000078
137.52800000000008
137.969000000000081
138.405000000000081
138.931000000000082
139.829000000000083
140.768000000000083
141.522000000000084
144.865000000000087
145.321000000000087
145.687000000000088
146.441000000000088
146.819000000000089
147.71400000000009
151.994000000000093
152.552000000000094
153.400000000000095
154.454000000000096
156.443000000000097
156.852000000000098
158.788000000000099
159.1520000000001
160.126000000000101
160.506000000000101
165.454000000000105
165.918000000000106
167.621000000000107
170.31100000000011
170.58500000000011
170.92000000000011
171.942000000000111
172.940000000000112
175.955000000000115
176.958000000000116
189.994000000000127
190.197000000000127
194.204000000000131
194.590000000000131
195.169000000000132
195.783000000000132
197.206000000000134
200.128000000000136
215.96800000000015
216.15600000000015
218.883000000000153
219.338000000000153
220.883000000000155
221.628000000000155
221.985000000000156
225.110000000000158
225.590000000000159
225.965000000000159
226.99200000000016
228.152000000000161
229.270000000000162
232.576000000000165
232.847000000000165
233.107000000000165
233.520000000000166
234.329000000000166
235.254000000000167
237.81700000000017
251.426000000000182
251.884000000000182
254.077000000000184
254.305000000000184
254.827000000000185
255.181000000000185
255.646000000000185
256.350000000000186
256.880000000000186
257.154000000000187
257.366000000000187
259.198000000000189
259.896000000000189
260.168000000000189
260.63000000000019
260.82400000000019
262.748000000000192
263.232000000000192
263.369000000000192
263.701000000000193
268.189000000000197
269.168000000000197
272.1000000000002
272.2090000000002
275.102000000000203
275.570000000000203
276.488000000000204
278.698000000000206
279.824000000000207
296.325000000000222
296.585000000000222
299.255000000000224
299.560000000000224
299.816000000000225
300.154000000000225
300.954000000000226
302.366000000000227
303.327000000000228
306.00300000000023
306.36300000000023
307.244000000000231
309.074000000000233
310.115000000000234
312.471000000000236
313.566000000000237
315.297000000000238
316.348000000000239
316.99600000000024
319.864000000000242
320.747000000000243
321.179000000000244
321.497000000000244
323.017000000000245
323.796000000000246
325.911000000000248
326.580000000000248
328.09300000000025
328.67400000000025
329.653000000000251
331.261000000000253
333.572000000000255
335.495000000000256
336.988000000000258
338.630000000000259
346.010000000000266
347.206000000000267
350.61500000000027
351.08300000000027
352.374000000000271
353.000000000000272
353.945000000000273
357.126000000000276
357.619000000000276
359.127000000000277
359.998000000000278
360.939000000000279
361.200000000000279
363.092000000000281
363.419000000000281
364.707000000000282
365.235000000000283
366.557000000000284
367.067000000000284
376.337000000000293
377.993000000000294
378.139000000000294
380.807000000000297
382.580000000000298
382.740000000000298
384.040000000000299
385.1250000000003
387.874000000000303
415.873000000000328
416.205000000000328
422.872000000000334
424.012000000000335
428.155000000000339
428.697000000000339
429.58200000000034
432.057000000000342
435.290000000000345
435.889000000000346
436.233000000000346
436.762000000000346
436.913000000000346
437.478000000000347
438.457000000000348
452.18800000000036
453.031000000000361
458.673000000000366
459.030000000000366
465.861000000000372
466.246000000000372
471.034000000000377
472.056000000000378
473.254000000000379
477.266000000000382
477.460000000000382
477.758000000000383
478.009000000000383
478.403000000000383
479.657000000000384
480.287000000000385
483.630000000000388
484.887000000000389
485.66700000000039
486.817000000000391
491.622000000000395
491.866000000000395
492.618000000000396
494.015000000000397
513.484000000000414
515.326000000000416
520.798000000000421
521.166000000000421
525.507000000000425
526.383000000000426
526.826000000000426
531.04100000000043
531.26100000000043
531.54800000000043
532.093000000000431
532.737000000000431
533.595000000000432
536.355000000000435
537.665000000000436
538.160000000000436
539.299000000000437
546.457000000000444
546.888000000000444
547.062000000000444
551.203000000000448
551.415000000000448
551.856000000000448
552.646000000000449
554.02500000000045
559.056000000000455
559.351000000000455
559.559000000000455
563.897000000000459
565.08500000000046
565.619000000000461
572.330000000000467
573.338000000000468
580.998000000000474
581.990000000000475
585.776000000000479
588.089000000000481
590.193000000000482
610.0580000000005
610.750000000000501
616.540000000000506
617.034000000000506
623.629000000000512
624.020000000000513
628.122000000000516
628.491000000000516
629.723000000000518
629.968000000000518
633.380000000000521
633.867000000000521
634.327000000000522
634.831000000000522
635.484000000000523
635.729000000000523
639.703000000000526
640.554000000000527
640.839000000000528
641.579000000000528
642.576000000000529
696.919000000000577
698.101000000000578
759.574000000000633
759.922000000000633
775.053000000000647
775.569000000000647
780.655000000000652
781.722000000000653
782.903000000000654
788.828000000000659
789.097000000000659
794.486000000000664
794.665000000000664
801.62100000000067
802.967000000000672
809.017000000000677
809.402000000000677
813.776000000000681
814.193000000000681
814.905000000000682
815.762000000000683
815.993000000000683
822.234000000000689
822.917000000000689
827.251000000000693
828.349000000000694
828.717000000000694
835.4230000000007
837.089000000000702
837.459000000000702
840.005000000000704
841.008000000000705
841.324000000000706
843.932000000000708
844.373000000000708
853.352000000000716
854.290000000000717
860.871000000000723
861.043000000000723
901.945000000000759
922.417000000000778
959.992000000000811
960.422000000000811
970.05500000000082
1022.550000000000866
1427.97000000000123
89
-1
20.8619999999999962
26.962999999999991
47.1570000000000002
53.7870000000000061
65.4280000000000165
70.8080000000000212
77.293000000000027
92.1330000000000402
98.3290000000000457
105.0500000000000516
126.0810000000000703
134.885000000000078
141.522000000000084
147.71400000000009
154.454000000000096
160.506000000000101
167.621000000000107
175.955000000000115
190.197000000000127
197.206000000000134
216.15600000000015
221.985000000000156
229.270000000000162
237.81700000000017
251.884000000000182
257.366000000000187
263.232000000000192
272.1000000000002
279.824000000000207
296.585000000000222
303.327000000000228
310.115000000000234
316.99600000000024
323.796000000000246
331.261000000000253
338.630000000000259
347.206000000000267
353.945000000000273
360.939000000000279
367.067000000000284
377.993000000000294
385.1250000000003
416.205000000000328
424.012000000000335
432.057000000000342
438.457000000000348
453.031000000000361
459.030000000000366
466.246000000000372
473.254000000000379
480.287000000000385
486.817000000000391
494.015000000000397
515.326000000000416
521.166000000000421
526.826000000000426
532.737000000000431
539.299000000000437
546.888000000000444
554.02500000000045
559.559000000000455
565.619000000000461
573.338000000000468
581.990000000000475
590.193000000000482
610.750000000000501
617.034000000000506
624.020000000000513
629.968000000000518
635.729000000000523
642.576000000000529
698.101000000000578
759.922000000000633
775.569000000000647
782.903000000000654
789.097000000000659
794.665000000000664
802.967000000000672
809.402000000000677
815.762000000000683
822.917000000000689
828.717000000000694
837.089000000000702
844.373000000000708
854.290000000000717
861.043000000000723
922.417000000000778
960.422000000000811
1022.550000000000866
2
0
5000
0
0
0
0
2700
99
0
0
0
0
0
0
2700.79599999992988
0
0
0
0
0
0
