12
10
19
12
10
19
cPPR1.16
PR3_day2.2
0
4
12
14
39
13
17
00
23
3
.3
1
611
1
21
1
1
1
1
1
1
1
1
1
1
1
1
1
1
1
1
1
1
1
1
1
184
610
-1
25.3199999999999924
29.1709999999999892
30.4859999999999881
32.301999999999987
32.5899999999999873
33.2679999999999879
44.8649999999999982
45.9049999999999991
46.5889999999999997
47.5900000000000006
49.8660000000000026
50.4430000000000032
70.8410000000000213
125.4670000000000698
125.9020000000000702
126.3370000000000706
126.806000000000071
127.6980000000000718
128.737000000000073
129.685000000000074
129.998000000000074
130.198000000000074
130.698000000000074
165.940000000000106
167.497000000000107
168.590000000000108
168.877000000000108
169.278000000000109
170.064000000000109
170.36200000000011
170.62600000000011
171.405000000000111
171.715000000000111
172.177000000000111
172.799000000000112
173.557000000000112
181.63400000000012
186.900000000000124
187.163000000000125
187.602000000000125
188.187000000000126
193.82500000000013
194.608000000000131
195.093000000000132
195.895000000000132
196.572000000000133
199.767000000000136
200.526000000000136
200.786000000000137
201.320000000000137
201.754000000000138
203.420000000000139
224.488000000000158
224.977000000000158
225.886000000000159
226.133000000000159
226.54000000000016
227.09200000000016
227.48000000000016
228.386000000000161
228.866000000000162
229.285000000000162
229.798000000000162
230.315000000000163
231.208000000000164
231.666000000000164
232.452000000000165
232.849000000000165
233.883000000000166
234.493000000000167
235.224000000000167
241.747000000000173
242.376000000000174
242.725000000000174
243.381000000000175
243.845000000000175
244.315000000000175
244.681000000000176
244.964000000000176
245.358000000000176
246.101000000000177
246.866000000000178
248.080000000000179
248.831000000000179
249.26400000000018
249.91500000000018
250.319000000000181
250.792000000000181
251.130000000000181
251.589000000000182
254.674000000000185
255.033000000000185
255.472000000000185
317.63500000000024
318.876000000000242
319.248000000000242
320.580000000000243
321.345000000000244
321.617000000000244
322.139000000000244
322.970000000000245
323.208000000000245
323.537000000000246
325.270000000000247
325.646000000000248
325.975000000000248
326.392000000000248
327.83700000000025
329.529000000000251
330.252000000000252
330.517000000000252
331.407000000000253
333.814000000000255
334.723000000000256
337.776000000000258
338.550000000000259
338.996000000000259
340.242000000000261
354.950000000000274
356.377000000000275
358.380000000000277
358.565000000000277
358.858000000000277
359.242000000000277
361.035000000000279
361.80300000000028
363.867000000000282
364.155000000000282
364.595000000000282
365.212000000000283
366.088000000000284
367.293000000000285
369.962000000000287
370.670000000000288
371.097000000000288
371.924000000000289
372.217000000000289
377.852000000000294
378.585000000000295
379.096000000000295
379.712000000000296
380.170000000000296
380.545000000000296
380.969000000000297
381.517000000000297
382.195000000000298
394.805000000000309
428.892000000000339
429.22700000000034
429.59300000000034
430.814000000000341
432.048000000000342
439.921000000000349
440.305000000000349
440.55500000000035
443.873000000000353
446.537000000000355
447.155000000000356
447.650000000000356
447.975000000000356
448.484000000000357
448.828000000000357
449.942000000000358
450.627000000000359
451.328000000000359
451.600000000000359
452.41800000000036
453.673000000000361
454.002000000000362
454.367000000000362
456.536000000000364
457.168000000000364
457.892000000000365
458.871000000000366
460.502000000000367
461.736000000000368
462.413000000000369
484.356000000000389
485.308000000000389
485.90900000000039
486.42400000000039
486.754000000000391
487.111000000000391
487.629000000000391
490.037000000000394
490.383000000000394
490.715000000000394
491.046000000000394
492.067000000000395
492.730000000000396
493.500000000000397
494.427000000000397
494.721000000000398
495.165000000000398
495.492000000000398
495.825000000000399
496.319000000000399
497.4450000000004
498.129000000000401
498.428000000000401
498.842000000000401
499.257000000000402
500.018000000000402
501.029000000000403
501.489000000000404
504.042000000000406
504.469000000000406
504.775000000000407
506.078000000000408
506.852000000000408
507.274000000000409
513.645000000000415
519.56700000000042
519.99000000000042
520.519000000000421
521.672000000000422
522.234000000000422
523.438000000000423
526.023000000000426
527.503000000000427
527.734000000000427
528.602000000000428
530.346000000000429
531.02800000000043
531.54900000000043
532.247000000000431
533.024000000000432
533.429000000000432
533.882000000000432
534.196000000000433
534.461000000000433
535.452000000000434
536.219000000000435
536.557000000000435
537.475000000000436
538.415000000000436
540.573000000000438
542.79700000000044
543.212000000000441
544.112000000000442
545.160000000000442
545.442000000000443
545.743000000000443
546.648000000000444
547.318000000000444
548.423000000000445
549.783000000000447
550.434000000000447
557.572000000000454
559.909000000000456
561.015000000000457
562.546000000000458
697.369000000000578
697.777000000000578
698.355000000000579
699.150000000000579
699.51700000000058
700.11400000000058
700.40900000000058
702.755000000000582
703.239000000000583
703.766000000000583
704.424000000000584
704.755000000000584
705.572000000000585
705.855000000000585
707.125000000000586
707.671000000000587
708.515000000000588
708.873000000000588
709.243000000000588
709.971000000000589
710.360000000000589
712.142000000000591
714.269000000000593
714.906000000000593
715.877000000000594
716.832000000000595
718.083000000000596
718.774000000000597
719.439000000000597
719.848000000000598
720.467000000000598
720.767000000000598
721.016000000000599
721.484000000000599
723.251000000000601
725.192000000000602
735.619000000000612
736.589000000000612
741.278000000000617
741.872000000000617
742.944000000000618
743.920000000000619
744.56400000000062
745.23500000000062
746.235000000000621
747.507000000000622
747.863000000000623
748.455000000000623
748.876000000000623
749.673000000000624
750.375000000000625
751.170000000000626
751.893000000000626
753.050000000000627
753.451000000000628
753.845000000000628
754.266000000000628
755.278000000000629
756.64500000000063
757.240000000000631
758.017000000000632
758.603000000000632
759.158000000000633
760.162000000000633
760.606000000000634
761.015000000000634
762.258000000000635
762.629000000000636
763.857000000000637
764.329000000000637
765.390000000000638
768.208000000000641
769.923000000000642
770.315000000000642
771.583000000000644
772.021000000000644
772.622000000000645
773.243000000000645
774.313000000000646
783.487000000000654
784.636000000000655
785.412000000000656
787.034000000000657
787.405000000000658
787.751000000000658
788.526000000000659
789.035000000000659
789.66700000000066
790.34800000000066
790.657000000000661
792.332000000000662
793.198000000000663
793.646000000000663
794.289000000000664
794.706000000000664
795.247000000000665
795.775000000000665
796.323000000000666
797.045000000000666
797.677000000000667
798.279000000000667
798.610000000000668
798.904000000000668
799.433000000000668
800.109000000000669
800.483000000000669
801.07100000000067
801.35000000000067
802.235000000000671
803.062000000000672
803.767000000000672
804.876000000000673
805.586000000000674
805.882000000000674
807.025000000000675
807.636000000000676
807.996000000000676
808.188000000000676
808.589000000000676
808.914000000000677
810.219000000000678
810.564000000000678
811.836000000000679
812.62700000000068
813.199000000000681
969.341000000000819
970.929000000000821
971.573000000000821
972.048000000000822
972.845000000000822
973.336000000000823
973.853000000000823
974.337000000000824
975.144000000000824
975.572000000000825
979.225000000000828
979.487000000000828
980.122000000000829
980.91200000000083
981.45400000000083
982.296000000000831
982.932000000000831
983.692000000000832
985.272000000000833
985.556000000000834
986.070000000000834
986.731000000000835
987.128000000000835
998.384000000000845
1002.771000000000849
1004.24700000000085
1004.843000000000851
1005.543000000000851
1006.321000000000852
1007.309000000000853
1008.469000000000854
1009.889000000000855
1010.068000000000855
1010.429000000000856
1010.900000000000856
1011.235000000000856
1013.058000000000858
1013.946000000000859
1014.72300000000086
1015.12600000000086
1017.296000000000862
1018.045000000000862
1018.917000000000863
1019.629000000000864
1019.957000000000864
1021.077000000000865
1022.479000000000866
1024.01800000000087
1025.02800000000087
1025.21900000000087
1042.36100000000088
1043.35400000000088
1327.16700000000114
1332.90900000000114
1334.99900000000114
1336.94800000000115
1338.69000000000115
1341.65000000000115
1345.34500000000115
1346.64300000000115
1349.38400000000116
1352.05400000000116
1353.83500000000116
1354.73300000000116
1355.32800000000116
1356.00700000000116
1356.91700000000116
1363.63200000000117
1364.76400000000117
1366.04800000000117
1367.19100000000117
1369.51800000000117
1370.68800000000118
1371.81600000000118
1372.83300000000118
1374.47300000000118
1378.19100000000118
1379.34600000000118
1380.03700000000118
1380.99700000000118
1381.25900000000119
1383.20700000000119
1384.05500000000119
1384.97300000000119
1385.65100000000119
1386.33300000000119
1387.20900000000119
1387.79500000000119
1388.79500000000119
1389.79900000000119
1390.47600000000119
1391.56300000000119
1391.94700000000119
1392.4780000000012
1392.7050000000012
1394.5380000000012
1395.8330000000012
1397.3690000000012
1398.0030000000012
1398.7750000000012
1399.9020000000012
1400.8760000000012
1419.63100000000122
1518.85400000000131
1521.55300000000131
1524.22800000000131
1525.31800000000131
1527.70500000000132
1529.51800000000132
1530.55300000000132
1533.40800000000132
1534.63700000000132
1535.53300000000132
1539.07900000000133
1541.35300000000133
1542.30200000000133
1544.03400000000133
1558.21600000000134
1562.41400000000135
1563.43600000000135
1564.38600000000135
1565.65500000000135
1570.79500000000135
1571.43200000000135
1571.94300000000135
1572.70600000000136
1574.58400000000136
1575.20600000000136
1576.15000000000136
1578.12300000000136
1579.59800000000136
1586.96400000000137
1588.07300000000137
1700.45700000000147
1700.74200000000147
1701.88000000000147
1702.67300000000147
1703.41300000000147
1704.16600000000147
1707.48700000000147
1708.50100000000148
1709.17900000000148
1711.01100000000148
1712.42200000000148
1712.77400000000148
1713.53300000000148
1714.42200000000148
1715.67300000000148
1717.82200000000148
1718.78100000000148
1719.10600000000149
1719.44600000000149
1719.92300000000149
1720.88500000000149
1721.17800000000149
1721.74600000000149
1722.59300000000149
1723.34400000000149
1752.13700000000151
1752.63000000000151
1754.06800000000152
1755.12600000000152
1756.68500000000152
1757.43500000000152
1758.44000000000152
1760.00000000000152
1760.22200000000152
1761.50900000000152
1763.87400000000152
1764.93000000000153
1765.52400000000153
1766.37200000000153
1768.17400000000153
1770.01100000000153
1770.68300000000153
1771.42800000000153
1772.61700000000153
1773.22700000000153
1773.61400000000153
1774.17600000000153
1774.98100000000153
1775.44200000000154
1776.18900000000154
1776.92200000000154
1778.29800000000154
1779.18500000000154
1779.83600000000154
1783.06100000000154
1783.98300000000154
1784.80700000000154
1786.00200000000154
1788.19200000000155
1789.42200000000155
1790.39500000000155
1791.91900000000155
1792.76300000000155
1793.81900000000155
1794.92500000000155
1796.09000000000155
1797.05100000000155
1798.09300000000156
1799.63800000000156
1800.66700000000156
1802.31700000000156
1803.64900000000156
1805.00300000000156
1805.52800000000156
1805.75500000000156
1806.54900000000156
1808.79600000000156
1809.10200000000156
1809.42000000000157
1810.08600000000157
1810.93700000000157
1811.80100000000157
1812.45000000000157
1944.05300000000168
1944.69600000000169
1946.92500000000169
1952.15100000000169
1954.79100000000169
1955.7970000000017
1956.3050000000017
1958.6440000000017
1991.56400000000173
2276.17299999997665
2328.29399999997091
2953.927999999902
2998.72599999989707
3099.66199999988595
3327.20499999986089
3364.99799999985673
3441.32499999984832
20
-1
25.3209999999999924
33.2689999999999879
70.8420000000000213
130.699000000000074
173.558000000000112
203.421000000000139
235.225000000000167
255.473000000000185
340.243000000000261
382.196000000000298
462.414000000000369
507.275000000000409
550.435000000000447
725.193000000000602
774.314000000000646
813.200000000000681
1025.02900000000087
1400.8770000000012
1722.59400000000149
1812.45100000000157
0
0
5000
0
0
0
0
7200
0
0
0
0
0
21
0
3612.55199999982947
1800.00000000000156
1800
0
61
0
1
4
7
10
13
16
19
22
25
28
31
34
37
40
43
46
49
52
55
58
61
64
67
70
73
76
79
82
85
88
91
94
97
100
103
106
109
112
115
118
121
124
127
130
133
136
139
142
145
148
151
154
157
160
163
166
169
172
175
178
181
184
187
190
193
196
199
202
205
208
211
214
217
220
223
226
229
232
235
238
241
244
247
250
253
256
259
262
265
268
271
274
277
280
283
286
289
292
295
298
301
304
307
310
313
316
319
322
325
328
331
334
337
340
343
346
349
352
355
358
361
364
367
370
373
376
379
382
385
388
391
394
397
400
403
406
409
412
415
418
421
424
427
430
433
436
439
442
445
448
451
454
457
460
463
466
469
472
475
478
481
484
487
490
493
496
499
502
505
508
511
514
517
520
523
526
529
532
535
538
541
544
547
550
