12
18
19
12
18
19
cPPR1.11
PR3_day2.7
0
1
10
34
56
11
26
50
23
3
.3
1
138
1
10
1
1
1
1
1
1
1
1
1
1
1
1
1
1
1
1
1
1
1
1
1
184
137
-1
1.44000000000000002
19.3929999999999974
20.3599999999999966
21.5969999999999956
22.1109999999999951
46.3429999999999995
47.4280000000000005
48.3740000000000013
48.6990000000000016
87.8440000000000364
89.2490000000000376
91.3680000000000395
91.4740000000000396
92.0010000000000401
98.3870000000000457
99.2200000000000465
137.716000000000081
139.382000000000082
140.263000000000083
140.556000000000083
141.188000000000084
142.791000000000085
143.094000000000085
144.432000000000087
152.403000000000094
152.943000000000094
153.636000000000095
154.793000000000096
155.083000000000096
155.278000000000096
175.494000000000114
195.437000000000132
196.848000000000133
215.49500000000015
217.596000000000152
222.085000000000156
222.314000000000156
223.204000000000157
230.928000000000163
231.968000000000164
233.133000000000165
233.375000000000166
234.008000000000166
234.504000000000167
234.721000000000167
235.138000000000167
235.517000000000168
237.038000000000169
237.652000000000169
331.720000000000253
334.288000000000255
341.980000000000262
342.729000000000263
344.432000000000264
352.559000000000271
352.744000000000272
353.504000000000272
354.388000000000273
354.543000000000273
354.665000000000273
355.419000000000274
376.537000000000293
380.637000000000296
381.919000000000298
382.072000000000298
382.959000000000298
384.074000000000299
384.6570000000003
387.572000000000303
387.727000000000303
388.287000000000303
390.107000000000305
390.665000000000305
407.04400000000032
408.184000000000321
410.777000000000323
412.339000000000325
501.865000000000404
503.545000000000406
505.341000000000407
506.947000000000409
509.253000000000411
510.564000000000412
511.012000000000412
511.779000000000413
512.549000000000414
513.058000000000414
514.056000000000415
669.498000000000553
671.778000000000555
673.459000000000556
675.290000000000558
678.182000000000561
687.675000000000569
696.014000000000576
713.829000000000592
714.773000000000593
716.895000000000595
717.586000000000596
778.030000000000649
781.579000000000652
796.456000000000666
802.877000000000671
804.014000000000672
807.744000000000676
809.264000000000677
811.583000000000679
813.765000000000681
816.518000000000684
940.743000000000794
946.221000000000799
946.644000000000799
949.406000000000802
949.972000000000802
951.374000000000803
1113.65900000000095
1118.73100000000095
1122.01200000000095
1227.23700000000105
1268.21900000000108
1291.88500000000111
1304.69200000000112
1457.23900000000125
2111.23199999999481
2124.25199999999338
2502.89999999995168
2504.77899999995147
2507.30399999995119
2510.10499999995088
2535.32399999994811
2548.83799999994662
2551.83999999994629
2554.24399999994602
2558.25499999994558
2570.48899999994423
2607.0699999999402
2611.55099999993971
9
-1
1.44100000000000002
22.1119999999999951
91.3690000000000395
144.433000000000087
222.315000000000156
344.433000000000264
390.666000000000305
696.015000000000576
1268.22000000000108
0
0
5000
0
0
0
0
7200
0
0
0
0
0
10
0
3068.3209999998894
1800.00000000000156
1800
0
28
0
1
4
7
10
13
16
19
22
25
28
31
34
37
40
43
46
49
52
55
58
61
64
67
70
73
76
79
82
85
88
91
94
97
100
103
106
109
112
115
118
121
124
127
130
133
136
139
142
145
148
151
154
157
160
163
166
169
172
175
178
181
184
187
190
193
196
199
202
205
208
211
214
217
220
223
226
229
232
235
238
241
244
247
250
253
256
259
262
265
268
271
274
277
280
283
286
289
292
295
298
301
304
307
310
313
316
319
322
325
328
331
334
337
340
343
346
349
352
355
358
361
364
367
370
373
376
379
382
385
388
391
394
397
400
403
406
409
412
415
418
421
424
427
430
433
436
439
442
445
448
451
454
457
460
463
466
469
472
475
478
481
484
487
490
493
496
499
502
505
508
511
514
517
520
523
526
529
532
535
538
541
544
547
550
