11
15
19
11
15
19
cPPR1.15
FR2_day5
0
1
12
04
05
12
49
46
24
2
.3
1
394
1
93
1
1
1
1
1
1
1
1
1
1
1
1
1
1
1
1
1
1
1
1
1
1
393
-1
12.46900000000000025
13.97900000000000028
29.317999999999989
29.4659999999999889
32.4019999999999871
32.8019999999999875
33.8009999999999884
33.9349999999999885
34.1729999999999887
35.59499999999999
37.1999999999999914
37.4759999999999916
47.8370000000000008
47.969000000000001
52.1020000000000046
52.3130000000000048
52.511000000000005
52.7250000000000052
53.3330000000000057
54.1000000000000064
64.5590000000000157
65.0580000000000161
67.207000000000018
67.3920000000000182
67.6400000000000184
72.6150000000000228
73.4120000000000236
76.4450000000000262
76.7160000000000265
76.9530000000000267
77.0920000000000268
77.9130000000000276
78.6370000000000282
79.576000000000029
89.717000000000038
90.6400000000000389
92.7500000000000407
93.3820000000000413
94.2920000000000421
94.8340000000000426
95.1140000000000428
95.9400000000000436
96.6670000000000442
99.9900000000000472
100.2790000000000474
100.6940000000000478
101.0790000000000481
101.2650000000000483
101.9130000000000489
102.5040000000000494
114.5120000000000601
114.9380000000000604
118.6710000000000638
118.8820000000000639
119.1070000000000641
119.8370000000000648
120.3710000000000653
121.4150000000000662
124.1350000000000686
124.2880000000000688
124.4430000000000689
125.1070000000000695
125.4080000000000697
125.9740000000000702
126.3660000000000706
127.3740000000000715
127.8850000000000719
127.926000000000072
132.285000000000076
132.457000000000076
132.550000000000076
132.715000000000076
132.956000000000076
133.418000000000077
133.674000000000077
146.272000000000088
146.730000000000089
162.010000000000102
162.425000000000103
164.971000000000105
165.124000000000105
165.394000000000105
165.793000000000106
166.027000000000106
167.168000000000107
167.578000000000107
167.872000000000107
168.703000000000108
170.94400000000011
171.28400000000011
171.440000000000111
171.711000000000111
171.960000000000111
172.269000000000111
173.761000000000113
174.587000000000113
175.097000000000114
178.915000000000117
201.712000000000138
202.695000000000138
202.853000000000139
205.735000000000141
206.025000000000141
206.881000000000142
207.616000000000143
208.572000000000144
210.877000000000146
213.845000000000148
214.076000000000148
215.26600000000015
215.99500000000015
216.372000000000151
216.683000000000151
227.56800000000016
227.727000000000161
267.953000000000196
270.135000000000198
282.96800000000021
283.11800000000021
285.766000000000212
286.220000000000213
286.843000000000213
287.236000000000213
288.170000000000214
288.489000000000215
289.388000000000215
294.10600000000022
294.39200000000022
294.85400000000022
295.04200000000022
298.104000000000223
298.544000000000224
298.837000000000224
299.720000000000225
300.031000000000225
300.647000000000225
301.482000000000226
305.220000000000229
305.47000000000023
305.81400000000023
306.961000000000231
308.908000000000233
312.829000000000236
313.135000000000236
313.313000000000237
313.970000000000237
314.254000000000237
315.247000000000238
325.941000000000248
326.665000000000248
328.85500000000025
329.667000000000251
330.217000000000252
331.100000000000252
331.244000000000253
331.594000000000253
332.135000000000253
333.474000000000255
341.945000000000262
342.299000000000262
344.766000000000265
345.051000000000265
346.317000000000266
347.632000000000267
349.402000000000269
350.71600000000027
353.007000000000272
353.201000000000272
353.487000000000272
354.074000000000273
355.501000000000274
356.410000000000275
360.705000000000279
361.453000000000279
362.780000000000281
362.898000000000281
376.371000000000293
379.320000000000295
379.531000000000295
381.526000000000297
381.844000000000297
382.587000000000298
383.505000000000299
384.4250000000003
385.1910000000003
385.545000000000301
388.185000000000303
388.522000000000303
389.028000000000304
389.565000000000304
391.491000000000306
392.228000000000307
393.156000000000308
395.43900000000031
395.69800000000031
396.35200000000031
396.691000000000311
397.017000000000311
398.037000000000312
398.158000000000312
400.823000000000314
401.256000000000315
401.941000000000315
402.320000000000316
403.157000000000316
403.678000000000317
404.298000000000317
407.49700000000032
410.977000000000323
411.414000000000324
414.262000000000326
414.389000000000326
414.711000000000327
416.590000000000328
416.982000000000329
417.834000000000329
421.926000000000333
422.936000000000334
423.978000000000335
425.192000000000336
439.995000000000349
440.52000000000035
442.767000000000352
443.550000000000352
443.925000000000353
444.128000000000353
444.659000000000353
445.500000000000354
448.050000000000356
448.997000000000357
449.098000000000357
452.12800000000036
452.49100000000036
452.64200000000036
452.78400000000036
453.507000000000361
454.016000000000362
454.293000000000362
455.094000000000363
462.552000000000369
462.89600000000037
492.363000000000396
493.413000000000397
518.025000000000418
518.938000000000419
522.429000000000422
522.775000000000423
523.257000000000423
523.527000000000423
524.320000000000424
525.267000000000425
527.589000000000427
528.383000000000428
529.517000000000429
531.06400000000043
531.42300000000043
533.419000000000432
536.645000000000435
537.443000000000436
542.32900000000044
543.224000000000441
543.926000000000441
544.176000000000442
546.897000000000444
547.530000000000445
548.309000000000445
550.292000000000447
550.428000000000447
571.449000000000466
571.610000000000466
603.979000000000495
605.448000000000496
611.249000000000501
612.736000000000502
615.133000000000505
615.462000000000505
615.658000000000505
616.227000000000506
616.996000000000506
618.681000000000508
619.777000000000509
623.107000000000512
623.920000000000512
624.379000000000513
625.595000000000514
625.820000000000514
627.941000000000516
628.218000000000516
628.560000000000517
629.180000000000517
630.294000000000518
630.487000000000518
631.658000000000519
632.18700000000052
641.187000000000528
641.560000000000528
645.268000000000531
645.702000000000532
646.623000000000533
646.863000000000533
647.841000000000534
651.062000000000537
651.245000000000537
651.534000000000537
652.396000000000538
652.780000000000538
654.44700000000054
655.04600000000054
666.00700000000055
666.38400000000055
669.448000000000553
670.247000000000554
671.079000000000554
671.313000000000555
671.857000000000555
672.696000000000556
676.100000000000559
676.611000000000559
676.86300000000056
678.395000000000561
680.004000000000562
681.901000000000564
683.137000000000565
684.095000000000566
724.368000000000602
725.405000000000603
776.172000000000648
777.066000000000648
785.497000000000656
786.894000000000657
849.397000000000713
850.036000000000713
867.331000000000729
869.443000000000731
873.595000000000734
874.238000000000735
874.627000000000735
875.377000000000736
876.485000000000737
880.748000000000741
881.191000000000741
881.607000000000741
881.978000000000742
883.523000000000743
891.86500000000075
892.329000000000751
898.086000000000756
898.456000000000756
901.980000000000759
902.19900000000076
902.77900000000076
903.370000000000761
904.797000000000762
906.080000000000763
912.386000000000769
912.973000000000769
916.392000000000772
916.913000000000773
917.929000000000774
919.441000000000775
921.064000000000776
927.373000000000782
927.690000000000782
934.414000000000788
935.026000000000789
938.469000000000792
940.223000000000793
940.496000000000794
941.444000000000794
951.080000000000803
952.262000000000804
956.583000000000808
956.895000000000808
957.965000000000809
959.26800000000081
999.307000000000846
1118.00300000000095
1131.22400000000096
1131.46100000000096
1142.66300000000097
1143.92600000000097
1144.59300000000097
1155.29200000000098
1156.55000000000099
1163.94100000000099
1164.31900000000099
1184.55500000000101
1185.27800000000101
1195.73200000000102
1197.00800000000102
1203.59300000000103
1204.12700000000103
1208.51000000000103
92
-1
13.97900000000000028
29.4659999999999889
37.1999999999999914
47.969000000000001
54.1000000000000064
65.0580000000000161
73.4120000000000236
79.576000000000029
90.6400000000000389
96.6670000000000442
102.5040000000000494
114.9380000000000604
121.4150000000000662
127.8850000000000719
133.674000000000077
146.730000000000089
162.425000000000103
168.703000000000108
175.097000000000114
202.695000000000138
210.877000000000146
216.683000000000151
227.727000000000161
270.135000000000198
283.11800000000021
289.388000000000215
295.04200000000022
301.482000000000226
308.908000000000233
315.247000000000238
326.665000000000248
333.474000000000255
342.299000000000262
349.402000000000269
356.410000000000275
362.898000000000281
379.320000000000295
385.545000000000301
392.228000000000307
398.158000000000312
404.298000000000317
411.414000000000324
417.834000000000329
425.192000000000336
440.52000000000035
448.997000000000357
455.094000000000363
462.89600000000037
493.413000000000397
518.938000000000419
525.267000000000425
531.42300000000043
537.443000000000436
543.926000000000441
550.428000000000447
571.610000000000466
605.448000000000496
612.736000000000502
619.777000000000509
625.820000000000514
632.18700000000052
641.560000000000528
647.841000000000534
655.04600000000054
666.38400000000055
672.696000000000556
680.004000000000562
725.405000000000603
777.066000000000648
786.894000000000657
850.036000000000713
869.443000000000731
876.485000000000737
883.523000000000743
892.329000000000751
898.456000000000756
906.080000000000763
912.973000000000769
921.064000000000776
927.690000000000782
935.026000000000789
941.444000000000794
952.262000000000804
959.26800000000081
1118.00300000000095
1131.46100000000096
1143.92600000000097
1156.55000000000099
1164.31900000000099
1185.27800000000101
1197.00800000000102
1204.12700000000103
2
0
5000
0
0
0
0
2700
99
0
0
0
0
0
0
2700.79599999992988
0
0
0
0
0
0
