11
11
19
11
11
19
cPPR1.12
FR2_day1
0
2
10
20
02
10
41
10
24
2
.3
1
247
1
101
1
1
1
1
1
1
1
1
1
1
1
1
1
1
1
1
1
1
1
1
1
1
246
-1
1.93600000000000003
2.78700000000000005
5.5670000000000001
16.9099999999999995
17.605999999999999
20.4859999999999965
21.4559999999999957
22.4239999999999949
26.2919999999999916
29.345999999999989
32.0449999999999868
33.7719999999999883
46.4309999999999996
47.0740000000000002
57.5970000000000095
58.9350000000000107
63.2760000000000146
63.8580000000000151
65.3220000000000164
66.5330000000000174
69.9640000000000205
71.3760000000000217
73.941000000000024
74.4350000000000245
78.2330000000000278
80.71400000000003
83.1250000000000322
86.8160000000000355
88.9660000000000374
93.022000000000041
97.522000000000045
99.2490000000000465
101.3390000000000484
101.8710000000000488
105.8230000000000523
107.8040000000000541
113.299000000000059
117.9950000000000632
119.0170000000000641
134.534000000000078
137.701000000000081
138.003000000000081
141.390000000000084
141.698000000000084
145.877000000000088
146.714000000000089
147.242000000000089
148.60400000000009
153.441000000000095
155.241000000000096
155.916000000000097
162.466000000000103
164.380000000000104
164.620000000000105
171.05000000000011
172.921000000000112
177.602000000000116
179.003000000000117
179.706000000000118
184.568000000000122
185.143000000000123
185.369000000000123
193.33600000000013
195.955000000000132
205.305000000000141
206.178000000000141
210.194000000000145
210.974000000000146
211.502000000000146
212.096000000000147
216.634000000000151
221.316000000000155
223.087000000000156
227.932000000000161
228.644000000000161
228.948000000000162
234.390000000000167
235.802000000000168
240.764000000000172
243.432000000000175
244.036000000000175
248.968000000000179
249.72700000000018
251.893000000000182
258.823000000000188
259.667000000000189
260.139000000000189
265.344000000000194
267.224000000000196
267.712000000000196
273.615000000000201
275.690000000000203
280.425000000000207
282.297000000000209
283.42200000000021
284.437000000000211
305.63800000000023
306.950000000000231
314.041000000000237
315.981000000000239
324.434000000000246
325.221000000000247
332.058000000000253
336.170000000000257
342.564000000000263
343.840000000000264
351.628000000000271
355.221000000000274
355.522000000000274
361.98400000000028
365.191000000000283
372.700000000000289
373.79900000000029
385.316000000000301
386.066000000000301
386.482000000000302
392.432000000000307
394.475000000000309
407.32400000000032
408.848000000000321
413.728000000000326
415.142000000000327
415.849000000000328
422.552000000000334
423.479000000000334
432.200000000000342
433.258000000000343
438.454000000000348
438.997000000000348
439.807000000000349
451.431000000000359
455.136000000000363
462.350000000000369
463.56200000000037
474.27500000000038
475.657000000000381
485.406000000000389
489.397000000000393
496.9070000000004
497.6790000000004
507.009000000000409
509.119000000000411
527.233000000000427
531.10600000000043
536.743000000000435
537.251000000000436
537.553000000000436
546.358000000000444
558.636000000000454
564.70200000000046
565.527000000000461
592.320000000000484
596.510000000000488
604.653000000000495
606.351000000000497
616.217000000000506
617.578000000000507
627.129000000000515
631.246000000000519
637.742000000000525
638.803000000000526
649.711000000000535
650.651000000000536
666.927000000000551
667.907000000000552
668.490000000000552
673.886000000000557
674.829000000000558
691.652000000000573
692.642000000000574
763.211000000000636
766.641000000000639
772.598000000000644
773.216000000000645
773.650000000000645
782.592000000000653
785.846000000000656
793.813000000000663
795.546000000000665
803.655000000000672
804.980000000000673
817.619000000000684
818.905000000000686
827.144000000000693
829.899000000000695
840.310000000000705
841.967000000000706
853.941000000000717
854.699000000000717
867.199000000000729
868.60200000000073
874.199000000000735
875.564000000000736
891.84300000000075
893.734000000000752
902.050000000000759
902.75300000000076
914.31000000000077
915.492000000000772
924.64100000000078
925.922000000000781
933.058000000000787
936.20100000000079
952.596000000000804
953.427000000000805
954.036000000000806
959.13600000000081
960.376000000000811
961.131000000000812
977.352000000000826
978.292000000000827
985.290000000000833
986.765000000000835
1003.71200000000085
1007.083000000000853
1013.449000000000858
1014.100000000000859
1024.51300000000087
1027.49100000000087
1037.25800000000088
1038.57100000000088
1052.93400000000089
1057.4290000000009
1064.2490000000009
1065.4380000000009
1077.12900000000091
1078.00900000000092
1080.31400000000092
1089.41000000000093
1090.85900000000093
1099.83500000000094
1105.78300000000094
1116.83200000000095
1119.99700000000095
1132.61300000000096
1134.72300000000097
1145.87900000000098
1146.83300000000098
1161.76000000000099
1162.14400000000099
1162.42400000000099
1163.74200000000099
1170.466000000001
1171.912000000001
1185.09400000000101
1187.70300000000101
100
-1
2.78700000000000005
17.605999999999999
29.345999999999989
47.0740000000000002
58.9350000000000107
66.5330000000000174
74.4350000000000245
83.1250000000000322
93.022000000000041
101.3390000000000484
113.299000000000059
134.534000000000078
141.698000000000084
148.60400000000009
155.916000000000097
164.380000000000104
172.921000000000112
179.706000000000118
185.369000000000123
195.955000000000132
206.178000000000141
212.096000000000147
223.087000000000156
228.948000000000162
235.802000000000168
244.036000000000175
251.893000000000182
259.667000000000189
267.224000000000196
275.690000000000203
283.42200000000021
306.950000000000231
315.981000000000239
325.221000000000247
336.170000000000257
343.840000000000264
355.221000000000274
365.191000000000283
373.79900000000029
386.066000000000301
394.475000000000309
408.848000000000321
415.849000000000328
423.479000000000334
433.258000000000343
439.807000000000349
455.136000000000363
463.56200000000037
475.657000000000381
489.397000000000393
497.6790000000004
509.119000000000411
531.10600000000043
537.251000000000436
558.636000000000454
565.527000000000461
596.510000000000488
606.351000000000497
617.578000000000507
631.246000000000519
638.803000000000526
650.651000000000536
667.907000000000552
674.829000000000558
692.642000000000574
766.641000000000639
773.216000000000645
785.846000000000656
795.546000000000665
804.980000000000673
818.905000000000686
829.899000000000695
841.967000000000706
854.699000000000717
868.60200000000073
875.564000000000736
893.734000000000752
902.75300000000076
915.492000000000772
925.922000000000781
936.20100000000079
953.427000000000805
960.376000000000811
978.292000000000827
986.765000000000835
1007.083000000000853
1014.100000000000859
1027.49100000000087
1038.57100000000088
1057.4290000000009
1065.4380000000009
1078.00900000000092
1090.85900000000093
1105.78300000000094
1119.99700000000095
1134.72300000000097
1146.83300000000098
1162.14400000000099
1171.912000000001
1187.70300000000101
2
0
5000
0
0
0
0
2700
99
0
0
0
0
0
0
1187.70300000000101
0
0
0
0
0
0
