11
06
19
11
06
19
cPPR1.13
FR1_day3
0
3
11
00
03
11
47
05
24
2
.3
1
51
1
46
1
1
1
1
1
1
1
1
1
1
1
1
1
1
1
1
1
1
1
1
1
1
50
-1
97.8410000000000452
347.020000000000267
350.77100000000027
363.627000000000281
365.206000000000283
407.03500000000032
409.087000000000322
424.661000000000336
439.241000000000348
477.783000000000383
507.019000000000409
530.296000000000429
550.616000000000447
565.03700000000046
571.605000000000466
688.72400000000057
705.187000000000585
730.407000000000607
747.159000000000622
769.545000000000642
789.155000000000659
804.095000000000672
824.609000000000691
843.413000000000707
856.781000000000719
871.433000000000732
883.626000000000743
894.590000000000753
903.760000000000761
919.519000000000775
933.116000000000787
942.079000000000795
958.86700000000081
1009.574000000000855
1018.546000000000863
1033.75900000000088
1058.7330000000009
1086.70500000000092
1096.36600000000093
1111.88500000000095
1123.11100000000096
1126.07300000000096
1157.14100000000099
1165.50400000000099
1165.84000000000099
1196.61700000000102
1210.83700000000103
1274.91200000000109
1288.3720000000011
1303.68500000000112
45
-1
97.8410000000000452
347.020000000000267
363.627000000000281
407.03500000000032
424.661000000000336
439.241000000000348
477.783000000000383
507.019000000000409
530.296000000000429
550.616000000000447
565.03700000000046
571.605000000000466
688.72400000000057
705.187000000000585
730.407000000000607
747.159000000000622
769.545000000000642
789.155000000000659
804.095000000000672
824.609000000000691
843.413000000000707
856.781000000000719
871.433000000000732
883.626000000000743
894.590000000000753
903.760000000000761
919.519000000000775
933.116000000000787
942.079000000000795
958.86700000000081
1009.574000000000855
1018.546000000000863
1033.75900000000088
1058.7330000000009
1086.70500000000092
1096.36600000000093
1111.88500000000095
1123.11100000000096
1157.14100000000099
1165.50400000000099
1196.61700000000102
1210.83700000000103
1274.91200000000109
1288.3720000000011
1303.68500000000112
1
0
5000
0
0
0
0
2700
99
0
0
0
0
0
0
2700.79699999992988
0
0
0
0
0
0
