11
20
19
11
20
19
cPPR1.13
FR5_day3
0
3
11
05
49
11
51
59
24
2
.3
1
375
1
64
1
1
1
1
1
1
1
1
1
1
1
1
1
1
1
1
1
1
1
1
1
1
374
-1
1.78200000000000002
3.68300000000000006
6.71200000000000013
7.91500000000000015
8.50800000000000016
22.9059999999999945
24.2529999999999933
24.8569999999999928
25.9319999999999919
26.2889999999999916
30.0809999999999884
31.3339999999999873
34.1429999999999887
34.493999999999989
34.7759999999999892
35.1829999999999896
35.7379999999999901
53.4790000000000058
53.7750000000000061
54.0340000000000063
54.818000000000007
55.6850000000000078
59.9770000000000116
60.6480000000000122
61.7700000000000132
63.3360000000000146
65.5170000000000165
66.4810000000000174
68.1150000000000188
94.5340000000000423
94.8540000000000426
95.7190000000000434
96.1810000000000438
98.2510000000000456
112.8970000000000586
113.6940000000000593
115.8740000000000613
116.4970000000000618
118.0990000000000632
122.7740000000000674
123.2810000000000678
124.1150000000000686
125.3360000000000697
126.1640000000000704
127.1050000000000712
127.8190000000000719
132.298000000000076
132.770000000000076
133.838000000000077
134.174000000000078
135.150000000000078
135.520000000000079
135.940000000000079
140.206000000000083
140.568000000000083
141.059000000000084
142.379000000000085
142.875000000000085
143.448000000000086
145.071000000000087
145.735000000000088
160.194000000000101
161.025000000000101
162.528000000000103
162.930000000000103
163.328000000000103
166.257000000000106
168.458000000000108
168.700000000000108
169.135000000000109
170.51400000000011
171.639000000000111
172.626000000000112
181.93700000000012
182.614000000000121
183.059000000000121
184.010000000000122
184.490000000000122
187.027000000000124
189.371000000000127
190.339000000000127
190.685000000000128
191.481000000000128
192.71700000000013
196.142000000000133
199.605000000000136
200.296000000000136
201.316000000000137
202.965000000000139
203.638000000000139
205.401000000000141
207.310000000000142
208.794000000000144
212.466000000000147
221.355000000000155
222.641000000000156
223.347000000000157
223.672000000000157
224.506000000000158
229.853000000000162
230.767000000000163
231.565000000000164
232.441000000000165
233.058000000000165
246.529000000000177
246.815000000000178
249.51400000000018
249.82200000000018
250.339000000000181
253.881000000000184
254.204000000000184
254.492000000000184
255.622000000000185
256.808000000000186
257.583000000000187
258.898000000000188
261.04200000000019
266.076000000000195
266.386000000000195
267.540000000000196
267.966000000000196
270.100000000000198
271.6520000000002
275.447000000000203
280.374000000000207
280.780000000000208
281.883000000000209
282.720000000000209
284.010000000000211
287.598000000000214
289.123000000000215
289.911000000000216
290.396000000000216
292.275000000000218
292.515000000000218
297.996000000000223
301.210000000000226
304.647000000000229
306.725000000000231
307.173000000000231
308.208000000000232
309.130000000000233
311.482000000000235
313.947000000000237
315.002000000000238
316.98500000000024
317.970000000000241
321.045000000000243
321.520000000000244
326.819000000000249
327.049000000000249
339.85300000000026
340.454000000000261
340.717000000000261
343.061000000000263
348.427000000000268
348.707000000000268
349.044000000000268
349.359000000000269
349.525000000000269
353.788000000000273
354.078000000000273
355.022000000000274
355.815000000000274
358.730000000000277
359.469000000000278
359.799000000000278
363.249000000000281
377.404000000000294
377.936000000000294
378.225000000000294
378.799000000000295
379.037000000000295
382.311000000000298
383.073000000000299
383.361000000000299
384.020000000000299
384.8680000000003
387.813000000000303
388.097000000000303
388.582000000000303
389.136000000000304
395.81900000000031
396.539000000000311
398.067000000000312
399.957000000000314
400.521000000000314
405.264000000000318
405.711000000000319
407.12600000000032
407.57100000000032
408.146000000000321
409.121000000000322
410.785000000000323
415.033000000000327
417.482000000000329
418.05200000000033
418.99100000000033
419.383000000000331
419.820000000000331
423.299000000000334
424.475000000000335
425.075000000000336
425.776000000000336
426.198000000000337
427.182000000000338
429.30000000000034
433.936000000000344
441.22200000000035
441.679000000000351
443.738000000000352
444.579000000000353
445.440000000000354
452.80600000000036
453.341000000000361
453.779000000000361
454.525000000000362
455.027000000000362
458.526000000000366
460.997000000000368
461.421000000000368
462.860000000000369
464.747000000000371
465.933000000000372
470.068000000000376
472.385000000000378
474.35700000000038
474.64300000000038
475.767000000000381
476.131000000000381
481.765000000000386
482.844000000000387
484.132000000000388
484.941000000000389
486.18200000000039
489.536000000000393
492.487000000000396
492.886000000000396
493.387000000000397
494.505000000000398
496.219000000000399
500.092000000000403
507.386000000000409
508.73900000000041
509.02900000000041
511.163000000000412
512.732000000000414
517.447000000000418
520.687000000000421
521.763000000000422
522.406000000000422
524.460000000000424
525.762000000000425
531.809000000000431
533.517000000000432
559.718000000000455
559.998000000000456
560.299000000000456
568.388000000000463
571.040000000000466
571.296000000000466
573.480000000000468
574.175000000000468
577.556000000000471
581.788000000000475
582.074000000000475
582.464000000000476
582.876000000000476
583.993000000000477
587.62400000000048
588.385000000000481
589.562000000000482
590.387000000000483
591.109000000000483
592.169000000000484
593.557000000000486
596.405000000000488
600.286000000000491
601.466000000000492
602.749000000000494
604.654000000000495
605.319000000000496
610.0860000000005
705.372000000000585
705.902000000000585
706.783000000000586
708.521000000000588
710.477000000000589
723.662000000000601
724.932000000000602
726.033000000000603
727.640000000000605
728.816000000000606
773.536000000000645
774.151000000000646
779.03500000000065
780.071000000000651
781.036000000000652
792.015000000000662
792.673000000000662
792.911000000000663
793.273000000000663
796.202000000000666
799.790000000000669
801.39500000000067
801.72600000000067
802.208000000000671
802.554000000000671
803.549000000000672
804.565000000000673
836.994000000000702
837.459000000000702
838.472000000000703
840.135000000000704
842.293000000000706
847.626000000000711
849.856000000000713
852.172000000000715
852.864000000000716
854.068000000000717
858.591000000000721
860.169000000000722
860.555000000000723
860.834000000000723
861.249000000000723
861.766000000000724
869.455000000000731
871.136000000000732
871.750000000000733
872.151000000000733
872.483000000000733
876.828000000000737
885.140000000000744
885.907000000000745
887.259000000000746
890.677000000000749
891.55500000000075
898.744000000000756
900.068000000000758
900.396000000000758
904.426000000000762
904.981000000000762
909.861000000000766
915.953000000000772
916.705000000000772
918.239000000000774
918.775000000000774
919.129000000000775
924.396000000000779
931.647000000000786
932.036000000000786
932.617000000000787
934.115000000000788
942.726000000000796
943.360000000000796
943.866000000000797
944.514000000000797
945.138000000000798
956.005000000000807
956.474000000000808
957.074000000000808
957.529000000000809
959.24000000000081
968.502000000000818
968.940000000000819
969.81000000000082
970.890000000000821
973.318000000000823
977.859000000000827
978.850000000000828
979.820000000000829
980.003000000000829
981.80600000000083
984.365000000000833
63
-1
8.50800000000000016
26.2889999999999916
35.7379999999999901
55.6850000000000078
68.1150000000000188
98.2510000000000456
118.0990000000000632
127.8190000000000719
135.940000000000079
145.735000000000088
163.328000000000103
172.626000000000112
184.490000000000122
196.142000000000133
208.794000000000144
224.506000000000158
233.058000000000165
250.339000000000181
261.04200000000019
271.6520000000002
284.010000000000211
297.996000000000223
309.130000000000233
321.520000000000244
340.717000000000261
349.525000000000269
359.799000000000278
379.037000000000295
389.136000000000304
400.521000000000314
410.785000000000323
419.820000000000331
429.30000000000034
445.440000000000354
455.027000000000362
465.933000000000372
476.131000000000381
486.18200000000039
496.219000000000399
512.732000000000414
525.762000000000425
560.299000000000456
574.175000000000468
583.993000000000477
593.557000000000486
605.319000000000496
710.477000000000589
728.816000000000606
781.036000000000652
796.202000000000666
804.565000000000673
842.293000000000706
854.068000000000717
861.766000000000724
872.483000000000733
891.55500000000075
904.981000000000762
919.129000000000775
934.115000000000788
945.138000000000798
959.24000000000081
973.318000000000823
984.365000000000833
5
0
5000
0
0
0
0
2700
99
0
0
0
0
0
0
2700.79599999992988
0
0
0
0
0
0
