11
07
19
11
07
19
cPPR1.11
FR1_day4
0
1
10
16
19
11
02
41
24
2
.3
1
114
1
74
1
1
1
1
1
1
1
1
1
1
1
1
1
1
1
1
1
1
1
1
1
1
113
-1
108.9770000000000551
109.1100000000000553
141.354000000000084
141.618000000000084
174.737000000000114
174.976000000000114
185.525000000000123
185.806000000000123
186.113000000000124
189.722000000000127
192.372000000000129
197.771000000000134
224.048000000000157
254.460000000000184
262.811000000000192
263.006000000000192
263.178000000000192
263.603000000000192
269.377000000000198
276.711000000000204
284.016000000000211
313.480000000000237
332.291000000000253
332.442000000000254
342.324000000000262
352.379000000000271
385.537000000000301
389.779000000000305
390.162000000000305
390.938000000000306
391.210000000000306
391.504000000000306
394.831000000000309
395.40400000000031
399.945000000000314
404.820000000000318
405.329000000000318
405.484000000000318
419.321000000000331
419.461000000000331
419.683000000000331
430.09000000000034
430.781000000000341
434.925000000000345
436.723000000000346
437.314000000000347
445.639000000000354
445.840000000000354
454.219000000000362
462.557000000000369
468.426000000000374
484.189000000000388
489.840000000000393
490.201000000000394
495.374000000000398
495.585000000000398
508.00000000000041
515.574000000000416
531.687000000000431
531.787000000000431
542.55100000000044
542.981000000000441
543.196000000000441
553.50200000000045
582.553000000000476
675.044000000000558
678.358000000000561
683.259000000000565
690.132000000000571
700.697000000000581
712.032000000000591
730.496000000000607
740.797000000000616
798.976000000000668
803.451000000000672
806.368000000000674
806.769000000000675
835.1920000000007
835.719000000000701
845.023000000000709
851.034000000000714
858.239000000000721
858.693000000000721
866.780000000000728
881.104000000000741
906.101000000000763
926.249000000000781
1010.483000000000856
1017.711000000000862
1301.25000000000111
1313.58100000000112
1348.11600000000116
1361.89200000000117
1371.98200000000118
1479.55500000000127
1491.43200000000128
1504.51700000000129
1522.68200000000131
1536.94400000000132
1537.54400000000132
1549.87100000000133
1570.71600000000135
1586.14200000000137
1604.78800000000138
1637.54500000000141
1651.65200000000143
2451.59999999995733
2453.86599999995708
2455.83099999995686
2456.15999999995682
2456.44899999995679
2457.07699999995672
2457.77799999995665
73
-1
108.9770000000000551
141.354000000000084
174.737000000000114
185.525000000000123
192.372000000000129
197.771000000000134
224.048000000000157
254.460000000000184
262.811000000000192
269.377000000000198
276.711000000000204
284.016000000000211
313.480000000000237
332.291000000000253
342.324000000000262
352.379000000000271
385.537000000000301
390.938000000000306
399.945000000000314
405.329000000000318
419.321000000000331
430.09000000000034
436.723000000000346
445.639000000000354
454.219000000000362
462.557000000000369
468.426000000000374
484.189000000000388
489.840000000000393
495.374000000000398
508.00000000000041
515.574000000000416
531.687000000000431
542.55100000000044
553.50200000000045
582.553000000000476
675.044000000000558
683.259000000000565
690.132000000000571
700.697000000000581
712.032000000000591
730.496000000000607
740.797000000000616
798.976000000000668
806.368000000000674
835.1920000000007
845.023000000000709
851.034000000000714
858.239000000000721
866.780000000000728
881.104000000000741
906.101000000000763
926.249000000000781
1010.483000000000856
1017.711000000000862
1301.25000000000111
1313.58100000000112
1348.11600000000116
1361.89200000000117
1371.98200000000118
1479.55500000000127
1491.43200000000128
1504.51700000000129
1522.68200000000131
1536.94400000000132
1549.87100000000133
1570.71600000000135
1586.14200000000137
1604.78800000000138
1637.54500000000141
1651.65200000000143
2451.59999999995733
2457.07699999995672
1
0
5000
0
0
0
0
2700
99
0
0
0
0
0
0
2700.79699999992988
0
0
0
0
0
0
