12
17
19
12
17
19
cPPR1.13
PR3_day2.6
0
3
11
43
51
13
01
07
23
3
.3
1
595
1
21
1
1
1
1
1
1
1
1
1
1
1
1
1
1
1
1
1
1
1
1
1
184
594
-1
14.48700000000000029
49.0360000000000019
49.3860000000000022
54.3910000000000067
55.0120000000000072
67.0920000000000179
85.8190000000000346
86.4990000000000352
86.8110000000000355
87.0640000000000357
87.3400000000000359
121.6460000000000664
147.014000000000089
147.274000000000089
147.73100000000009
147.86500000000009
148.10500000000009
148.35900000000009
151.301000000000093
151.526000000000093
151.806000000000093
152.270000000000094
164.351000000000104
164.705000000000105
165.114000000000105
166.529000000000106
169.045000000000108
169.294000000000109
169.596000000000109
169.888000000000109
170.22300000000011
170.53300000000011
172.679000000000112
172.864000000000112
173.083000000000112
229.615000000000162
230.269000000000163
230.552000000000163
230.813000000000163
231.019000000000164
231.324000000000164
232.000000000000164
232.461000000000165
232.711000000000165
232.906000000000165
233.195000000000165
233.518000000000166
234.502000000000167
235.266000000000167
235.963000000000168
236.206000000000168
259.559000000000189
260.055000000000189
260.31500000000019
260.67700000000019
261.20700000000019
261.929000000000191
262.492000000000191
262.768000000000192
262.978000000000192
263.237000000000192
263.510000000000192
264.140000000000193
266.421000000000195
267.296000000000196
267.559000000000196
267.808000000000196
268.089000000000196
268.352000000000197
268.696000000000197
283.11800000000021
283.85800000000021
284.514000000000211
352.603000000000272
353.822000000000273
354.035000000000273
354.240000000000273
354.468000000000273
354.662000000000273
355.012000000000274
356.199000000000275
356.451000000000275
356.721000000000275
357.022000000000275
359.825000000000278
361.113000000000279
361.381000000000279
361.564000000000279
362.64700000000028
363.661000000000281
363.859000000000282
365.550000000000283
371.093000000000288
374.600000000000291
376.025000000000292
390.830000000000305
391.561000000000306
392.165000000000307
392.363000000000307
392.605000000000307
392.811000000000307
393.094000000000307
393.975000000000308
395.83400000000031
396.12900000000031
396.32500000000031
396.613000000000311
396.934000000000311
397.689000000000312
397.963000000000312
398.193000000000312
400.397000000000314
400.678000000000314
400.983000000000314
401.212000000000315
401.431000000000315
401.641000000000315
407.958000000000321
411.704000000000324
412.382000000000325
412.730000000000325
412.970000000000325
413.243000000000325
413.510000000000326
413.740000000000326
413.971000000000326
414.435000000000326
416.023000000000328
416.322000000000328
417.512000000000329
417.806000000000329
418.06900000000033
418.27100000000033
418.51700000000033
418.87700000000033
421.117000000000332
422.202000000000333
422.519000000000334
422.759000000000334
423.064000000000334
423.274000000000334
423.657000000000335
426.364000000000337
426.695000000000337
427.007000000000338
436.330000000000346
448.054000000000356
448.315000000000357
448.556000000000357
449.137000000000357
449.451000000000358
449.997000000000358
452.893000000000361
453.164000000000361
453.604000000000361
454.055000000000362
454.628000000000362
454.910000000000362
455.134000000000363
455.410000000000363
455.673000000000363
455.925000000000363
459.029000000000366
459.601000000000367
459.796000000000367
460.052000000000367
460.348000000000367
460.963000000000368
461.518000000000368
463.23600000000037
464.04500000000037
464.303000000000371
466.293000000000372
466.845000000000373
467.227000000000373
467.483000000000374
473.747000000000379
480.399000000000385
480.981000000000386
482.376000000000387
482.859000000000387
483.124000000000387
483.368000000000388
483.626000000000388
483.933000000000388
484.183000000000388
484.670000000000389
486.857000000000391
487.094000000000391
487.339000000000391
488.210000000000392
488.904000000000393
490.558000000000394
493.583000000000397
493.836000000000397
494.198000000000397
495.285000000000398
496.7960000000004
497.3250000000004
497.5590000000004
497.7490000000004
501.598000000000404
502.394000000000405
502.903000000000405
503.156000000000405
503.458000000000406
503.653000000000406
503.978000000000406
504.607000000000407
508.74200000000041
522.755000000000423
523.745000000000424
525.056000000000425
527.462000000000427
527.849000000000427
528.079000000000427
528.275000000000428
528.494000000000428
528.894000000000428
529.154000000000428
529.867000000000429
531.53400000000043
531.812000000000431
532.026000000000431
533.347000000000432
535.206000000000434
542.64800000000044
544.620000000000442
545.291000000000443
545.922000000000443
546.183000000000443
547.574000000000445
548.426000000000445
548.819000000000446
549.184000000000446
549.375000000000446
549.609000000000446
549.859000000000447
550.067000000000447
552.555000000000449
553.14000000000045
553.64400000000045
554.05100000000045
554.286000000000451
554.537000000000451
554.746000000000451
554.960000000000451
625.766000000000514
626.323000000000515
626.850000000000515
627.143000000000515
627.587000000000516
631.784000000000519
631.98200000000052
632.16200000000052
632.38800000000052
632.81300000000052
634.491000000000522
634.808000000000522
635.088000000000522
635.535000000000523
636.623000000000524
637.117000000000524
643.80400000000053
644.10000000000053
644.325000000000531
644.592000000000531
644.783000000000531
645.053000000000531
645.338000000000532
647.800000000000534
648.326000000000534
648.587000000000534
648.815000000000535
649.054000000000535
649.275000000000535
649.491000000000535
651.135000000000537
651.380000000000537
651.623000000000537
651.876000000000537
652.101000000000538
652.392000000000538
652.621000000000538
652.986000000000538
655.07300000000054
658.704000000000543
667.365000000000551
673.590000000000557
677.45800000000056
678.445000000000561
678.705000000000561
678.950000000000561
681.583000000000564
681.809000000000564
682.080000000000564
682.403000000000564
683.219000000000565
683.551000000000565
683.870000000000566
684.229000000000566
684.495000000000566
684.941000000000567
685.382000000000567
687.402000000000569
747.120000000000622
748.379000000000623
748.596000000000623
748.878000000000623
749.141000000000624
749.873000000000624
750.357000000000625
751.285000000000626
751.594000000000626
751.817000000000626
752.099000000000626
752.473000000000627
755.76800000000063
756.56400000000063
757.152000000000631
757.424000000000631
757.655000000000631
757.897000000000631
758.500000000000632
760.055000000000633
760.974000000000634
761.644000000000635
761.909000000000635
763.419000000000636
763.889000000000637
824.820000000000691
825.444000000000691
826.203000000000692
826.529000000000692
826.808000000000693
827.858000000000694
830.099000000000696
830.389000000000696
830.620000000000696
831.061000000000696
831.342000000000697
831.620000000000697
832.131000000000697
833.616000000000699
833.897000000000699
834.297000000000699
834.5700000000007
834.8290000000007
835.0580000000007
840.186000000000705
840.619000000000705
840.959000000000705
841.262000000000706
841.575000000000706
843.279000000000707
843.947000000000708
844.163000000000708
844.508000000000708
844.969000000000709
847.283000000000711
847.584000000000711
847.901000000000711
848.240000000000712
849.782000000000713
854.632000000000717
1246.79200000000107
1248.85800000000107
1251.32600000000107
1251.63300000000107
1253.45100000000107
1254.27200000000107
1255.05600000000107
1255.25200000000107
1255.48500000000107
1255.78100000000107
1256.18000000000107
1321.62100000000113
1323.59200000000113
1326.40800000000114
1326.69000000000114
1327.46300000000114
1328.21900000000114
1331.73200000000114
1333.00800000000114
1333.30800000000114
1333.73900000000114
1334.08300000000114
1334.37700000000114
1334.60000000000114
1335.52300000000114
1336.07200000000114
1336.43500000000115
1336.94200000000115
1338.85600000000115
1339.29000000000115
1339.69000000000115
1342.29800000000115
1343.67400000000115
1345.97500000000115
1347.17900000000115
1347.98800000000116
1348.36900000000116
1348.78800000000116
1349.02700000000116
1349.24200000000116
1351.79900000000116
1352.09600000000116
1352.35200000000116
1352.98200000000116
1361.53900000000117
1363.13200000000117
1363.83200000000117
1368.84600000000117
1369.39600000000117
1369.66200000000117
1371.54200000000118
1371.95600000000118
1372.51800000000118
1373.05300000000118
1373.40200000000118
1374.44300000000118
1377.05300000000118
1377.46100000000118
1377.76300000000118
1378.40700000000118
1425.42300000000122
1461.82900000000126
1463.07700000000126
1463.69700000000126
1465.38100000000126
1465.62400000000126
1465.88500000000126
1466.16900000000126
1466.49400000000126
1466.76500000000126
1467.78100000000126
1468.31100000000126
1469.84200000000126
1470.12900000000126
1470.44800000000126
1470.80000000000126
1471.24200000000126
1471.70400000000127
1471.97400000000127
1474.94800000000127
1475.65300000000127
1476.04100000000127
1476.25700000000127
1476.48500000000127
1477.61100000000127
1478.26100000000127
1478.77700000000127
1479.05600000000127
1479.34200000000127
1479.89700000000127
1480.11000000000127
1482.39000000000127
1483.48400000000128
1483.73300000000128
1484.07600000000128
1484.42800000000128
1486.40800000000128
1486.90300000000128
1487.17400000000128
1487.67900000000128
1488.15600000000128
1491.18500000000128
1491.69600000000128
1491.89300000000128
1492.16400000000128
1492.55200000000128
1492.92100000000128
1493.16700000000128
1493.49000000000128
1494.18200000000129
1496.29100000000129
1496.74200000000129
2038.23000000000177
2039.44800000000177
2040.49100000000177
2041.34000000000177
2042.02700000000177
2042.75100000000177
2046.72400000000178
2047.11700000000178
2047.58400000000178
2047.85200000000178
2048.07400000000177
2048.50300000000172
2048.77600000000169
2049.13600000000165
2049.40800000000162
2049.86600000000157
2052.20500000000131
2052.61500000000127
2053.2770000000012
2053.69800000000115
2054.60700000000105
2055.34200000000097
2057.50900000000073
2058.07800000000067
2058.47100000000062
2058.7260000000006
2059.31800000000053
2059.5710000000005
2059.74400000000048
2060.16100000000044
2062.62500000000017
2111.29099999999481
2112.61799999999466
2115.52699999999434
2117.44499999999413
2118.30999999999403
2119.24699999999393
2120.65399999999378
2121.39799999999369
2122.01299999999363
2122.37299999999359
2123.01199999999352
2123.58499999999345
2123.84099999999342
2124.22099999999338
2124.52099999999335
2127.17299999999306
2127.58899999999301
2128.68699999999289
2129.25799999999283
2130.00099999999275
2130.27199999999272
2130.61699999999268
2130.85899999999265
2131.59899999999257
2224.08499999998238
2240.86599999998054
2243.41299999998026
2261.1359999999783
2265.50799999997782
2269.78399999997735
2270.37299999997729
2270.83499999997724
2271.42099999997717
2272.77399999997702
2273.67299999997692
2274.07799999997688
2274.45199999997684
2274.7479999999768
2275.05199999997677
2275.42899999997673
2275.6879999999767
2278.92099999997634
2279.19199999997632
2279.52799999997628
2281.1209999999761
2282.22599999997598
2283.16699999997588
2285.14799999997566
2286.48399999997551
2286.87899999997547
2287.33999999997542
2292.0129999999749
2293.28499999997476
2293.64699999997472
2293.8479999999747
2294.12899999997467
2349.73499999996855
2352.93599999996819
2371.9899999999661
2597.0979999999413
2606.09599999994031
2608.55199999994004
2609.62599999993992
2612.08699999993965
2614.3579999999394
2615.61599999993926
2616.44099999993917
2659.7569999999344
2701.84499999992977
2703.78699999992955
2704.05399999992952
2704.79499999992944
2705.42699999992937
2705.66599999992935
2706.16199999992929
2706.45399999992926
2706.84299999992922
2707.21899999992917
2709.03599999992897
2709.31599999992894
2709.6679999999289
2709.90899999992888
2774.1509999999218
2801.01799999991884
2803.44999999991858
2806.96899999991819
20
-1
14.48800000000000029
55.0130000000000072
121.6470000000000664
152.271000000000094
173.084000000000112
236.207000000000168
268.697000000000197
365.551000000000283
401.642000000000315
427.008000000000338
467.484000000000374
508.74300000000041
554.961000000000451
658.705000000000543
763.890000000000637
1256.18100000000107
1378.40800000000118
1496.74300000000129
2131.59999999999257
2709.90999999992888
0
0
5000
0
0
0
0
7200
0
0
0
0
0
21
0
4510.01099999973063
1800.00000000000156
1800
0
61
0
1
4
7
10
13
16
19
22
25
28
31
34
37
40
43
46
49
52
55
58
61
64
67
70
73
76
79
82
85
88
91
94
97
100
103
106
109
112
115
118
121
124
127
130
133
136
139
142
145
148
151
154
157
160
163
166
169
172
175
178
181
184
187
190
193
196
199
202
205
208
211
214
217
220
223
226
229
232
235
238
241
244
247
250
253
256
259
262
265
268
271
274
277
280
283
286
289
292
295
298
301
304
307
310
313
316
319
322
325
328
331
334
337
340
343
346
349
352
355
358
361
364
367
370
373
376
379
382
385
388
391
394
397
400
403
406
409
412
415
418
421
424
427
430
433
436
439
442
445
448
451
454
457
460
463
466
469
472
475
478
481
484
487
490
493
496
499
502
505
508
511
514
517
520
523
526
529
532
535
538
541
544
547
550
