11
28
19
11
28
19
cPPR1.10
PR3_day4
0
4
8
56
51
10
58
24
23
3
.3
1
1337
1
30
1
1
1
1
1
1
1
1
1
1
1
1
1
1
1
1
1
1
1
1
1
184
1336
-1
1.96100000000000003
6.87300000000000013
7.55100000000000014
7.74100000000000015
8.44100000000000016
9.01300000000000017
9.22300000000000018
11.61500000000000023
13.15300000000000026
13.80000000000000027
14.28000000000000028
14.71000000000000029
17.4349999999999991
17.8179999999999988
18.3549999999999983
18.9499999999999978
19.6759999999999972
24.3889999999999932
26.968999999999991
27.4609999999999906
28.3539999999999899
28.9919999999999893
41.3769999999999951
42.1689999999999958
42.6059999999999962
43.1369999999999967
43.4179999999999969
44.7649999999999981
71.0800000000000215
72.1220000000000224
73.2740000000000234
76.4890000000000263
77.253000000000027
77.7770000000000274
78.5530000000000281
80.8310000000000301
82.2290000000000314
82.8130000000000319
96.456000000000044
96.8770000000000444
97.6260000000000451
102.3150000000000492
102.6570000000000495
103.4130000000000502
105.8360000000000524
108.6430000000000548
109.2850000000000554
110.2670000000000563
110.5910000000000566
111.7430000000000576
112.6540000000000584
116.3420000000000617
117.9990000000000632
120.9530000000000658
136.039000000000079
144.788000000000087
146.491000000000088
146.785000000000089
147.68500000000009
153.428000000000095
154.351000000000095
154.760000000000096
155.262000000000096
156.573000000000097
157.284000000000098
157.947000000000099
171.382000000000111
174.661000000000113
175.366000000000114
176.027000000000115
176.227000000000115
176.824000000000115
177.942000000000116
179.998000000000118
180.152000000000118
180.856000000000119
183.337000000000121
185.358000000000123
191.776000000000129
194.237000000000131
194.564000000000131
195.658000000000132
196.532000000000133
197.042000000000133
198.964000000000135
199.716000000000136
199.976000000000136
203.036000000000139
203.723000000000139
204.37900000000014
207.725000000000143
209.891000000000145
210.253000000000145
213.523000000000148
214.484000000000149
241.655000000000173
243.052000000000174
243.748000000000175
244.851000000000176
248.104000000000179
255.871000000000186
257.183000000000187
257.702000000000187
259.640000000000189
260.55300000000019
261.16800000000019
262.330000000000191
263.788000000000193
267.625000000000196
269.677000000000198
270.438000000000199
272.1110000000002
273.553000000000201
273.998000000000202
275.179000000000203
275.680000000000203
283.12900000000021
286.536000000000213
288.475000000000215
319.062000000000242
322.615000000000245
324.556000000000247
326.554000000000248
328.32800000000025
332.499000000000254
338.173000000000259
340.03800000000026
341.119000000000261
371.775000000000289
372.314000000000289
376.408000000000293
380.960000000000297
382.512000000000298
382.848000000000298
383.867000000000299
384.1750000000003
385.687000000000301
390.028000000000305
392.841000000000307
393.650000000000308
394.179000000000308
399.167000000000313
400.412000000000314
401.411000000000315
402.397000000000316
403.491000000000317
404.683000000000318
405.873000000000319
406.228000000000319
407.62000000000032
408.115000000000321
418.22700000000033
419.966000000000331
427.277000000000338
427.802000000000338
428.578000000000339
429.011000000000339
430.17000000000034
431.424000000000342
434.905000000000345
435.352000000000345
436.341000000000346
440.61800000000035
441.38600000000035
443.339000000000352
444.085000000000353
444.646000000000353
444.976000000000354
447.782000000000356
451.574000000000359
455.479000000000363
457.111000000000364
457.551000000000365
459.752000000000367
468.087000000000374
469.397000000000375
469.804000000000376
471.001000000000377
471.639000000000377
472.952000000000378
473.676000000000379
474.27800000000038
476.730000000000382
477.486000000000382
486.54000000000039
487.861000000000392
489.412000000000393
491.404000000000395
492.396000000000396
492.905000000000396
495.252000000000398
501.050000000000403
502.834000000000405
505.560000000000407
506.522000000000408
506.718000000000408
507.888000000000409
508.05300000000041
511.884000000000413
524.984000000000425
527.937000000000427
528.737000000000428
529.823000000000429
532.108000000000431
536.109000000000434
539.040000000000437
541.83100000000044
544.347000000000442
547.382000000000444
548.474000000000445
549.690000000000447
550.277000000000447
550.646000000000447
553.20700000000045
553.87100000000045
554.431000000000451
557.088000000000453
557.947000000000454
564.076000000000459
568.417000000000463
570.056000000000465
570.632000000000465
575.491000000000469
576.55100000000047
580.827000000000474
586.666000000000479
590.378000000000483
602.999000000000494
606.080000000000497
608.883000000000499
610.598000000000501
611.079000000000501
613.045000000000503
619.455000000000508
624.214000000000513
625.141000000000514
627.883000000000516
658.332000000000543
659.165000000000544
661.357000000000546
664.876000000000549
666.58100000000055
684.818000000000567
689.375000000000571
690.634000000000572
693.262000000000574
695.804000000000576
699.52700000000058
700.788000000000581
702.241000000000582
716.385000000000595
719.533000000000597
722.9160000000006
726.555000000000604
727.627000000000605
735.124000000000611
736.921000000000613
738.718000000000614
741.583000000000617
742.432000000000618
747.686000000000622
749.080000000000624
750.614000000000625
751.799000000000626
756.55600000000063
758.933000000000632
796.430000000000666
801.993000000000671
804.258000000000673
809.463000000000677
812.51000000000068
816.232000000000683
817.194000000000684
821.564000000000688
824.545000000000691
829.325000000000695
831.115000000000696
833.639000000000699
834.262000000000699
834.8150000000007
836.944000000000702
838.928000000000703
841.735000000000706
843.945000000000708
862.109000000000724
864.073000000000726
865.913000000000727
866.776000000000728
869.529000000000731
876.344000000000737
878.786000000000739
881.122000000000741
883.612000000000743
884.917000000000744
889.155000000000748
899.020000000000757
901.010000000000759
902.36600000000076
914.24900000000077
915.093000000000771
925.875000000000781
933.135000000000787
946.527000000000799
948.721000000000801
951.764000000000804
953.904000000000806
956.129000000000808
957.927000000000809
961.165000000000812
963.392000000000814
970.07700000000082
970.67900000000082
973.339000000000823
974.083000000000823
976.531000000000826
977.475000000000826
979.378000000000828
983.015000000000831
983.757000000000832
991.353000000000839
996.626000000000844
997.417000000000844
1004.03100000000085
1005.738000000000852
1006.584000000000852
1015.65400000000086
1016.541000000000861
1018.883000000000863
1028.92100000000087
1034.33000000000088
1040.23600000000088
1041.60300000000088
1047.26800000000089
1049.42800000000089
1049.97200000000089
1052.73100000000089
1056.7670000000009
1073.13100000000091
1089.11600000000093
1094.66400000000093
1096.82400000000093
1099.24100000000093
1102.31300000000094
1103.10000000000094
1106.10000000000094
1107.72000000000094
1109.30900000000094
1129.58400000000096
1131.29800000000096
1132.97700000000096
1133.68200000000097
1144.25100000000097
1147.46700000000098
1150.41800000000098
1152.18700000000098
1156.35100000000099
1158.93900000000099
1160.57500000000099
1165.78000000000099
1168.254000000001
1168.909000000001
1170.035000000001
1170.707000000001
1177.816000000001
1179.32300000000101
1210.22200000000103
1210.89500000000103
1212.58700000000104
1213.53400000000104
1213.82100000000104
1220.78700000000104
1223.91800000000105
1225.25800000000105
1245.70600000000106
1257.05500000000107
1263.35700000000108
1269.44200000000109
1278.84000000000109
1281.9340000000011
1293.18600000000111
1294.37500000000111
1321.46800000000113
1323.76500000000113
1325.60900000000114
1340.75800000000115
1342.38700000000115
1342.80300000000115
1345.24700000000115
1345.45900000000115
1346.91700000000115
1349.93200000000116
1351.10900000000116
1351.70600000000116
1410.05900000000121
1414.89900000000121
1415.60800000000122
1416.64800000000122
1419.54100000000122
1422.79800000000122
1423.91700000000122
1425.67600000000122
1427.19300000000123
1428.17400000000123
1430.77400000000123
1432.15300000000123
1441.03800000000124
1442.12400000000124
1442.68400000000124
1445.05400000000124
1445.88000000000124
1446.58500000000124
1447.44300000000124
1468.59700000000126
1470.54900000000126
1471.65900000000127
1474.60500000000127
1474.97700000000127
1476.19300000000127
1478.10700000000127
1483.04400000000128
1483.65200000000128
1490.55700000000128
1491.40300000000128
1494.63800000000129
1500.82500000000129
1505.0060000000013
1507.2290000000013
1530.68800000000132
1531.77800000000132
1534.42700000000132
1535.68500000000132
1537.11700000000132
1538.10900000000132
1557.95000000000134
1561.85600000000135
1563.12200000000135
1567.07800000000135
1577.17300000000136
1578.21000000000136
1578.98300000000136
1579.91700000000136
1581.21700000000136
1582.21700000000136
1584.02800000000137
1589.16500000000137
1591.30200000000137
1595.16100000000138
1599.49500000000138
1603.60900000000138
1604.91900000000138
1610.95000000000139
1612.44400000000139
1615.50600000000139
1617.7330000000014
1620.4060000000014
1626.6330000000014
1628.4410000000014
1629.17500000000141
1631.77000000000141
1633.25700000000141
1634.24300000000141
1637.21500000000141
1638.86200000000141
1639.96200000000141
1654.79500000000143
1659.61100000000143
1663.28700000000144
1664.30100000000144
1667.95000000000144
1674.47700000000145
1682.23200000000145
1683.42300000000145
1685.03500000000145
1692.26900000000146
1694.53600000000146
1698.37700000000147
1702.30200000000147
1706.81800000000147
1738.5630000000015
1740.0510000000015
1743.75400000000151
1747.19200000000151
1748.75900000000151
1749.23200000000151
1750.84400000000151
1768.66200000000153
1776.96000000000154
1780.30400000000154
1781.74500000000154
1783.12500000000154
1788.90300000000155
1789.87600000000155
1801.29000000000156
1804.23100000000156
1805.86900000000156
1809.20200000000157
1810.74600000000157
1811.71000000000157
1817.05100000000157
1818.09400000000157
1836.46200000000159
1842.62100000000159
1845.4970000000016
1849.7390000000016
1854.58200000000161
1859.31400000000161
1860.40700000000161
1876.63200000000162
1879.82600000000163
1882.43500000000163
1884.15200000000163
1884.73800000000163
1889.07300000000164
1892.52400000000164
1893.08400000000164
1898.39500000000164
1904.46200000000165
1977.23600000000171
1978.60300000000172
1981.43600000000172
1983.67000000000172
1985.22800000000172
1993.85100000000173
1996.26700000000173
1998.75300000000173
2002.55500000000174
2006.92100000000174
2052.10400000000133
2071.72199999999916
2074.90899999999881
2078.09299999999846
2090.52499999999709
2136.60299999999202
2143.75799999999123
2145.75299999999101
2146.87799999999089
2149.93999999999055
2155.31199999998996
2156.83299999998979
2161.57699999998927
2176.17899999998766
2177.79099999998748
2178.69099999998738
2197.89899999998527
2200.23899999998501
2202.95699999998471
2204.65899999998452
2216.28599999998324
2223.9479999999824
2230.08399999998172
2241.26199999998049
2252.86099999997922
2260.02599999997843
2271.40399999997717
2272.86799999997701
2278.71799999997637
2287.98499999997535
2309.90599999997293
2316.22899999997224
2324.21799999997136
2327.04299999997104
2357.14999999996773
2359.62499999996746
2361.75799999996722
2365.37899999996682
2368.84699999996644
2369.43699999996638
2369.80999999996633
2371.48299999996615
2373.14099999996597
2374.51699999996582
2375.32299999996573
2376.66199999996558
2378.59799999996537
2379.26999999996529
2380.00099999996521
2383.59299999996482
2424.76799999996028
2426.27799999996012
2431.71499999995952
2433.52299999995932
2437.76899999995885
2440.9139999999585
2458.67199999995655
2463.693999999956
2465.11299999995584
2465.90999999995575
2466.91999999995564
2467.66799999995556
2471.53799999995513
2527.78099999994894
2528.97099999994881
2534.4429999999482
2541.62099999994741
2546.70899999994685
2547.46299999994677
2549.0329999999466
2574.96799999994374
2592.39399999994182
2596.31199999994139
2597.33499999994128
2600.48899999994093
2604.04699999994054
2604.62999999994047
2606.73299999994024
2607.33099999994018
2612.79999999993957
2614.51799999993938
2615.14299999993932
2622.92499999993846
2623.94899999993835
2624.60199999993827
2625.04899999993822
2628.09699999993789
2628.85599999993781
2636.34299999993698
2639.01799999993669
2644.3699999999361
2645.57299999993596
2648.8429999999356
2650.01799999993547
2678.12599999993238
2681.81099999993197
2687.31199999993137
2690.16599999993105
2694.54799999993057
2695.29299999993049
2708.45599999992904
2711.28799999992873
2715.49599999992826
2723.85899999992734
2726.18399999992709
2730.32299999992663
2739.93499999992557
2768.90199999992238
2770.82999999992217
2772.44899999992199
2776.61999999992153
2777.65599999992142
2778.63699999992131
2784.58299999992065
2786.18899999992048
2788.60399999992021
2791.78399999991986
2795.52899999991945
2796.38699999991935
2798.85299999991908
2803.30899999991859
2861.89099999991214
2865.23099999991177
2869.5239999999113
2872.205999999911
2874.9559999999107
2875.72599999991062
2877.30699999991044
2881.90099999990994
2882.60999999990986
2890.17399999990903
2892.52599999990877
2910.04499999990684
2921.62899999990556
2928.81899999990477
2937.01399999990387
2950.20499999990241
2954.9139999999019
2955.7689999999018
2961.09899999990121
2961.88999999990113
2964.07799999990089
2985.06599999989857
2985.89999999989848
2988.07799999989824
2989.89099999989804
2994.63699999989752
2998.65099999989708
3005.7029999998963
3006.91399999989617
3009.40999999989589
3011.26899999989569
3012.17699999989559
3014.24399999989536
3015.09199999989527
3018.80799999989486
3019.83499999989474
3029.42999999989369
3030.93299999989352
3032.42399999989336
3082.73499999988782
3090.203999999887
3093.62099999988662
3111.0029999998847
3112.16399999988458
3113.49099999988443
3163.18299999987896
3167.73999999987846
3181.19299999987697
3183.62399999987671
3186.68599999987637
3190.029999999876
3190.9799999998759
3199.02299999987501
3200.27399999987487
3203.86299999987448
3232.44899999987133
3236.60799999987087
3237.35399999987079
3241.42799999987034
3242.87999999987018
3248.95599999986951
3268.62799999986734
3270.10899999986718
3271.52599999986703
3280.56599999986603
3305.84299999986325
3309.65299999986283
3311.19799999986266
3313.19099999986244
3315.53399999986218
3318.28299999986188
3325.01199999986113
3326.38899999986098
3337.36699999985977
3338.47499999985965
3381.91499999985487
3383.92999999985465
3395.00199999985343
3406.49399999985216
3408.01599999985199
3408.51699999985194
3410.90199999985168
3411.34799999985163
3411.93099999985156
3413.24299999985142
3413.81099999985135
3422.76799999985037
3424.3149999998502
3433.56199999984918
3436.01799999984891
3438.95399999984859
3440.08799999984846
3444.60999999984796
3459.89299999984628
3462.23999999984602
3466.45599999984556
3467.47799999984544
3468.7559999998453
3470.6419999998451
3473.38599999984479
3483.41099999984369
3484.54999999984356
3494.91999999984242
3497.11099999984218
3501.39299999984171
3502.31699999984161
3504.13599999984141
3504.90899999984132
3505.34699999984127
3506.9149999998411
3517.21199999983997
3525.1259999998391
3526.010999999839
3544.76299999983693
3547.95699999983658
3553.36099999983599
3558.10099999983546
3560.90199999983516
3564.49499999983476
3565.35599999983466
3566.15099999983458
3567.28799999983445
3573.34399999983378
3601.26499999983071
3604.15399999983039
3605.8699999998302
3610.09899999982974
3614.9459999998292
3616.29599999982905
3629.91799999982755
3632.47999999982727
3634.60199999982704
3637.6569999998267
3638.47999999982661
3643.37499999982607
3644.19199999982598
3645.20199999982587
3655.7949999998247
3658.28099999982443
3666.91099999982348
3669.91999999982315
3670.80799999982305
3707.04499999981906
3713.12299999981839
3716.19699999981805
3718.42899999981781
3748.57899999981449
3755.08399999981377
3779.3479999998111
3779.98399999981103
3780.62099999981096
3784.08899999981057
3786.71099999981029
3830.65299999980545
3839.09999999980452
3841.0899999998043
3846.98199999980365
3849.94999999980332
3852.38999999980305
3853.38199999980294
3854.88899999980278
3855.34699999980273
3855.88499999980267
3857.46199999980249
3863.90799999980178
3868.10799999980132
3876.58599999980039
3877.48499999980029
3881.79899999979981
3883.27099999979965
3884.08699999979956
3888.08499999979912
3888.84399999979904
3892.8219999997986
3894.12899999979846
3932.45399999979423
3936.90399999979374
3941.17599999979327
3942.7189999997931
3946.64899999979267
3954.47699999979181
3959.44799999979126
3960.8679999997911
3962.99499999979087
3965.32099999979061
3965.95999999979054
3969.1169999997902
3972.36599999978984
3977.18799999978931
3978.51499999978916
4000.41499999978675
4005.97599999978614
4007.15799999978601
4008.66999999978584
4029.68899999978353
4031.90099999978328
4053.39299999978092
4057.24299999978049
4060.00499999978019
4063.65999999977978
4090.54299999977682
4106.56599999977506
4108.70799999977482
4110.36099999977464
4111.09699999977456
4112.5479999997744
4113.24399999977432
4116.12399999977401
4166.46499999976846
4171.86399999976787
4176.65199999976734
4177.9109999997672
4200.40799999976472
4201.66999999976458
4210.81099999976358
4229.6359999997615
4243.37199999975999
4247.36999999975955
4256.44699999975855
4257.64199999975842
4259.25899999975824
4260.5899999997581
4263.80399999975774
4268.93299999975718
4274.59599999975655
4283.58199999975556
4314.1549999997522
4316.7999999997519
4322.92099999975123
4324.53399999975105
4326.19399999975087
4334.08599999975
4339.82299999974937
4344.75099999974883
4349.71299999974828
4352.284999999748
4354.65199999974774
4363.05299999974681
4366.83399999974639
4382.49499999974467
4384.67799999974443
4386.63899999974421
4387.50899999974412
4389.07399999974394
4390.25599999974381
4399.34299999974281
4452.40099999973697
4454.23899999973677
4459.45499999973619
4460.57499999973607
4461.87799999973593
4462.88499999973582
4464.38499999973565
4465.69799999973551
4468.28999999973522
4469.13199999973513
4476.37999999973433
4476.84299999973428
4481.84499999973373
4483.50499999973354
4486.89399999973317
4488.13299999973304
4511.71999999973044
4512.89699999973031
4514.33099999973015
4515.84499999972998
4516.71299999972989
4518.10799999972973
4520.31499999972949
4618.99299999971862
4620.22999999971849
4621.47799999971835
4622.19199999971827
4624.73199999971799
4658.45299999971428
4662.12599999971387
4664.25899999971364
4666.3779999997134
4667.03799999971333
4667.89399999971324
4668.41599999971318
4669.56299999971305
4679.88299999971192
4681.33499999971176
4683.17999999971155
4695.4999999997102
4715.18699999970803
4719.59199999970754
4720.23599999970747
4722.58699999970721
4723.89499999970707
4724.96299999970695
4731.7469999997062
4733.02099999970606
4739.91399999970531
4741.21899999970516
4742.04199999970507
4742.86199999970498
4747.07399999970452
4748.00799999970441
4749.27899999970427
4749.71599999970423
4754.4839999997037
4756.02599999970353
4787.54099999970006
4789.9169999996998
4791.07399999969967
4796.61599999969906
4797.74799999969894
4798.67999999969883
4799.48999999969874
4801.19399999969856
4844.17599999969382
4846.68999999969355
4851.36899999969303
4853.62199999969278
4856.10299999969251
4858.27699999969227
4862.78999999969177
4864.06399999969163
4869.25399999969106
4873.79799999969056
4874.42799999969049
4877.46199999969016
4881.32799999968973
4883.90099999968945
4892.98099999968845
4898.67399999968782
4902.34099999968742
4917.73599999968572
4918.71999999968561
4922.10499999968524
4925.58299999968486
4929.40199999968444
4931.64299999968419
4934.97899999968382
4942.470999999683
4948.93599999968229
4952.00299999968195
5100.07199999966564
5105.63899999966503
5106.7679999996649
5108.90699999966467
5113.1769999996642
5115.02699999966399
5130.71399999966227
5132.1839999996621
5147.58799999966041
5150.27699999966011
5150.98199999966003
5153.33599999965977
5154.8959999996596
5169.04099999965804
5170.13199999965792
5177.43499999965712
5182.85399999965652
5196.37099999965503
5199.24899999965472
5200.68199999965456
5201.67199999965445
5202.66499999965434
5229.77999999965135
5239.47399999965029
5241.36499999965008
5243.22899999964987
5244.65399999964972
5246.18299999964955
5272.9859999996466
5277.79099999964607
5280.37399999964578
5281.18799999964569
5283.40699999964545
5286.62899999964509
5292.9139999996444
5305.29599999964304
5306.23799999964293
5309.2589999996426
5311.92099999964231
5315.21899999964194
5316.03799999964185
5317.57499999964169
5349.53999999963816
5455.94099999962645
5459.77199999962602
5461.04899999962588
5462.23999999962575
5464.26199999962553
5489.48899999962275
5492.07099999962247
5495.98999999962204
5497.47299999962187
5498.70799999962174
5500.32299999962156
5501.7889999996214
5502.72299999962129
5510.20299999962047
5512.45499999962022
5521.38199999961924
5526.58999999961867
5538.9599999996173
5539.55399999961724
5540.25799999961716
5541.14399999961706
5542.28599999961694
5542.67999999961689
5543.35499999961682
5543.86099999961676
5545.72999999961656
5555.28099999961551
5557.93499999961521
5559.65199999961502
5562.01699999961476
5562.47499999961471
5576.41099999961318
5595.89199999961103
5601.07899999961046
5603.59399999961018
5608.73199999960962
5610.54299999960942
5612.00399999960926
5617.9979999996086
5619.32199999960845
5624.13599999960792
5650.31799999960504
5655.1809999996045
5657.77599999960422
5659.96399999960398
5668.33499999960305
5679.80899999960179
5682.67199999960148
5683.89499999960134
5687.8659999996009
5688.62799999960082
5690.02299999960067
5690.70799999960059
5708.27199999959866
5711.32699999959832
5716.0489999995978
5719.44899999959743
5722.27399999959711
5767.07999999959218
5769.24799999959194
5776.34699999959116
5806.93899999958779
5808.87599999958758
5812.2589999995872
5814.72099999958693
5816.09299999958678
5817.91899999958658
5818.30999999958654
5819.18299999958644
5857.20299999958225
5865.98699999958129
5867.03699999958117
5894.46899999957815
5896.84799999957789
5900.00599999957754
5903.74999999957713
5907.77699999957668
5908.88199999957656
5909.52799999957649
5912.97999999957611
5914.25399999957597
5915.64899999957582
5926.23099999957465
5929.37399999957431
5965.81399999957029
5966.92099999957017
5968.54699999956999
5972.15899999956959
5974.52699999956933
5975.91799999956918
5982.27999999956848
5984.08599999956828
5987.5069999995679
5991.1249999995675
5994.28899999956716
5996.38499999956692
5999.59399999956657
6007.05699999956575
6008.33699999956561
6015.7159999995648
6061.25199999955978
6063.8259999995595
6067.54999999955909
6070.76299999955873
6073.61599999955842
6079.51999999955777
6083.72699999955731
6093.46599999955623
6095.83799999955597
6098.38599999955569
6100.80899999955542
6160.81799999954882
6166.3629999995482
6168.50199999954797
6171.43399999954765
6176.71499999954706
6177.74799999954695
6184.88399999954616
6186.24499999954602
6187.17099999954591
6190.33699999954556
6194.37699999954512
6196.52899999954488
6212.11199999954317
6213.04299999954306
6215.67599999954277
6217.49199999954257
6218.2029999995425
6218.70899999954244
6245.51199999953949
6249.0629999995391
6252.6679999995387
6254.39999999953851
6259.60599999953794
6275.12999999953623
6291.28099999953445
6293.74299999953418
6297.47399999953376
6299.52799999953354
6300.93699999953338
6322.71599999953098
6327.95799999953041
6331.79399999952998
6338.0309999995293
6357.28699999952718
6363.49399999952649
6364.24499999952641
6365.13699999952631
6365.80799999952624
6367.44799999952606
6377.66399999952493
6386.37099999952397
6390.99699999952346
6391.93499999952336
6441.22399999951793
6443.39599999951769
6444.43099999951758
6446.32199999951737
6450.83799999951687
6451.98299999951675
6454.67099999951645
6457.08099999951619
6457.59799999951613
6458.87499999951599
6459.60299999951591
6464.84999999951533
6465.1539999995153
6467.98899999951499
6468.99399999951488
6473.98299999951433
6485.22499999951309
6492.14499999951233
6497.01899999951179
6504.74899999951094
6507.52299999951063
6508.16999999951056
6521.26099999950912
6521.57799999950908
6528.89499999950828
6545.20099999950648
6546.25899999950637
6547.50099999950623
6551.3839999995058
6552.14199999950572
6552.73999999950565
6553.87399999950553
6559.13299999950495
6559.75299999950488
6562.98299999950452
6569.96899999950375
6575.32099999950316
6578.82199999950278
6597.90899999950068
6598.85999999950057
6606.96799999949968
6607.95599999949957
6608.97699999949946
6614.9109999994988
6637.94099999949627
6639.01099999949615
6649.70999999949497
6652.01699999949472
6654.15199999949448
6655.68699999949431
6656.85699999949418
6657.6109999994941
6661.2709999994937
6662.33099999949358
6663.45799999949346
6677.29299999949193
6678.26599999949183
6679.74899999949166
6683.44299999949126
6690.3009999994905
6712.45199999948806
6714.06499999948788
6715.05499999948778
6718.4239999994874
6724.8439999994867
6733.08799999948579
6736.20399999948545
6754.7889999994834
6756.6019999994832
6760.2729999994828
6763.74799999948241
6819.85299999947623
6825.93499999947556
6827.91999999947534
6831.26499999947498
6835.89599999947447
6838.54399999947418
6840.72899999947393
6844.19299999947355
6846.00399999947335
6848.05899999947313
6850.75899999947283
6856.28499999947222
6857.83099999947205
6859.12499999947191
6861.54299999947164
6862.76199999947151
6866.21999999947113
6868.11499999947092
6871.80299999947051
6874.82899999947018
6878.07499999946982
6879.93299999946962
6882.17599999946937
6885.17999999946904
6885.72599999946898
6885.96099999946895
6890.91499999946841
6918.58999999946536
6920.28799999946517
6921.07599999946508
6929.91099999946411
6930.24399999946408
6931.77799999946391
6932.55899999946382
6934.25999999946363
6935.17099999946353
6940.20099999946298
6972.50099999945942
6976.78999999945895
6979.68099999945863
6981.83799999945839
6983.12999999945825
6984.42399999945811
6985.25999999945802
6998.1439999994566
7000.36299999945635
7002.30899999945614
7004.14599999945594
7008.82399999945542
7010.59799999945523
7011.69099999945511
7014.39999999945481
7015.78899999945465
7020.91799999945409
7022.80799999945388
7025.06899999945363
7078.38699999944776
7100.07099999944537
7104.23199999944491
7107.0579999994446
7113.79299999944386
7114.40999999944379
7123.68899999944277
7125.03799999944262
7141.92999999944076
7144.03599999944053
7146.50699999944026
7147.73499999944012
7150.36299999943983
7153.28499999943951
7153.83999999943945
7155.26699999943929
7157.53399999943904
7158.08399999943898
7159.85299999943879
7179.91399999943658
7184.67599999943605
7188.58799999943562
7190.52899999943541
7196.45499999943476
7197.50299999943464
29
-1
1.96200000000000003
9.01400000000000017
19.6769999999999972
44.7659999999999981
97.6270000000000451
147.68600000000009
185.359000000000123
248.105000000000179
332.500000000000254
419.967000000000331
477.487000000000382
557.948000000000454
727.628000000000605
889.156000000000748
1073.13200000000091
1325.61000000000114
1538.11000000000132
1750.84500000000151
2161.57799999998927
2574.96899999994374
2892.52699999990877
3338.47599999985965
3670.80899999982305
4177.9119999997672
4683.18099999971155
5202.66599999965434
5722.27499999959711
6300.93799999953338
6763.74899999948241
0
0
5000
0
0
0
0
7200
0
0
0
0
0
30
0
7200.00099999943437
436.352000000000346
1800
0
88
0
1
4
7
10
13
16
19
22
25
28
31
34
37
40
43
46
49
52
55
58
61
64
67
70
73
76
79
82
85
88
91
94
97
100
103
106
109
112
115
118
121
124
127
130
133
136
139
142
145
148
151
154
157
160
163
166
169
172
175
178
181
184
187
190
193
196
199
202
205
208
211
214
217
220
223
226
229
232
235
238
241
244
247
250
253
256
259
262
265
268
271
274
277
280
283
286
289
292
295
298
301
304
307
310
313
316
319
322
325
328
331
334
337
340
343
346
349
352
355
358
361
364
367
370
373
376
379
382
385
388
391
394
397
400
403
406
409
412
415
418
421
424
427
430
433
436
439
442
445
448
451
454
457
460
463
466
469
472
475
478
481
484
487
490
493
496
499
502
505
508
511
514
517
520
523
526
529
532
535
538
541
544
547
550
