11
29
19
11
29
19
cPPR1.12
PR3_day5
0
2
9
32
20
11
29
20
23
3
.3
1
1124
1
28
1
1
1
1
1
1
1
1
1
1
1
1
1
1
1
1
1
1
1
1
1
184
1123
-1
14.7910000000000003
23.3519999999999941
24.2609999999999933
31.2329999999999874
32.9539999999999876
58.6480000000000104
59.8970000000000116
60.9480000000000125
61.9340000000000134
65.2560000000000163
66.7530000000000176
92.7660000000000407
98.2760000000000456
111.9120000000000578
112.8570000000000586
113.6190000000000593
116.2960000000000616
117.0550000000000623
123.2910000000000678
125.2870000000000696
125.6320000000000699
125.8930000000000702
131.660000000000075
132.610000000000076
133.337000000000077
133.489000000000077
134.356000000000078
138.269000000000081
138.428000000000081
139.147000000000082
140.188000000000083
141.562000000000084
142.671000000000085
143.667000000000086
144.513000000000087
151.212000000000093
153.269000000000094
153.768000000000095
154.483000000000096
154.973000000000096
155.716000000000097
156.350000000000097
157.426000000000098
159.2780000000001
161.117000000000101
162.096000000000102
163.189000000000103
164.230000000000104
165.344000000000105
165.701000000000106
166.756000000000106
192.95800000000013
196.710000000000133
197.666000000000134
199.173000000000135
199.730000000000136
201.214000000000137
201.726000000000138
202.115000000000138
203.199000000000139
203.392000000000139
203.936000000000139
208.072000000000143
209.119000000000144
210.803000000000146
211.396000000000146
214.005000000000148
214.967000000000149
217.674000000000152
218.243000000000152
230.649000000000163
231.661000000000164
231.922000000000164
232.228000000000165
234.462000000000167
235.005000000000167
236.843000000000169
237.286000000000169
237.77200000000017
238.25100000000017
239.125000000000171
240.518000000000172
241.321000000000173
248.456000000000179
249.48800000000018
250.00000000000018
253.121000000000183
253.437000000000183
254.221000000000184
254.643000000000185
255.526000000000185
257.173000000000187
257.487000000000187
262.065000000000191
267.019000000000196
268.833000000000197
271.393000000000199
272.0110000000002
272.723000000000201
273.341000000000201
274.069000000000202
275.062000000000203
275.720000000000203
275.887000000000203
276.632000000000204
278.546000000000206
280.961000000000208
281.296000000000208
282.86500000000021
283.43200000000021
283.993000000000211
284.906000000000211
285.157000000000212
285.689000000000212
287.468000000000214
288.430000000000214
288.968000000000215
289.740000000000216
291.067000000000217
292.116000000000218
296.456000000000222
296.575000000000222
296.882000000000222
297.069000000000222
298.468000000000223
300.889000000000226
302.747000000000227
303.332000000000228
303.679000000000228
304.012000000000228
304.891000000000229
309.227000000000233
310.171000000000234
310.832000000000234
311.530000000000235
311.931000000000235
314.653000000000238
314.819000000000238
315.036000000000238
316.006000000000239
318.033000000000241
318.517000000000241
320.333000000000243
321.549000000000244
324.088000000000246
325.299000000000247
326.494000000000248
327.747000000000249
328.01800000000025
357.728000000000276
358.431000000000277
358.979000000000277
359.106000000000277
359.926000000000278
360.249000000000278
361.463000000000279
361.73100000000028
362.22800000000028
364.098000000000282
365.027000000000283
366.736000000000284
387.235000000000302
390.582000000000305
391.527000000000306
392.336000000000307
392.862000000000307
395.177000000000309
397.895000000000312
399.679000000000313
406.81000000000032
407.20000000000032
408.086000000000321
408.925000000000322
414.322000000000326
414.738000000000327
415.067000000000327
416.000000000000328
417.332000000000329
419.899000000000331
420.739000000000332
454.406000000000362
470.310000000000376
473.602000000000379
473.967000000000379
474.49700000000038
475.836000000000381
476.553000000000382
477.371000000000382
478.887000000000384
484.006000000000388
485.50300000000039
491.741000000000395
493.143000000000396
494.882000000000398
496.6690000000004
500.078000000000402
500.924000000000403
501.873000000000404
503.618000000000406
504.383000000000406
504.804000000000407
504.960000000000407
505.285000000000407
508.03000000000041
511.992000000000413
512.748000000000414
513.331000000000414
513.795000000000415
514.442000000000415
515.413000000000416
516.026000000000417
516.559000000000417
518.166000000000419
518.523000000000419
529.159000000000428
536.785000000000435
539.073000000000437
541.663000000000439
543.696000000000441
545.045000000000442
546.588000000000444
547.003000000000444
548.443000000000445
550.201000000000447
552.060000000000449
553.54500000000045
554.13100000000045
555.066000000000451
555.876000000000452
557.480000000000453
557.616000000000454
557.834000000000454
558.376000000000454
558.764000000000455
560.057000000000456
560.539000000000456
560.730000000000456
561.036000000000457
562.724000000000458
562.919000000000458
563.992000000000459
564.94000000000046
566.459000000000461
579.222000000000473
583.393000000000476
612.124000000000502
613.011000000000503
613.949000000000504
614.806000000000504
617.277000000000507
617.541000000000507
617.796000000000507
665.531000000000549
667.851000000000552
668.541000000000552
669.592000000000553
670.743000000000554
671.825000000000555
673.780000000000557
674.606000000000557
674.828000000000558
675.366000000000558
676.301000000000559
676.785000000000559
680.153000000000562
681.063000000000563
681.802000000000564
682.263000000000564
682.952000000000565
683.108000000000565
683.279000000000565
683.571000000000565
683.931000000000566
684.436000000000566
684.994000000000567
685.615000000000567
689.685000000000571
690.541000000000572
691.514000000000572
692.862000000000574
693.843000000000575
695.523000000000576
697.736000000000578
698.883000000000579
706.198000000000586
706.664000000000586
707.694000000000587
709.596000000000589
710.445000000000589
716.252000000000594
716.460000000000595
717.552000000000596
759.903000000000633
761.156000000000634
761.616000000000635
765.380000000000638
766.240000000000639
766.771000000000639
768.806000000000641
769.767000000000642
770.880000000000643
771.079000000000643
771.370000000000643
772.622000000000645
773.742000000000646
774.566000000000646
775.929000000000648
777.710000000000649
779.13100000000065
780.465000000000652
784.180000000000655
787.359000000000658
788.044000000000658
789.58300000000066
790.17800000000066
790.922000000000661
791.610000000000661
799.075000000000668
799.395000000000668
800.677000000000669
802.244000000000671
803.455000000000672
804.048000000000672
804.817000000000673
805.241000000000674
807.361000000000675
810.159000000000678
815.875000000000683
817.832000000000685
818.362000000000685
818.798000000000686
823.55000000000069
823.75700000000069
825.528000000000692
826.265000000000692
826.428000000000692
874.666000000000735
877.319000000000738
878.288000000000738
879.67800000000074
880.47700000000074
880.959000000000741
881.520000000000741
884.706000000000744
885.158000000000744
886.211000000000745
888.041000000000747
890.84700000000075
891.23200000000075
892.397000000000751
893.346000000000752
897.091000000000755
907.200000000000764
910.543000000000767
912.133000000000768
918.568000000000774
919.749000000000775
926.972000000000782
994.219000000000841
997.623000000000844
998.124000000000845
999.175000000000846
1000.428000000000847
1001.032000000000847
1001.916000000000848
1002.465000000000849
1003.110000000000849
1018.731000000000863
1019.279000000000864
1028.45400000000087
1029.04400000000087
1030.02300000000087
1031.23000000000087
1032.86000000000088
1033.81900000000088
1036.66200000000088
1039.01700000000088
1040.07500000000088
1043.31500000000088
1045.03400000000089
1046.94400000000089
1048.78100000000089
1049.08700000000089
1065.2820000000009
1065.8270000000009
1066.32300000000091
1066.91600000000091
1099.59300000000093
1101.25300000000094
1171.481000000001
1172.082000000001
1174.251000000001
1174.739000000001
1177.964000000001
1178.363000000001
1180.52300000000101
1184.96600000000101
1186.80500000000101
1192.95100000000102
1193.63900000000102
1194.38900000000102
1195.07500000000102
1195.29900000000102
1196.43600000000102
1197.77800000000102
1198.46600000000102
1205.65500000000103
1206.29400000000103
1206.80300000000103
1207.57300000000103
1212.09500000000103
1214.69800000000104
1215.60500000000104
1219.97200000000104
1221.78300000000104
1222.47500000000104
1224.43300000000105
1225.69200000000105
1227.14900000000105
1227.79800000000105
1227.95500000000105
1228.59600000000105
1257.89100000000108
1260.72600000000108
1261.54000000000108
1266.32100000000108
1266.78900000000108
1272.91800000000109
1273.65700000000109
1275.81900000000109
1277.62200000000109
1278.89300000000109
1294.07400000000111
1295.43600000000111
1296.87500000000111
1298.03400000000111
1298.95000000000111
1301.95600000000111
1302.39100000000112
1303.03900000000112
1305.01800000000112
1305.61700000000112
1306.05500000000112
1307.39100000000112
1308.83300000000112
1310.02300000000112
1310.90300000000112
1311.42600000000112
1311.79400000000112
1312.87500000000112
1320.21000000000113
1325.00400000000114
1326.40000000000114
1328.04600000000114
1328.81200000000114
1330.63000000000114
1331.35800000000114
1333.16800000000114
1335.77500000000114
1345.44600000000115
1347.24700000000115
1353.11900000000116
1356.48900000000116
1363.40200000000117
1387.71500000000119
1390.93500000000119
1393.6920000000012
1395.4780000000012
1396.1700000000012
1398.1760000000012
1399.8560000000012
1402.3290000000012
1403.83500000000121
1430.30800000000123
1432.08200000000123
1434.80300000000123
1437.44100000000124
1438.59000000000124
1441.96600000000124
1443.38100000000124
1444.02300000000124
1445.46000000000124
1447.17900000000124
1447.65200000000124
1447.83600000000124
1468.38000000000126
1497.98800000000129
1508.9340000000013
1510.8090000000013
1511.5680000000013
1513.0160000000013
1525.70200000000131
1529.77500000000132
1532.10600000000132
1534.13100000000132
1534.55100000000132
1535.64200000000132
1536.64200000000132
1538.14700000000132
1538.45100000000132
1538.92400000000132
1539.73000000000133
1540.18100000000133
1545.05000000000133
1548.21000000000133
1548.86900000000133
1554.05400000000134
1556.27800000000134
1558.99000000000134
1560.29700000000134
1561.84700000000135
1562.71600000000135
1565.10300000000135
1566.12700000000135
1567.30900000000135
1569.41600000000135
1569.79800000000135
1570.54800000000135
1577.90400000000136
1578.46100000000136
1579.17500000000136
1580.97900000000136
1582.92500000000136
1586.12800000000137
1587.80000000000137
1588.16300000000137
1589.00600000000137
1600.44800000000138
1602.47900000000138
1603.67800000000138
1607.71500000000139
1609.87700000000139
1610.51800000000139
1612.22900000000139
1616.41800000000139
1619.6860000000014
1622.8300000000014
1625.1880000000014
1627.2620000000014
1628.5710000000014
1682.25400000000145
1685.46700000000146
1692.77100000000146
1693.89600000000146
1695.21000000000146
1734.4780000000015
1736.9010000000015
1743.57300000000151
1745.68000000000151
1746.45500000000151
1748.74000000000151
1750.25400000000151
1751.01200000000151
1752.58800000000151
1753.86500000000152
1754.39200000000152
1758.21100000000152
1758.84500000000152
1760.11400000000152
1761.92500000000152
1763.14700000000152
1772.47400000000153
1791.55900000000155
1794.65000000000155
1794.89400000000155
1795.60700000000155
1799.02700000000156
1800.52300000000156
1801.16200000000156
1806.84900000000156
1807.19000000000156
1808.64800000000156
1808.77600000000156
1809.87100000000157
1810.50800000000157
1840.26900000000159
1843.7570000000016
1845.6650000000016
1846.5120000000016
1846.6540000000016
1848.0620000000016
1849.1850000000016
1849.6940000000016
1854.57200000000161
1855.40100000000161
1856.79800000000161
1857.53600000000161
1865.45300000000162
1866.04900000000162
1868.19200000000162
1869.97400000000162
1870.57900000000162
1872.26900000000162
1874.19500000000162
1876.47100000000162
1876.76100000000163
1877.05100000000163
1879.13400000000163
1948.89400000000169
1950.52000000000169
1951.45900000000169
1952.39800000000169
1954.27000000000169
1958.3140000000017
1959.0590000000017
1960.7150000000017
1961.2760000000017
1964.3680000000017
1965.0700000000017
1966.71900000000171
1967.78900000000171
1973.49600000000171
1976.90000000000171
2018.08400000000175
2036.82600000000177
2039.06600000000177
2041.91500000000177
2042.36800000000177
2042.83300000000177
2043.59000000000177
2044.41600000000177
2046.34000000000178
2047.33400000000178
2050.17400000000154
2056.8660000000008
2070.39399999999931
2071.10099999999923
2073.48299999999897
2075.38599999999876
2083.63099999999785
2086.15999999999757
2211.2239999999838
2212.27899999998368
2212.54699999998366
2213.22899999998358
2214.97099999998339
2215.30299999998335
2216.40899999998323
2217.34599999998313
2219.08799999998293
2219.51899999998289
2219.75499999998286
2220.2829999999828
2221.80599999998264
2222.29999999998258
2225.27199999998225
2226.02899999998217
2226.43499999998213
2226.80799999998208
2227.82399999998197
2228.42299999998191
2230.17399999998171
2230.47299999998168
2230.86399999998164
2231.28399999998159
2233.31599999998137
2235.87999999998109
2236.75799999998099
2237.32499999998093
2237.5209999999809
2264.48299999997794
2267.5189999999776
2267.73499999997758
2268.27299999997752
2272.56799999997704
2275.42599999997673
2279.3349999999763
2282.61899999997594
2283.14099999997588
2284.72799999997571
2285.17199999997566
2285.6779999999756
2286.78999999997548
2287.20999999997543
2287.70899999997538
2288.73199999997526
2289.96099999997513
2290.47299999997507
2291.00399999997501
2292.11499999997489
2292.58799999997484
2293.04899999997479
2293.54099999997473
2294.06099999997468
2294.97199999997458
2297.00899999997435
2299.16699999997412
2299.78599999997405
2300.36299999997398
2300.74899999997394
2305.03999999997347
2307.39899999997321
2318.46499999997199
2321.0889999999717
2323.14099999997148
2323.99299999997138
2328.41799999997089
2331.44099999997056
2331.83599999997052
2333.65899999997032
2337.4019999999699
2338.18899999996982
2340.11599999996961
2345.29499999996903
2345.74799999996899
2348.99799999996863
2349.62199999996856
2350.1119999999685
2351.49699999996835
2417.21299999996111
2418.88899999996093
2420.77899999996072
2421.27899999996067
2421.79599999996061
2426.18099999996013
2426.96699999996004
2428.73399999995985
2429.78399999995973
2430.22799999995968
2430.49399999995965
2431.0079999999596
2431.40499999995955
2433.20099999995935
2433.63299999995931
2434.01699999995926
2541.00699999994748
2543.75599999994718
2544.53599999994709
2545.47499999994699
2548.29599999994668
2549.14799999994658
2550.88199999994639
2552.16799999994625
2552.74799999994619
2553.16599999994614
2554.50899999994599
2555.53499999994588
2556.03599999994583
2557.07599999994571
2558.74699999994553
2559.32499999994546
2559.94899999994539
2561.7549999999452
2562.74099999994509
2563.84899999994496
2570.59299999994422
2573.88799999994386
2577.44799999994347
2584.14899999994273
2587.24499999994239
2589.48599999994214
2631.25899999993754
2633.00899999993735
2636.07199999993701
2636.96499999993691
2647.23899999993578
2647.9429999999357
2648.41399999993565
2650.21799999993545
2651.82299999993528
2653.87799999993505
2667.9159999999335
2669.66599999993331
2669.91799999993328
2670.53999999993321
2671.15199999993315
2673.51599999993289
2674.83999999993274
2675.36899999993268
2677.62999999993243
2678.93099999993229
2679.80899999993219
2680.55099999993211
2681.08899999993205
2681.45699999993201
2682.68099999993188
2683.65599999993177
2685.13099999993161
2685.51599999993156
2687.49599999993135
2687.9349999999313
2688.64199999993122
2689.6929999999311
2690.654999999931
2692.30999999993082
2692.74099999993077
2693.30599999993071
2708.62199999992902
2857.17399999991266
2858.5879999999125
2859.14599999991244
2859.86699999991236
2871.84999999991104
2872.82699999991094
2879.21899999991023
2881.09399999991003
2883.95199999990971
2884.23599999990968
2884.45199999990966
2884.80999999990962
2886.94699999990938
2889.96799999990905
2892.05899999990882
2893.68599999990864
2893.92799999990861
2894.63399999990853
2897.05699999990827
2897.50899999990822
2898.5569999999081
2899.484999999908
2900.78899999990786
2902.1739999999077
2903.1219999999076
2903.62299999990754
2903.80599999990752
2912.74499999990654
2930.46899999990459
2931.70799999990445
2932.31499999990438
2935.04399999990408
2935.54899999990403
2935.99899999990398
2936.33899999990394
2937.02399999990387
2943.44599999990316
2944.61699999990303
2946.64799999990281
2947.09099999990276
2948.77299999990257
2950.23199999990241
2951.04599999990232
2951.45899999990228
2952.01599999990221
2952.81499999990213
2955.22899999990186
2961.88699999990113
2963.64999999990093
2964.69399999990082
2966.29999999990064
2967.73099999990048
2968.59799999990039
2968.92799999990035
2981.32799999989899
2994.31299999989756
3105.28399999988533
3109.2599999998849
3124.44299999988322
3125.5539999998831
3126.33799999988302
3127.53399999988288
3130.16199999988259
3131.51199999988245
3131.9009999998824
3133.7049999998822
3143.31099999988115
3143.79599999988109
3144.96799999988096
3145.61299999988089
3146.12099999988084
3147.51699999988068
3151.09199999988029
3151.57899999988024
3170.91499999987811
3173.59499999987781
3174.45699999987772
3175.4919999998776
3175.99599999987755
3176.51899999987749
3178.69499999987725
3179.34699999987718
3179.82799999987712
3180.35999999987707
3181.22599999987697
3183.95699999987667
3184.33899999987663
3185.11399999987654
3185.82799999987646
3186.33099999987641
3186.52399999987639
3188.10099999987621
3190.37799999987596
3191.51199999987584
3192.59499999987572
3195.24999999987543
3195.99399999987534
3196.51599999987529
3197.60799999987517
3198.29499999987509
3199.96299999987491
3249.29599999986947
3253.97499999986896
3254.41799999986891
3254.85399999986886
3255.68299999986877
3256.46199999986868
3257.87699999986853
3260.8369999998682
3262.04999999986807
3262.55299999986801
3263.5909999998679
3267.03399999986752
3267.84899999986743
3269.16599999986729
3270.12499999986718
3271.24699999986706
3271.66599999986701
3272.75499999986689
3275.53399999986658
3278.39699999986627
3281.63599999986591
3283.41099999986572
3363.97999999985684
3364.98199999985673
3370.21699999985616
3371.74899999985599
3372.07899999985595
3373.00199999985585
3375.65899999985556
3377.81099999985532
3378.68599999985522
3381.05299999985496
3393.53599999985359
3394.16999999985352
3398.45199999985305
3401.04399999985276
3402.09399999985265
3402.99499999985255
3403.71999999985247
3406.60399999985215
3406.99599999985211
3408.10099999985198
3408.22899999985197
3408.58899999985193
3409.14799999985187
3411.13799999985165
3411.49499999985161
3461.39799999984611
3466.47699999984555
3467.16699999984548
3467.40999999984545
3468.18699999984537
3468.99299999984528
3482.52799999984379
3488.93199999984308
3489.650999999843
3493.18699999984261
3493.97799999984253
3496.22999999984228
3497.49099999984214
3499.91299999984187
3503.60099999984147
3508.80499999984089
3514.08799999984031
3514.79599999984023
3526.95799999983889
3533.12099999983821
3534.08799999983811
3534.44299999983807
3535.52799999983795
3537.94199999983768
3538.57899999983761
3539.5899999998375
3815.30999999980714
3821.23499999980648
3827.51199999980579
3856.19099999980263
3856.88499999980256
3860.00399999980221
3861.43799999980206
3861.77899999980202
3862.75299999980191
3865.91899999980156
3866.4699999998015
3867.23299999980142
3868.2799999998013
3869.01899999980122
3870.66899999980104
3871.22899999980098
3872.51999999980084
3923.45599999979523
3925.68299999979498
3926.87999999979485
3930.0569999997945
3930.58899999979444
3931.53399999979434
3932.02199999979428
3934.587999999794
3935.02899999979395
3936.78699999979376
3937.83399999979364
3938.69799999979355
3941.08599999979328
3941.60199999979323
3942.63599999979311
3943.17099999979305
3943.656999999793
3944.15999999979295
3944.94999999979286
3945.99199999979274
3946.50499999979269
3948.83499999979243
3950.85399999979221
3952.13399999979207
3952.759999999792
4002.6789999997865
4003.94799999978636
4004.60899999978629
4006.73999999978605
4008.78599999978583
4009.16099999978579
4011.23399999978556
4020.8119999997845
4081.86699999977778
4155.36499999976968
4233.36499999976109
4235.20799999976089
4235.9899999997608
4238.87099999976049
4239.95899999976037
4241.55699999976019
4243.60299999975997
4246.25299999975967
4252.55999999975898
4256.71399999975852
4257.31399999975846
4257.93999999975839
4265.31999999975758
4266.22599999975747
4267.74099999975731
4268.7189999997572
4269.57299999975711
4271.31399999975691
4274.04999999975661
4275.41199999975646
4277.18899999975627
4279.85099999975597
4281.18399999975583
4281.84799999975575
4283.43299999975558
4299.53599999975381
4314.68699999975214
4315.34699999975206
4396.83399999974309
4399.85799999974276
4404.84999999974221
4405.10999999974218
4405.94099999974209
4410.26999999974161
4411.3029999997415
4412.33299999974138
4412.84299999974133
4414.65699999974113
4415.70699999974101
4416.15399999974096
4419.08399999974064
4421.71299999974035
4423.0769999997402
4423.61299999974014
4424.27399999974007
4425.85999999973989
4428.4809999997396
4429.88699999973945
4430.44399999973939
4431.89399999973923
4439.54799999973839
4440.25099999973831
4441.04099999973822
4774.19799999970153
4774.97899999970144
4973.2849999996796
4975.79099999967933
4976.46499999967925
4978.22399999967906
4987.49899999967804
4989.7069999996778
4992.15399999967753
4992.29099999967751
4992.82499999967745
4993.58999999967737
4994.55299999967726
4996.885999999677
4998.58299999967682
4999.72999999967669
5003.18799999967631
5003.93199999967623
5005.0889999996761
5005.93399999967601
5006.51599999967594
5007.39199999967585
5168.93099999965806
5171.00599999965783
5218.38599999965261
5218.90099999965255
5221.06499999965231
5222.90699999965211
5223.52099999965204
5225.18099999965186
5340.38599999963917
5348.57599999963827
5400.11899999963259
5412.01799999963128
5426.86299999962965
5427.2989999996296
5430.68299999962923
5431.23599999962917
5433.6849999996289
5436.69499999962857
5447.01799999962743
5449.57399999962715
6535.66599999950753
6539.10099999950715
6539.85599999950707
6540.68499999950698
6611.22899999949921
6615.01899999949879
6616.90199999949859
6711.10499999948821
6712.55699999948805
6713.32799999948797
6713.9009999994879
6714.59399999948783
6715.86499999948769
6717.03299999948756
27
-1
14.7920000000000003
32.9549999999999876
92.7670000000000407
125.8940000000000702
144.514000000000087
166.757000000000106
218.244000000000152
257.174000000000187
291.068000000000217
327.748000000000249
420.740000000000332
518.524000000000419
617.542000000000507
717.553000000000596
826.266000000000692
1048.78200000000089
1278.89400000000109
1447.65300000000124
1628.5720000000014
1879.13500000000163
2237.32599999998093
2433.63399999995931
2859.86799999991236
3151.57999999988024
3411.13899999985165
4020.8129999997845
5171.00699999965783
0
0
5000
0
0
0
0
7200
0
0
0
0
0
28
0
6971.10799999945958
1800.00000000000156
1800
0
82
0
1
4
7
10
13
16
19
22
25
28
31
34
37
40
43
46
49
52
55
58
61
64
67
70
73
76
79
82
85
88
91
94
97
100
103
106
109
112
115
118
121
124
127
130
133
136
139
142
145
148
151
154
157
160
163
166
169
172
175
178
181
184
187
190
193
196
199
202
205
208
211
214
217
220
223
226
229
232
235
238
241
244
247
250
253
256
259
262
265
268
271
274
277
280
283
286
289
292
295
298
301
304
307
310
313
316
319
322
325
328
331
334
337
340
343
346
349
352
355
358
361
364
367
370
373
376
379
382
385
388
391
394
397
400
403
406
409
412
415
418
421
424
427
430
433
436
439
442
445
448
451
454
457
460
463
466
469
472
475
478
481
484
487
490
493
496
499
502
505
508
511
514
517
520
523
526
529
532
535
538
541
544
547
550
