11
13
19
11
13
19
cPPR1.11
FR2_day3
0
1
9
54
57
10
42
03
24
2
.3
1
155
1
48
1
1
1
1
1
1
1
1
1
1
1
1
1
1
1
1
1
1
1
1
1
1
154
-1
5.77500000000000011
5.92400000000000011
6.13300000000000011
7.88400000000000015
8.10300000000000016
8.38900000000000016
9.73500000000000019
9.91800000000000019
10.4690000000000002
10.66400000000000021
13.09200000000000026
62.3490000000000137
62.4250000000000138
62.5880000000000139
65.0920000000000162
65.2700000000000163
65.5820000000000166
65.8290000000000168
67.2300000000000181
67.4090000000000182
69.2350000000000198
69.3140000000000199
69.5030000000000201
72.9480000000000231
75.7690000000000256
76.2590000000000261
81.1700000000000304
86.0590000000000348
86.266000000000035
89.3110000000000377
91.4070000000000395
91.6000000000000397
92.7630000000000407
99.6660000000000469
102.4120000000000493
109.6680000000000558
110.9290000000000569
120.1510000000000651
122.0070000000000667
124.7940000000000692
125.3580000000000697
125.9820000000000702
126.7570000000000709
128.405000000000072
128.943000000000073
130.917000000000075
135.169000000000078
136.55900000000008
145.285000000000087
149.067000000000091
157.782000000000098
158.017000000000099
161.520000000000102
162.229000000000102
162.477000000000103
162.761000000000103
163.810000000000104
163.949000000000104
167.113000000000107
211.000000000000146
211.465000000000146
217.725000000000152
217.927000000000152
221.814000000000155
222.975000000000156
227.36400000000016
228.568000000000161
228.688000000000161
228.873000000000162
235.127000000000167
239.541000000000171
239.690000000000171
239.786000000000171
247.928000000000179
248.081000000000179
252.970000000000183
253.755000000000184
253.951000000000184
258.623000000000188
259.435000000000189
259.706000000000189
270.272000000000198
305.73800000000023
311.985000000000235
314.084000000000237
314.238000000000237
314.640000000000238
315.086000000000238
315.636000000000239
320.160000000000243
323.642000000000246
348.562000000000268
349.204000000000268
354.214000000000273
354.500000000000273
354.949000000000274
359.045000000000277
359.676000000000278
359.749000000000278
360.236000000000278
360.677000000000279
365.388000000000283
365.638000000000283
365.789000000000283
367.135000000000284
367.688000000000285
367.910000000000285
380.828000000000297
380.991000000000297
381.153000000000297
393.966000000000308
395.170000000000309
395.301000000000309
403.492000000000317
403.758000000000317
410.022000000000322
410.570000000000323
410.693000000000323
410.947000000000323
421.737000000000333
424.063000000000335
429.30500000000034
429.47000000000034
434.274000000000344
434.688000000000344
435.787000000000345
452.836000000000361
453.743000000000361
459.138000000000366
460.135000000000367
460.340000000000367
466.638000000000373
467.822000000000374
468.017000000000374
473.847000000000379
474.175000000000379
482.718000000000387
484.642000000000389
499.634000000000402
503.870000000000406
508.81100000000041
509.572000000000411
510.832000000000412
516.999000000000418
517.363000000000418
525.414000000000425
529.209000000000428
537.931000000000436
539.658000000000438
544.246000000000442
547.415000000000444
548.533000000000446
966.499000000000817
972.718000000000822
47
-1
5.92400000000000011
62.3490000000000137
69.3140000000000199
76.2590000000000261
86.266000000000035
92.7630000000000407
102.4120000000000493
110.9290000000000569
122.0070000000000667
128.943000000000073
136.55900000000008
149.067000000000091
158.017000000000099
163.949000000000104
211.465000000000146
217.927000000000152
228.568000000000161
239.541000000000171
248.081000000000179
253.951000000000184
259.706000000000189
305.73800000000023
314.084000000000237
323.642000000000246
349.204000000000268
354.949000000000274
360.677000000000279
367.688000000000285
380.991000000000297
395.170000000000309
403.758000000000317
410.570000000000323
424.063000000000335
429.47000000000034
435.787000000000345
453.743000000000361
460.135000000000367
467.822000000000374
474.175000000000379
484.642000000000389
503.870000000000406
510.832000000000412
517.363000000000418
529.209000000000428
539.658000000000438
548.533000000000446
972.718000000000822
2
0
5000
0
0
0
0
2700
99
0
0
0
0
0
0
2700.79599999992988
0
0
0
0
0
0
