11
12
19
11
12
19
cPPR1.12
FR2_day2
0
2
10
35
29
10
54
52
24
2
.3
1
301
1
101
1
1
1
1
1
1
1
1
1
1
1
1
1
1
1
1
1
1
1
1
1
1
300
-1
0.93900000000000001
6.25500000000000012
8.66700000000000017
9.71700000000000019
10.1980000000000002
10.82100000000000021
11.35800000000000022
12.08400000000000024
12.69600000000000025
15.51600000000000031
16.0760000000000003
16.4639999999999999
17.2869999999999992
17.7199999999999989
18.2799999999999984
19.1789999999999976
19.6039999999999973
21.8829999999999953
22.0619999999999952
23.464999999999994
24.2259999999999934
24.4799999999999931
45.2919999999999986
47.8990000000000009
49.3130000000000022
52.1470000000000047
52.7300000000000052
55.936000000000008
56.5330000000000086
56.8230000000000088
59.0010000000000108
59.5440000000000112
62.0210000000000134
62.653000000000014
62.9880000000000143
63.9720000000000152
65.5440000000000166
65.9220000000000169
69.6100000000000202
70.1630000000000207
70.4130000000000209
71.4410000000000218
71.8200000000000221
85.7090000000000345
88.3260000000000368
88.4590000000000369
94.3290000000000421
97.8340000000000452
101.5960000000000486
102.7590000000000496
104.1250000000000508
104.9450000000000516
105.7200000000000522
108.9480000000000551
109.3670000000000555
111.7160000000000576
112.3350000000000581
120.4650000000000653
120.8940000000000657
121.3320000000000661
122.9850000000000676
123.6740000000000682
124.7600000000000692
125.1370000000000695
125.66500000000007
126.3570000000000706
126.9600000000000711
131.091000000000075
131.319000000000075
133.186000000000077
133.946000000000077
139.886000000000083
140.348000000000083
140.861000000000083
144.815000000000087
145.589000000000088
147.243000000000089
153.024000000000094
153.229000000000094
158.9130000000001
159.8610000000001
164.753000000000105
168.323000000000108
170.95000000000011
183.501000000000121
184.075000000000122
184.518000000000122
188.287000000000126
189.654000000000127
192.122000000000129
197.091000000000133
197.509000000000134
198.223000000000134
202.978000000000139
205.537000000000141
206.940000000000142
210.314000000000145
211.992000000000147
212.940000000000147
213.342000000000148
218.614000000000153
222.019000000000156
234.005000000000166
235.236000000000167
239.718000000000171
240.484000000000172
244.880000000000176
250.780000000000181
252.935000000000183
253.520000000000184
257.000000000000187
258.012000000000188
262.438000000000191
264.682000000000193
269.145000000000197
270.700000000000199
271.7460000000002
277.753000000000205
285.545000000000212
291.478000000000217
297.380000000000222
300.232000000000225
301.061000000000226
301.378000000000226
302.469000000000227
302.783000000000227
303.503000000000228
327.753000000000249
328.03800000000025
330.439000000000252
331.570000000000253
333.218000000000254
333.589000000000255
334.168000000000255
340.445000000000261
342.190000000000262
352.034000000000271
352.331000000000271
354.472000000000273
355.037000000000274
355.753000000000274
357.899000000000276
358.209000000000276
364.734000000000282
365.462000000000283
368.317000000000285
369.885000000000287
371.501000000000288
373.74800000000029
378.606000000000295
379.391000000000295
380.948000000000297
385.731000000000301
388.735000000000304
389.921000000000305
400.044000000000314
402.379000000000316
417.578000000000329
419.506000000000331
423.331000000000334
423.705000000000335
424.326000000000335
426.170000000000337
426.700000000000337
433.504000000000343
436.667000000000346
442.358000000000351
443.002000000000352
449.013000000000357
450.101000000000358
453.617000000000361
457.466000000000365
459.428000000000366
467.329000000000373
471.415000000000377
473.290000000000379
474.45200000000038
477.489000000000382
478.745000000000384
491.872000000000395
494.361000000000397
494.714000000000398
498.779000000000401
499.243000000000402
499.813000000000402
501.686000000000404
504.728000000000407
506.900000000000409
508.91500000000041
516.828000000000417
518.275000000000419
518.440000000000419
521.470000000000421
521.915000000000422
523.534000000000423
526.488000000000426
530.82300000000043
531.845000000000431
532.158000000000431
533.473000000000432
537.262000000000436
539.715000000000438
541.95200000000044
551.917000000000448
555.506000000000452
562.128000000000458
562.894000000000458
567.080000000000462
569.648000000000464
572.790000000000467
579.190000000000473
580.493000000000474
584.964000000000478
588.462000000000481
590.900000000000483
594.707000000000486
595.618000000000487
597.043000000000489
597.456000000000489
602.480000000000493
606.194000000000497
606.781000000000497
625.676000000000514
627.298000000000516
632.12900000000052
634.502000000000522
634.983000000000522
639.604000000000526
641.031000000000528
641.727000000000528
645.853000000000532
649.630000000000535
650.436000000000536
656.289000000000541
658.472000000000543
662.790000000000547
664.679000000000549
665.71000000000055
671.353000000000555
671.913000000000555
691.495000000000572
694.192000000000575
697.451000000000578
701.072000000000581
701.510000000000581
709.514000000000588
710.274000000000589
718.287000000000596
724.561000000000602
733.61300000000061
734.31100000000061
741.562000000000617
745.993000000000621
750.499000000000625
751.503000000000626
752.214000000000626
752.780000000000627
760.136000000000633
763.424000000000636
773.161000000000645
775.900000000000647
797.487000000000667
798.680000000000668
803.613000000000672
804.394000000000673
805.335000000000674
811.762000000000679
814.463000000000682
823.64700000000069
824.13500000000069
835.2260000000007
835.860000000000701
861.888000000000724
863.892000000000726
877.754000000000738
878.557000000000739
919.118000000000775
927.907000000000782
943.352000000000796
946.011000000000799
951.197000000000803
951.765000000000804
952.861000000000805
953.293000000000805
959.21300000000081
961.665000000000812
969.395000000000819
972.022000000000822
979.188000000000828
980.113000000000829
986.966000000000835
987.675000000000836
997.851000000000845
1003.294000000000849
1011.727000000000857
1012.325000000000857
1023.207000000000867
1023.794000000000868
1033.34900000000088
1037.23900000000088
100
-1
6.25500000000000012
12.69600000000000025
19.1789999999999976
45.2919999999999986
52.7300000000000052
59.5440000000000112
65.9220000000000169
71.8200000000000221
88.3260000000000368
97.8340000000000452
104.9450000000000516
112.3350000000000581
120.8940000000000657
126.9600000000000711
133.946000000000077
140.348000000000083
147.243000000000089
153.229000000000094
159.8610000000001
170.95000000000011
184.075000000000122
192.122000000000129
198.223000000000134
206.940000000000142
213.342000000000148
222.019000000000156
235.236000000000167
244.880000000000176
252.935000000000183
264.682000000000193
271.7460000000002
285.545000000000212
297.380000000000222
303.503000000000228
328.03800000000025
334.168000000000255
342.190000000000262
352.331000000000271
358.209000000000276
365.462000000000283
373.74800000000029
380.948000000000297
389.921000000000305
402.379000000000316
419.506000000000331
426.700000000000337
436.667000000000346
443.002000000000352
450.101000000000358
459.428000000000366
471.415000000000377
478.745000000000384
494.361000000000397
501.686000000000404
508.91500000000041
518.275000000000419
526.488000000000426
532.158000000000431
541.95200000000044
555.506000000000452
562.894000000000458
572.790000000000467
580.493000000000474
590.900000000000483
597.456000000000489
606.781000000000497
627.298000000000516
634.983000000000522
641.727000000000528
650.436000000000536
658.472000000000543
665.71000000000055
671.913000000000555
694.192000000000575
701.510000000000581
710.274000000000589
724.561000000000602
734.31100000000061
745.993000000000621
752.214000000000626
763.424000000000636
775.900000000000647
798.680000000000668
805.335000000000674
814.463000000000682
824.13500000000069
835.860000000000701
863.892000000000726
878.557000000000739
927.907000000000782
946.011000000000799
952.861000000000805
961.665000000000812
972.022000000000822
980.113000000000829
987.675000000000836
1003.294000000000849
1012.325000000000857
1023.794000000000868
1037.23900000000088
2
0
5000
0
0
0
0
2700
99
0
0
0
0
0
0
1037.23900000000088
0
0
0
0
0
0
