11
20
19
11
20
19
cPPR1.15
FR5_day3
0
1
11
54
40
12
12
35
24
2
.3
1
741
1
101
1
1
1
1
1
1
1
1
1
1
1
1
1
1
1
1
1
1
1
1
1
1
740
-1
13.03400000000000026
13.32100000000000026
14.59000000000000029
16.0590000000000003
16.9559999999999995
24.5209999999999931
24.7679999999999929
25.6889999999999921
26.5859999999999914
26.961999999999991
47.2370000000000003
47.5220000000000006
48.4290000000000014
48.9320000000000018
49.139000000000002
56.8420000000000088
57.3420000000000093
57.6030000000000095
57.8810000000000098
58.13300000000001
68.0970000000000188
69.8400000000000204
70.0500000000000206
71.3880000000000218
71.627000000000022
75.090000000000025
75.6790000000000256
76.4250000000000262
76.8190000000000266
77.300000000000027
77.5020000000000272
77.8110000000000275
78.2560000000000279
78.5070000000000281
84.7390000000000336
84.9810000000000338
85.196000000000034
85.6260000000000344
85.8750000000000346
96.5880000000000441
96.9680000000000445
97.509000000000045
97.8200000000000452
98.2460000000000456
102.099000000000049
102.2930000000000492
102.4720000000000494
102.6790000000000496
103.5130000000000503
103.6780000000000504
104.257000000000051
104.5960000000000512
104.7540000000000514
108.3220000000000546
108.5230000000000547
108.6800000000000549
108.854000000000055
109.0140000000000552
109.6920000000000558
109.8660000000000559
110.0650000000000561
110.5710000000000566
111.2500000000000572
111.4410000000000573
111.6370000000000575
116.8910000000000622
117.0760000000000623
117.2790000000000625
117.4470000000000627
117.5820000000000628
127.6520000000000717
127.7250000000000718
127.8590000000000719
128.115000000000072
128.630000000000073
131.532000000000075
131.750000000000075
132.246000000000076
132.662000000000076
132.960000000000076
133.101000000000077
133.636000000000077
134.604000000000078
135.420000000000079
135.727000000000079
137.11300000000008
137.637000000000081
137.914000000000081
141.422000000000084
141.716000000000084
142.440000000000085
142.859000000000085
143.374000000000086
143.748000000000086
143.906000000000086
144.579000000000087
144.766000000000087
147.301000000000089
156.138000000000097
156.335000000000097
156.493000000000097
156.863000000000098
156.936000000000098
161.009000000000101
161.190000000000102
161.380000000000102
162.380000000000103
162.733000000000103
164.753000000000105
165.335000000000105
166.599000000000106
170.41000000000011
170.63300000000011
171.15900000000011
171.685000000000111
171.843000000000111
172.004000000000111
172.191000000000111
172.607000000000112
174.064000000000113
174.258000000000113
177.817000000000116
178.101000000000117
178.320000000000117
178.460000000000117
178.716000000000117
179.483000000000118
179.879000000000118
180.056000000000118
180.209000000000118
180.698000000000119
180.932000000000119
184.350000000000122
184.651000000000122
185.534000000000123
185.712000000000123
185.927000000000123
186.434000000000124
186.917000000000124
187.085000000000125
187.268000000000125
187.410000000000125
194.699000000000131
194.841000000000131
195.008000000000132
195.178000000000132
195.385000000000132
198.313000000000134
198.656000000000135
199.099000000000135
199.676000000000136
200.037000000000136
200.385000000000136
200.530000000000136
200.989000000000137
202.489000000000138
202.700000000000138
202.988000000000139
203.276000000000139
208.424000000000143
209.210000000000144
209.398000000000144
209.580000000000144
209.661000000000145
210.279000000000145
210.545000000000145
212.734000000000147
212.955000000000148
213.909000000000148
214.086000000000148
214.287000000000149
214.502000000000149
214.754000000000149
214.900000000000149
215.31000000000015
215.85700000000015
217.070000000000151
217.787000000000152
218.281000000000152
218.788000000000153
219.014000000000153
222.504000000000156
222.734000000000156
222.870000000000156
223.255000000000157
223.483000000000157
223.701000000000157
224.302000000000158
224.477000000000158
224.667000000000158
225.342000000000158
226.461000000000159
226.60100000000016
228.442000000000161
228.844000000000162
229.187000000000162
229.929000000000163
230.617000000000163
230.815000000000163
231.046000000000164
231.245000000000164
231.451000000000164
231.608000000000164
232.358000000000165
233.067000000000165
233.245000000000166
233.654000000000166
234.330000000000166
242.156000000000173
242.350000000000174
242.674000000000174
243.291000000000174
243.474000000000175
251.554000000000182
252.168000000000182
252.771000000000183
252.853000000000183
253.037000000000183
255.508000000000185
256.826000000000186
257.189000000000187
257.997000000000187
258.173000000000188
258.773000000000188
258.902000000000188
259.173000000000189
259.776000000000189
260.231000000000189
262.847000000000192
263.018000000000192
263.297000000000192
263.443000000000192
264.692000000000193
264.953000000000194
265.600000000000194
266.019000000000195
266.209000000000195
266.805000000000195
267.088000000000196
271.6860000000002
272.4400000000002
272.4790000000002
273.071000000000201
273.372000000000201
273.674000000000201
286.894000000000213
287.610000000000214
287.707000000000214
287.864000000000214
288.355000000000214
288.490000000000215
290.907000000000217
291.525000000000217
292.268000000000218
292.552000000000218
292.720000000000218
293.554000000000219
294.29400000000022
294.58700000000022
294.76800000000022
298.445000000000223
298.967000000000224
304.649000000000229
304.965000000000229
305.102000000000229
306.29900000000023
306.451000000000231
306.655000000000231
311.492000000000235
311.728000000000235
311.908000000000235
312.062000000000236
312.613000000000236
312.738000000000236
312.928000000000236
316.294000000000239
316.535000000000239
316.71700000000024
316.90000000000024
317.34700000000024
317.55900000000024
317.744000000000241
318.572000000000241
318.782000000000241
319.399000000000242
319.831000000000242
320.737000000000243
320.909000000000243
331.764000000000253
332.016000000000253
332.219000000000253
332.553000000000254
332.830000000000254
342.046000000000262
342.183000000000262
342.377000000000262
342.965000000000263
343.179000000000263
343.345000000000263
347.085000000000267
347.214000000000267
347.402000000000267
347.646000000000267
348.494000000000268
348.732000000000268
350.062000000000269
350.183000000000269
350.36000000000027
355.202000000000274
355.383000000000274
356.168000000000275
356.400000000000275
357.163000000000276
357.331000000000276
358.295000000000277
360.254000000000278
360.525000000000279
361.479000000000279
361.96700000000028
362.13200000000028
362.37400000000028
363.005000000000281
363.192000000000281
363.592000000000281
364.241000000000282
364.536000000000282
364.741000000000282
364.951000000000282
368.713000000000286
369.247000000000286
369.440000000000286
369.639000000000287
369.791000000000287
369.934000000000287
370.159000000000287
370.551000000000287
370.791000000000288
371.761000000000289
371.982000000000289
379.296000000000295
379.718000000000296
379.865000000000296
380.107000000000296
381.121000000000297
381.324000000000297
385.1330000000003
385.319000000000301
385.941000000000301
386.171000000000301
386.388000000000302
386.817000000000302
387.945000000000303
388.137000000000303
388.384000000000303
391.778000000000306
392.074000000000307
392.327000000000307
393.067000000000307
393.297000000000308
393.480000000000308
393.780000000000308
394.053000000000308
394.939000000000309
395.060000000000309
395.241000000000309
399.033000000000313
399.294000000000313
399.856000000000313
400.169000000000314
401.285000000000315
401.469000000000315
401.696000000000315
402.568000000000316
402.827000000000316
407.43100000000032
407.68800000000032
407.887000000000321
408.035000000000321
408.865000000000322
409.152000000000322
410.204000000000323
410.384000000000323
410.543000000000323
414.630000000000327
424.702000000000336
424.907000000000336
425.136000000000336
426.143000000000337
426.379000000000337
430.674000000000341
431.107000000000341
431.297000000000341
431.927000000000342
432.118000000000342
432.378000000000342
433.466000000000343
433.582000000000343
434.662000000000344
435.177000000000345
435.368000000000345
436.162000000000346
436.469000000000346
442.705000000000352
442.944000000000352
443.969000000000353
444.175000000000353
444.425000000000353
448.196000000000356
448.509000000000357
448.714000000000357
449.790000000000358
450.000000000000358
450.379000000000358
450.582000000000359
451.92200000000036
452.09900000000036
454.781000000000362
455.102000000000363
455.830000000000363
455.967000000000363
456.146000000000364
456.405000000000364
456.617000000000364
457.037000000000364
457.837000000000365
458.223000000000365
458.524000000000366
459.801000000000367
460.019000000000367
464.475000000000371
465.186000000000372
465.375000000000372
465.711000000000372
466.014000000000372
467.223000000000373
467.560000000000374
486.52500000000039
486.729000000000391
487.051000000000391
487.910000000000392
488.171000000000392
491.094000000000395
491.548000000000395
491.764000000000395
492.465000000000396
492.836000000000396
493.045000000000396
493.722000000000397
494.109000000000397
494.720000000000398
495.339000000000398
495.742000000000399
500.664000000000403
501.393000000000404
501.620000000000404
502.494000000000405
502.861000000000405
503.113000000000405
506.720000000000408
507.579000000000409
508.24800000000041
508.48800000000041
508.91400000000041
509.352000000000411
510.350000000000412
510.558000000000412
515.603000000000416
516.181000000000417
516.402000000000417
517.302000000000418
517.525000000000418
517.833000000000418
521.476000000000422
521.986000000000422
522.413000000000422
522.785000000000423
522.844000000000423
523.182000000000423
523.373000000000423
523.804000000000424
524.051000000000424
524.536000000000424
531.02500000000043
531.31000000000043
532.248000000000431
532.681000000000431
532.864000000000432
539.741000000000438
540.185000000000438
540.676000000000439
541.329000000000439
541.518000000000439
597.430000000000489
598.32400000000049
598.42700000000049
598.84900000000049
600.412000000000492
600.746000000000492
606.124000000000497
606.608000000000497
606.893000000000497
607.573000000000498
607.751000000000498
612.232000000000502
612.808000000000503
613.078000000000503
613.768000000000503
614.058000000000504
614.529000000000504
615.401000000000505
615.766000000000505
619.121000000000508
619.509000000000508
619.806000000000509
620.68500000000051
620.89200000000051
621.13600000000051
622.929000000000512
623.167000000000512
628.124000000000516
629.553000000000518
630.027000000000518
630.804000000000519
631.007000000000519
631.268000000000519
631.576000000000519
636.485000000000524
636.827000000000524
637.087000000000524
637.462000000000524
638.208000000000525
638.440000000000525
643.43300000000053
643.78700000000053
646.511000000000532
646.808000000000533
648.422000000000534
653.692000000000539
653.968000000000539
654.265000000000539
655.00600000000054
655.685000000000541
659.577000000000544
659.984000000000544
660.331000000000545
660.463000000000545
661.399000000000546
661.631000000000546
661.897000000000546
662.084000000000546
662.509000000000547
669.040000000000553
669.463000000000553
669.725000000000553
669.864000000000553
670.253000000000554
674.396000000000557
674.792000000000558
675.126000000000558
675.500000000000558
675.901000000000559
677.67000000000056
678.247000000000561
678.492000000000561
683.252000000000565
683.601000000000566
684.218000000000566
685.180000000000567
685.396000000000567
685.647000000000567
686.601000000000568
691.824000000000573
692.109000000000573
693.633000000000574
694.350000000000575
694.502000000000575
704.742000000000584
705.289000000000585
706.418000000000586
706.559000000000586
706.783000000000586
712.666000000000591
712.908000000000592
713.105000000000592
713.342000000000592
713.979000000000592
714.203000000000593
715.209000000000594
715.526000000000594
715.926000000000594
716.701000000000595
716.858000000000595
717.165000000000595
717.478000000000596
718.209000000000596
718.724000000000597
719.124000000000597
719.306000000000597
720.612000000000598
720.892000000000599
723.951000000000601
724.567000000000602
729.722000000000606
731.760000000000608
732.240000000000609
732.624000000000609
733.29900000000061
733.69000000000061
739.517000000000615
739.996000000000616
740.149000000000616
740.867000000000616
741.045000000000616
745.36300000000062
745.710000000000621
746.013000000000621
746.645000000000621
749.100000000000624
749.387000000000624
749.991000000000624
750.384000000000625
758.373000000000632
758.900000000000632
759.908000000000633
760.120000000000633
760.457000000000634
765.751000000000638
766.326000000000639
766.608000000000639
767.18100000000064
767.69900000000064
779.965000000000651
782.026000000000653
782.697000000000654
783.439000000000654
783.673000000000654
823.87100000000069
824.31500000000069
824.832000000000691
825.021000000000691
825.709000000000692
832.710000000000698
833.252000000000698
833.541000000000699
833.673000000000699
834.308000000000699
843.760000000000708
843.971000000000708
844.787000000000709
844.954000000000709
845.517000000000709
856.728000000000719
857.23600000000072
857.52700000000072
857.97800000000072
858.14300000000072
861.021000000000723
861.299000000000723
861.591000000000724
862.579000000000724
862.746000000000725
862.987000000000725
863.236000000000725
863.450000000000725
863.796000000000726
864.654000000000726
864.939000000000726
865.288000000000727
872.646000000000733
873.069000000000734
873.325000000000734
873.593000000000734
874.465000000000735
879.74800000000074
880.03600000000074
880.50500000000074
882.049000000000742
882.393000000000742
894.365000000000753
894.674000000000753
895.244000000000753
895.602000000000754
896.538000000000755
903.830000000000761
904.706000000000762
905.016000000000762
905.302000000000762
905.637000000000763
907.075000000000764
910.626000000000767
911.808000000000768
912.131000000000768
912.445000000000769
912.941000000000769
913.94800000000077
920.881000000000776
921.285000000000777
921.516000000000777
921.969000000000777
922.212000000000777
927.396000000000782
927.925000000000782
928.367000000000783
928.659000000000783
929.352000000000784
929.553000000000784
941.847000000000795
942.322000000000795
942.579000000000795
943.418000000000796
943.597000000000796
952.705000000000804
953.052000000000805
953.255000000000805
953.884000000000806
954.197000000000806
962.241000000000813
964.016000000000814
964.388000000000815
964.707000000000815
965.609000000000816
968.636000000000819
973.516000000000823
973.836000000000823
974.252000000000824
975.291000000000825
975.581000000000825
983.322000000000832
983.632000000000832
983.991000000000832
984.336000000000833
985.159000000000833
985.334000000000834
989.700000000000837
990.069000000000838
990.402000000000838
990.705000000000838
991.495000000000839
991.679000000000839
991.983000000000839
100
-1
16.9559999999999995
26.961999999999991
49.139000000000002
58.13300000000001
71.627000000000022
78.5070000000000281
85.8750000000000346
98.2460000000000456
104.7540000000000514
111.6370000000000575
117.5820000000000628
128.630000000000073
137.637000000000081
144.579000000000087
156.936000000000098
166.599000000000106
174.064000000000113
180.698000000000119
187.268000000000125
195.385000000000132
203.276000000000139
210.279000000000145
218.788000000000153
226.461000000000159
234.330000000000166
243.474000000000175
253.037000000000183
260.231000000000189
267.088000000000196
273.674000000000201
288.355000000000214
298.967000000000224
306.451000000000231
312.738000000000236
320.737000000000243
332.830000000000254
343.179000000000263
350.36000000000027
358.295000000000277
364.951000000000282
371.982000000000289
381.121000000000297
388.384000000000303
395.241000000000309
402.827000000000316
410.384000000000323
426.379000000000337
433.582000000000343
444.425000000000353
451.92200000000036
460.019000000000367
467.560000000000374
488.171000000000392
495.742000000000399
503.113000000000405
510.558000000000412
517.833000000000418
524.536000000000424
532.864000000000432
541.518000000000439
600.412000000000492
607.751000000000498
615.401000000000505
623.167000000000512
631.268000000000519
638.208000000000525
648.422000000000534
655.685000000000541
662.509000000000547
670.253000000000554
678.492000000000561
686.601000000000568
694.502000000000575
706.783000000000586
713.979000000000592
724.567000000000602
733.69000000000061
741.045000000000616
750.384000000000625
760.457000000000634
767.69900000000064
783.673000000000654
825.709000000000692
834.308000000000699
845.517000000000709
858.14300000000072
865.288000000000727
874.465000000000735
882.393000000000742
896.538000000000755
905.637000000000763
913.94800000000077
922.212000000000777
929.553000000000784
943.597000000000796
954.197000000000806
965.609000000000816
975.581000000000825
985.159000000000833
991.983000000000839
5
0
5000
0
0
0
0
2700
99
0
0
0
0
0
0
991.984000000000839
0
0
0
0
0
0
