11
28
19
11
28
19
cPPR1.14
PR3_day4
0
4
12
05
36
13
11
36
23
3
.3
1
564
1
20
1
1
1
1
1
1
1
1
1
1
1
1
1
1
1
1
1
1
1
1
1
184
563
-1
7.63200000000000015
13.38500000000000026
14.07500000000000028
14.62400000000000029
48.2710000000000012
55.3220000000000075
55.941000000000008
56.3340000000000084
56.7930000000000088
57.1310000000000091
57.4490000000000094
58.0150000000000099
89.8030000000000381
90.1080000000000384
91.6250000000000397
92.2320000000000403
93.2370000000000412
94.7980000000000426
94.9880000000000427
95.3760000000000431
96.435000000000044
100.5130000000000476
141.045000000000084
141.536000000000084
142.239000000000085
143.795000000000086
144.143000000000086
145.427000000000088
146.107000000000088
146.453000000000088
148.25300000000009
148.881000000000091
149.288000000000091
149.824000000000091
151.522000000000093
165.538000000000105
166.122000000000106
166.370000000000106
166.841000000000107
167.183000000000107
167.961000000000108
168.159000000000108
168.671000000000108
169.306000000000109
170.103000000000109
170.36800000000011
170.75200000000011
171.464000000000111
172.890000000000112
173.386000000000112
173.669000000000113
189.409000000000127
189.948000000000127
190.722000000000128
192.051000000000129
192.468000000000129
192.82700000000013
193.53900000000013
193.966000000000131
194.628000000000131
196.710000000000133
197.552000000000134
197.856000000000134
198.237000000000134
198.557000000000135
199.932000000000136
221.238000000000155
221.441000000000155
221.643000000000155
223.240000000000157
231.749000000000164
233.284000000000166
238.07100000000017
238.53700000000017
241.253000000000173
241.482000000000173
241.712000000000173
242.102000000000173
242.827000000000174
243.851000000000175
246.006000000000177
246.314000000000177
247.020000000000178
247.232000000000178
247.520000000000178
248.126000000000179
248.461000000000179
250.342000000000181
251.086000000000181
251.656000000000182
252.531000000000183
253.456000000000183
261.20400000000019
261.991000000000191
262.755000000000192
263.779000000000193
264.996000000000194
266.020000000000195
266.312000000000195
272.0500000000002
272.4250000000002
272.893000000000201
273.186000000000201
273.834000000000202
276.597000000000204
277.068000000000204
278.004000000000205
278.478000000000206
281.383000000000208
282.96700000000021
284.004000000000211
284.794000000000211
289.161000000000215
289.576000000000216
290.154000000000216
294.80800000000022
350.68000000000027
359.392000000000278
359.586000000000278
360.724000000000279
362.05000000000028
392.612000000000307
394.058000000000308
394.471000000000309
394.632000000000309
395.202000000000309
395.69700000000031
396.49500000000031
397.214000000000311
400.711000000000314
401.317000000000315
401.597000000000315
401.936000000000315
402.550000000000316
403.638000000000317
409.973000000000322
410.391000000000323
410.723000000000323
411.141000000000324
411.938000000000324
412.903000000000325
413.782000000000326
415.154000000000327
420.083000000000331
421.267000000000332
451.82800000000036
452.965000000000361
453.889000000000361
454.566000000000362
455.261000000000363
455.539000000000363
456.279000000000364
456.667000000000364
457.933000000000365
458.541000000000366
459.489000000000366
459.681000000000367
460.399000000000367
460.705000000000368
460.976000000000368
462.028000000000369
464.886000000000371
465.824000000000372
467.227000000000373
467.471000000000374
467.831000000000374
474.134000000000379
474.75800000000038
475.00800000000038
475.25100000000038
475.527000000000381
475.825000000000381
477.493000000000382
479.142000000000384
479.565000000000384
480.394000000000385
489.829000000000393
490.214000000000394
491.193000000000395
492.676000000000396
492.991000000000396
493.239000000000396
493.537000000000397
494.916000000000398
495.247000000000398
496.8390000000004
511.057000000000412
511.330000000000412
511.565000000000413
511.783000000000413
512.143000000000413
512.636000000000414
513.622000000000414
515.235000000000416
515.455000000000416
515.676000000000416
516.181000000000417
516.602000000000417
517.049000000000418
519.82800000000042
520.440000000000421
520.676000000000421
521.029000000000421
521.410000000000421
522.854000000000423
523.324000000000423
524.573000000000424
524.780000000000424
528.556000000000428
529.691000000000429
540.397000000000438
540.950000000000439
541.456000000000439
542.68500000000044
543.630000000000441
546.053000000000443
549.045000000000446
549.968000000000447
551.762000000000448
552.755000000000449
553.55300000000045
553.89800000000045
554.16800000000045
555.395000000000452
555.677000000000452
555.990000000000452
556.289000000000452
558.211000000000454
559.329000000000455
561.714000000000457
562.934000000000458
564.148000000000459
565.15900000000046
566.282000000000461
568.290000000000463
570.630000000000465
570.979000000000465
571.335000000000466
571.442000000000466
574.755000000000469
577.076000000000471
577.390000000000471
578.558000000000472
653.142000000000538
653.991000000000539
654.75300000000054
655.524000000000541
685.701000000000567
686.493000000000568
689.12400000000057
689.431000000000571
691.287000000000572
692.014000000000573
692.699000000000574
695.190000000000576
695.642000000000576
697.810000000000578
698.811000000000579
700.764000000000581
716.059000000000594
717.211000000000595
717.770000000000596
718.369000000000596
719.795000000000598
720.117000000000598
720.496000000000598
722.6860000000006
725.632000000000603
726.078000000000603
728.035000000000605
729.567000000000606
730.111000000000607
730.544000000000607
740.558000000000616
741.134000000000617
741.553000000000617
743.208000000000618
748.212000000000623
769.882000000000642
770.324000000000642
771.337000000000643
772.632000000000644
773.576000000000645
775.124000000000647
777.325000000000649
778.27400000000065
779.783000000000651
795.991000000000665
804.248000000000673
804.643000000000673
809.393000000000677
809.888000000000678
814.500000000000682
826.676000000000693
827.791000000000694
828.451000000000694
848.766000000000712
849.424000000000713
854.880000000000718
857.004000000000719
859.697000000000722
861.059000000000723
862.525000000000724
864.949000000000727
866.389000000000728
866.663000000000728
868.51900000000073
879.98800000000074
880.42900000000074
882.172000000000742
884.163000000000744
886.101000000000745
897.180000000000755
904.947000000000762
905.461000000000763
914.995000000000771
917.082000000000773
943.095000000000796
944.521000000000797
946.604000000000799
946.939000000000799
948.518000000000801
954.927000000000806
955.452000000000807
955.711000000000807
958.65200000000081
962.981000000000814
971.283000000000821
973.869000000000823
976.888000000000826
1038.17200000000088
1039.53100000000088
1040.29300000000088
1043.88500000000089
1045.35000000000089
1045.70400000000089
1072.06700000000091
1082.42900000000092
1084.36100000000092
1086.40400000000092
1087.25000000000092
1098.66500000000093
1100.42400000000094
1102.80300000000094
1107.37400000000094
1108.59200000000094
1109.21800000000094
1109.45200000000094
1111.13600000000095
1114.48000000000095
1117.67100000000095
1117.96700000000095
1121.79600000000095
1123.62700000000096
1124.78200000000096
1125.26700000000096
1147.57900000000098
1148.55000000000098
1163.79900000000099
1165.83100000000099
1169.018000000001
1174.756000000001
1175.565000000001
1176.735000000001
1192.44000000000102
1193.48200000000102
1220.49100000000104
1222.48600000000104
1381.01700000000118
1382.29100000000119
1387.83500000000119
1432.28700000000123
1438.38100000000124
1478.54100000000127
1479.78800000000127
1495.83300000000129
1526.09800000000131
1558.74500000000134
1559.77400000000134
1561.64200000000135
1562.11600000000135
1563.37900000000135
1565.53900000000135
1566.92600000000135
1567.35000000000135
1574.50500000000136
1576.14700000000136
1580.24900000000136
1581.04600000000136
1598.05700000000138
1600.47000000000138
1600.95300000000138
1602.60800000000138
1605.03000000000138
1605.71200000000138
1606.93500000000139
1607.22600000000139
1608.39600000000139
1609.63600000000139
1610.33400000000139
1612.83800000000139
1616.01200000000139
1617.36700000000139
1618.5740000000014
1620.5370000000014
1620.7350000000014
1625.9000000000014
1628.7700000000014
1629.19900000000141
1633.93600000000141
1634.11900000000141
1635.08200000000141
1640.59300000000142
1642.78400000000142
1644.19800000000142
1646.44900000000142
1647.57500000000142
1650.35800000000142
1652.27100000000143
1652.72200000000143
1655.05800000000143
1655.81400000000143
1657.03200000000143
1658.81900000000143
1661.26700000000143
1692.67400000000146
1725.44200000000149
1726.55400000000149
1728.02700000000149
1728.50800000000149
1729.58600000000149
1733.5120000000015
1738.7250000000015
1739.4040000000015
1746.94900000000151
1747.87600000000151
1748.75500000000151
1749.78500000000151
1751.45500000000151
1751.94900000000151
1754.02500000000152
1754.49200000000152
1755.10400000000152
1756.61200000000152
1757.39700000000152
1757.89800000000152
1759.53800000000152
1759.98000000000152
1765.61700000000153
1766.52200000000153
1767.17900000000153
1767.94800000000153
1768.78200000000153
1770.50600000000153
1771.28200000000153
1773.99900000000153
1774.80700000000153
1775.66200000000154
1777.58200000000154
1779.20200000000154
1779.78700000000154
1780.51400000000154
1781.87700000000154
1782.22400000000154
1782.81600000000154
1783.96100000000154
1784.70900000000154
1786.45600000000154
1787.51700000000155
1788.10400000000155
1788.44700000000155
1789.04700000000155
1791.79800000000155
1794.44300000000155
1795.10200000000155
1796.15700000000155
1796.76100000000155
1828.34000000000158
1830.05700000000158
1836.29900000000159
1840.37200000000159
1843.1000000000016
1851.4440000000016
1853.4160000000016
1857.98700000000161
1858.83600000000161
1859.28200000000161
1859.71700000000161
1861.72700000000161
1862.86000000000161
1865.55400000000162
1867.75700000000162
1868.55700000000162
1870.05900000000162
1878.17800000000163
1878.58500000000163
1880.04500000000163
1880.75500000000163
1881.08900000000163
1882.97100000000163
1883.47700000000163
1886.42300000000163
1887.16300000000163
1888.87500000000164
1889.49600000000164
1890.51800000000164
1891.34000000000164
1892.14300000000164
1892.99300000000164
1900.23900000000165
1900.94800000000165
1906.31700000000165
1907.07000000000165
1915.80700000000166
1921.48000000000166
1922.33100000000167
1926.52300000000167
1935.35300000000168
1941.70100000000168
1944.06700000000168
2012.82300000000175
2013.93600000000175
2014.90600000000175
2032.52500000000176
2035.45400000000177
2042.67700000000177
2043.84300000000177
2044.77700000000177
2048.38700000000173
2056.53400000000084
2061.26300000000032
2062.94500000000013
2113.64099999999455
2115.07799999999439
2116.53099999999423
2117.91599999999408
2119.65999999999388
2121.41999999999369
2122.62299999999356
2124.88799999999331
2126.7859999999931
2127.85099999999298
2129.19099999999284
2135.51099999999214
2162.1569999999892
2165.45199999998884
2167.37299999998863
2169.13199999998844
2170.02399999998834
2170.71799999998826
2187.14599999998645
2210.93499999998383
2235.40899999998114
2237.76599999998088
2382.32799999996496
2384.79999999996468
2443.00499999995827
2443.48299999995822
2459.71199999995643
2460.58799999995634
2471.91999999995509
2500.73199999995192
2833.05599999991532
19
-1
7.63300000000000015
48.2720000000000012
58.0160000000000099
100.5140000000000476
151.523000000000093
173.670000000000113
223.241000000000157
253.457000000000183
350.68100000000027
421.268000000000333
480.395000000000385
529.692000000000429
655.525000000000541
779.784000000000651
976.889000000000826
1495.83400000000129
1661.26800000000143
1796.76200000000155
2062.94600000000013
0
0
5000
0
0
0
0
7200
0
0
0
0
0
20
0
3863.04699999980188
1800.00000000000156
1800
0
58
0
1
4
7
10
13
16
19
22
25
28
31
34
37
40
43
46
49
52
55
58
61
64
67
70
73
76
79
82
85
88
91
94
97
100
103
106
109
112
115
118
121
124
127
130
133
136
139
142
145
148
151
154
157
160
163
166
169
172
175
178
181
184
187
190
193
196
199
202
205
208
211
214
217
220
223
226
229
232
235
238
241
244
247
250
253
256
259
262
265
268
271
274
277
280
283
286
289
292
295
298
301
304
307
310
313
316
319
322
325
328
331
334
337
340
343
346
349
352
355
358
361
364
367
370
373
376
379
382
385
388
391
394
397
400
403
406
409
412
415
418
421
424
427
430
433
436
439
442
445
448
451
454
457
460
463
466
469
472
475
478
481
484
487
490
493
496
499
502
505
508
511
514
517
520
523
526
529
532
535
538
541
544
547
550
