11
04
19
11
04
19
cPPR1.11
FR1
0
1
9
51
47
10
39
40
24
2
.3
1
51
1
11
1
1
1
1
1
1
1
1
1
1
1
1
1
1
1
1
1
1
1
1
1
1
50
-1
116.729000000000062
117.1020000000000624
117.3470000000000626
117.7520000000000629
119.4250000000000644
119.6820000000000646
119.8590000000000648
121.4380000000000662
121.9880000000000667
122.1570000000000668
122.6040000000000672
122.8340000000000674
124.0160000000000685
124.4900000000000689
193.76000000000013
194.789000000000131
195.316000000000132
195.740000000000132
196.072000000000132
196.386000000000133
196.832000000000133
435.720000000000345
436.447000000000346
441.13100000000035
677.44200000000056
677.58500000000056
678.387000000000561
678.528000000000561
2127.24499999999305
2127.56199999999301
2128.94799999999286
2129.70699999999278
2130.17199999999273
2130.53799999999269
2130.70099999999267
2227.02399999998206
2227.41999999998202
2230.64399999998166
2231.78599999998154
2231.91599999998152
2443.56599999995821
2443.6929999999582
2445.08299999995804
2448.14499999995771
2448.43699999995768
2449.32599999995758
2450.64599999995743
2451.51099999995734
2452.31799999995725
2453.34399999995714
10
-1
116.729000000000062
121.9880000000000667
193.76000000000013
435.720000000000345
441.13100000000035
677.44200000000056
2127.24499999999305
2227.02399999998206
2443.56599999995821
2449.32599999995758
1
0
5000
0
0
0
0
2700
99
0
0
0
0
0
0
2700.79699999992988
0
0
0
0
0
0
