11
22
19
11
22
19
cPPR1.10
FR5_day5
0
4
9
23
44
9
53
41
24
2
.3
1
557
1
101
1
1
1
1
1
1
1
1
1
1
1
1
1
1
1
1
1
1
1
1
1
1
556
-1
6.14600000000000012
7.57400000000000014
7.91300000000000015
8.25900000000000016
8.94200000000000017
30.3439999999999882
30.9089999999999877
31.3789999999999873
31.776999999999987
32.1279999999999869
35.0969999999999895
35.4429999999999898
36.5259999999999908
37.4289999999999916
37.875999999999992
38.1699999999999923
38.3879999999999924
40.5779999999999944
78.7850000000000283
81.829000000000031
82.1700000000000313
82.6080000000000317
83.0950000000000322
85.6380000000000344
86.0040000000000347
86.3640000000000351
86.8560000000000355
87.1880000000000358
87.6140000000000362
88.0860000000000366
88.6410000000000371
88.8750000000000373
89.2930000000000377
89.7790000000000381
90.0880000000000384
105.6060000000000522
105.9650000000000525
106.2160000000000527
106.588000000000053
107.9120000000000542
114.5600000000000601
116.5020000000000618
117.2900000000000625
118.0730000000000632
119.4360000000000644
138.739000000000082
139.307000000000082
140.221000000000083
140.435000000000083
141.226000000000084
147.111000000000089
147.356000000000089
147.89900000000009
148.40000000000009
148.76100000000009
153.946000000000095
154.253000000000095
154.691000000000096
156.356000000000097
156.518000000000097
157.064000000000098
157.595000000000098
162.297000000000102
162.795000000000103
163.058000000000103
163.288000000000103
163.743000000000104
170.131000000000109
170.31500000000011
170.95600000000011
171.16500000000011
171.575000000000111
183.474000000000121
183.751000000000122
184.306000000000122
184.858000000000123
185.235000000000123
190.249000000000127
190.792000000000128
191.439000000000128
191.912000000000129
192.431000000000129
193.04400000000013
201.013000000000137
201.528000000000137
201.786000000000138
202.180000000000138
202.581000000000138
202.931000000000139
208.352000000000143
208.743000000000144
209.063000000000144
217.237000000000151
217.864000000000152
262.258000000000191
262.771000000000192
263.066000000000192
263.271000000000192
264.118000000000193
264.524000000000193
268.541000000000197
268.784000000000197
269.100000000000197
269.492000000000198
270.132000000000198
270.525000000000199
270.908000000000199
271.5750000000002
273.488000000000201
277.478000000000205
278.118000000000205
278.412000000000206
278.790000000000206
279.510000000000207
286.383000000000213
286.691000000000213
287.068000000000213
287.500000000000214
288.089000000000214
297.279000000000222
297.791000000000223
298.113000000000223
298.711000000000224
300.159000000000225
306.24300000000023
306.495000000000231
307.066000000000231
307.296000000000231
307.720000000000232
312.387000000000236
312.675000000000236
313.048000000000236
313.264000000000237
313.661000000000237
314.122000000000237
314.734000000000238
317.884000000000241
318.953000000000242
319.269000000000242
320.034000000000243
320.456000000000243
321.140000000000244
321.452000000000244
321.891000000000244
329.939000000000251
330.549000000000252
330.889000000000252
331.315000000000253
331.884000000000253
338.169000000000259
338.953000000000259
339.38900000000026
339.67800000000026
340.11500000000026
343.501000000000263
343.794000000000264
344.331000000000264
344.903000000000265
345.266000000000265
346.272000000000266
346.926000000000266
347.532000000000267
348.584000000000268
349.107000000000268
355.811000000000274
356.493000000000275
357.221000000000276
357.560000000000276
358.012000000000276
362.980000000000281
363.462000000000281
363.971000000000282
364.286000000000282
364.758000000000282
365.273000000000283
372.341000000000289
372.832000000000289
373.59400000000029
373.97200000000029
374.366000000000291
380.274000000000296
381.187000000000297
381.596000000000297
381.941000000000298
382.370000000000298
388.057000000000303
389.279000000000304
389.689000000000304
390.188000000000305
390.783000000000305
398.515000000000312
398.958000000000313
399.408000000000313
399.854000000000313
400.372000000000314
406.190000000000319
406.577000000000319
407.25900000000032
407.49100000000032
408.042000000000321
414.161000000000326
417.125000000000329
417.644000000000329
421.506000000000333
421.867000000000333
427.627000000000338
428.245000000000339
428.600000000000339
428.990000000000339
429.41100000000034
449.555000000000358
450.059000000000358
450.567000000000359
451.566000000000359
452.50300000000036
457.174000000000364
457.772000000000365
458.243000000000365
458.606000000000366
458.944000000000366
459.299000000000366
464.704000000000371
465.099000000000371
465.485000000000372
465.875000000000372
466.279000000000372
472.261000000000378
472.767000000000378
473.119000000000379
473.728000000000379
474.27300000000038
478.449000000000383
480.092000000000385
480.615000000000385
481.038000000000386
482.167000000000387
482.671000000000387
486.52200000000039
487.615000000000391
488.012000000000392
488.462000000000392
488.816000000000392
489.214000000000393
489.820000000000393
492.282000000000396
493.516000000000397
494.180000000000397
494.717000000000398
495.169000000000398
495.779000000000399
496.194000000000399
496.644000000000399
497.3760000000004
503.379000000000405
508.01400000000041
508.30800000000041
508.70400000000041
509.222000000000411
514.758000000000416
515.590000000000416
516.012000000000417
516.486000000000417
516.867000000000417
521.319000000000421
522.045000000000422
523.032000000000423
523.437000000000423
524.317000000000424
524.876000000000424
525.291000000000425
530.60000000000043
531.945000000000431
532.446000000000431
533.227000000000432
533.809000000000432
539.703000000000438
540.614000000000438
541.223000000000439
541.76700000000044
542.35100000000044
548.117000000000445
549.125000000000446
549.573000000000446
549.944000000000447
550.406000000000447
555.459000000000452
556.391000000000452
557.013000000000453
557.525000000000454
558.104000000000454
558.930000000000455
559.454000000000455
565.729000000000461
566.757000000000462
567.330000000000462
568.306000000000463
568.927000000000464
575.54300000000047
576.20200000000047
576.840000000000471
577.247000000000471
577.639000000000471
585.593000000000478
585.910000000000479
586.555000000000479
587.06900000000048
587.47600000000048
591.648000000000484
591.909000000000484
592.457000000000484
593.010000000000485
593.666000000000486
594.125000000000486
594.605000000000486
595.853000000000488
711.996000000000591
713.125000000000592
713.648000000000592
714.274000000000593
715.002000000000593
722.1940000000006
722.5270000000006
723.150000000000601
724.647000000000602
725.828000000000603
730.963000000000608
731.822000000000608
732.288000000000609
733.088000000000609
733.66200000000061
734.572000000000611
753.362000000000627
753.676000000000628
754.007000000000628
754.652000000000629
754.820000000000629
761.233000000000634
761.874000000000635
768.496000000000641
769.225000000000642
769.542000000000642
777.589000000000649
778.072000000000649
778.64600000000065
779.06700000000065
779.482000000000651
779.851000000000651
786.985000000000657
787.952000000000658
788.727000000000659
789.156000000000659
790.25500000000066
797.855000000000667
798.203000000000667
799.210000000000668
799.657000000000668
800.129000000000669
808.568000000000676
809.188000000000677
809.785000000000678
810.280000000000678
811.679000000000679
816.122000000000683
818.466000000000685
819.426000000000686
820.024000000000687
820.591000000000687
820.977000000000687
828.173000000000694
828.472000000000694
828.813000000000694
829.546000000000695
830.184000000000696
837.711000000000702
838.126000000000703
838.800000000000703
839.318000000000704
839.965000000000704
848.346000000000712
849.151000000000712
849.965000000000713
850.433000000000714
850.941000000000714
858.01700000000072
859.162000000000721
860.049000000000722
860.452000000000722
860.894000000000723
869.10900000000073
869.618000000000731
870.020000000000731
870.533000000000732
871.196000000000732
877.155000000000737
877.493000000000738
878.106000000000738
878.581000000000739
880.758000000000741
887.445000000000746
887.838000000000747
888.441000000000747
888.852000000000748
889.800000000000749
896.379000000000754
896.794000000000755
897.297000000000755
897.664000000000756
898.362000000000756
903.666000000000761
905.157000000000762
907.202000000000764
907.762000000000765
908.281000000000765
914.951000000000771
915.981000000000772
916.559000000000772
917.371000000000773
917.816000000000774
955.991000000000807
956.895000000000808
957.155000000000808
957.595000000000809
958.001000000000809
964.668000000000815
965.151000000000816
965.857000000000816
966.060000000000816
966.579000000000817
974.532000000000824
975.020000000000824
975.459000000000825
976.689000000000826
977.052000000000826
983.032000000000831
983.672000000000832
984.186000000000832
985.876000000000834
986.794000000000835
992.22400000000084
993.04300000000084
993.726000000000841
994.723000000000842
995.210000000000842
1004.00300000000085
1004.977000000000851
1005.705000000000852
1006.022000000000852
1006.726000000000852
1016.582000000000861
1017.382000000000862
1018.129000000000863
1018.508000000000863
1018.960000000000863
1026.20000000000087
1026.63000000000087
1027.27400000000087
1027.74000000000087
1028.33300000000087
1034.81800000000088
1035.12100000000088
1036.25100000000088
1036.74300000000088
1037.28600000000088
1046.53300000000089
1047.58300000000089
1048.15600000000089
1048.66900000000089
1049.53000000000089
1050.24900000000089
1055.3510000000009
1055.7910000000009
1056.7590000000009
1057.5280000000009
1058.0860000000009
1065.7410000000009
1066.35000000000091
1067.22700000000091
1067.63700000000091
1068.30900000000091
1077.08500000000091
1078.03300000000092
1078.35400000000092
1078.89500000000092
1079.33900000000092
1087.84300000000092
1088.18300000000092
1088.99900000000093
1089.42500000000093
1090.02200000000093
1095.82300000000093
1097.22600000000093
1097.67100000000093
1098.14700000000093
1098.66400000000093
1107.37800000000094
1107.93800000000094
1108.34500000000094
1108.98800000000094
1109.35600000000094
1112.31500000000095
1112.77600000000095
1113.72000000000095
1114.65600000000095
1120.47100000000095
1121.05300000000095
1122.02200000000095
1122.66400000000096
1129.15700000000096
1129.56100000000096
1129.92800000000096
1130.40400000000096
1131.25100000000096
1135.47500000000097
1135.99600000000097
1136.40800000000097
1137.51500000000097
1142.41700000000097
1143.01900000000097
1143.49800000000097
1144.01700000000097
1202.72100000000103
1203.27400000000103
1203.49100000000103
1203.99300000000103
1204.56600000000103
1367.85800000000117
1527.16700000000131
1545.40900000000133
1603.83500000000138
1607.07000000000139
1613.39700000000139
1623.2540000000014
1623.7130000000014
1640.65000000000142
1641.12900000000142
1646.41900000000142
1647.87000000000142
1649.27800000000142
1649.81200000000142
1650.99200000000142
1656.01700000000143
1656.64200000000143
1657.20000000000143
1657.78200000000143
1658.87900000000143
1659.58800000000143
1667.54500000000144
1667.87300000000144
1668.58300000000144
1669.05600000000144
1669.90300000000144
1687.18000000000146
1697.75800000000147
1698.64300000000147
1699.14200000000147
1699.97500000000147
100
-1
8.94200000000000017
32.1279999999999869
40.5779999999999944
83.0950000000000322
90.0890000000000384
107.9120000000000542
119.4360000000000644
141.226000000000084
148.76100000000009
157.064000000000098
163.743000000000104
171.575000000000111
185.235000000000123
193.04400000000013
202.581000000000138
217.864000000000152
264.118000000000193
271.5750000000002
279.510000000000207
288.089000000000214
300.159000000000225
307.720000000000232
314.734000000000238
321.891000000000244
331.884000000000253
340.11500000000026
349.107000000000268
358.012000000000276
365.273000000000283
374.366000000000291
382.370000000000298
390.783000000000305
400.372000000000314
408.042000000000321
421.867000000000333
429.41100000000034
452.50300000000036
459.299000000000366
466.279000000000372
474.27300000000038
482.671000000000387
489.820000000000393
497.3760000000004
509.222000000000411
516.867000000000417
525.291000000000425
533.809000000000432
542.35100000000044
550.406000000000447
558.930000000000455
568.927000000000464
577.639000000000471
587.47600000000048
595.853000000000488
715.002000000000593
725.828000000000603
734.572000000000611
754.820000000000629
769.542000000000642
779.482000000000651
790.25500000000066
800.129000000000669
811.679000000000679
820.977000000000687
830.184000000000696
839.965000000000704
850.941000000000714
860.894000000000723
871.196000000000732
880.758000000000741
889.800000000000749
898.362000000000756
908.281000000000765
917.816000000000774
958.001000000000809
966.579000000000817
977.052000000000826
986.794000000000835
995.210000000000842
1006.726000000000852
1018.960000000000863
1028.33300000000087
1037.28600000000088
1049.53000000000089
1058.0860000000009
1068.30900000000091
1079.33900000000092
1090.02200000000093
1098.66400000000093
1109.35600000000094
1122.66400000000096
1131.25100000000096
1144.01700000000097
1204.56600000000103
1607.07000000000139
1641.12900000000142
1650.99200000000142
1659.58800000000143
1669.90300000000144
1699.97500000000147
5
0
5000
0
0
0
0
2700
99
0
0
0
0
0
0
1699.97500000000147
0
0
0
0
0
0
