11
26
19
11
26
19
cPPR1.14
PR3_day2
0
4
11
09
23
12
39
44
23
3
.3
1
407
1
17
1
1
1
1
1
1
1
1
1
1
1
1
1
1
1
1
1
1
1
1
1
184
406
-1
9.26400000000000018
16.4529999999999999
18.4769999999999982
21.8449999999999954
48.8120000000000017
91.6510000000000398
92.9520000000000409
93.3870000000000413
93.8280000000000417
94.127000000000042
97.6320000000000451
98.2560000000000456
111.122000000000057
111.8250000000000577
113.7250000000000594
114.41000000000006
116.0060000000000614
118.3220000000000634
119.0670000000000641
123.1410000000000677
146.634000000000089
146.761000000000089
155.589000000000097
156.169000000000097
160.277000000000101
161.046000000000101
161.614000000000102
162.981000000000103
163.597000000000104
164.134000000000104
164.492000000000104
164.834000000000105
165.432000000000105
165.705000000000106
166.007000000000106
175.445000000000114
176.379000000000115
181.137000000000119
181.55900000000012
182.33100000000012
182.697000000000121
183.228000000000121
183.561000000000121
184.178000000000122
184.280000000000122
185.868000000000123
187.100000000000125
187.197000000000125
200.532000000000136
200.660000000000137
201.040000000000137
208.192000000000143
210.105000000000145
213.395000000000148
214.481000000000149
215.54400000000015
215.65800000000015
221.552000000000155
222.627000000000156
224.301000000000158
231.836000000000164
232.811000000000165
233.710000000000166
235.479000000000168
235.974000000000168
242.323000000000174
242.843000000000174
245.119000000000176
245.735000000000177
245.984000000000177
255.135000000000185
255.566000000000185
257.498000000000187
258.024000000000188
258.508000000000188
259.192000000000189
263.618000000000192
264.495000000000193
264.852000000000194
265.200000000000194
265.845000000000194
267.589000000000196
269.071000000000197
269.427000000000198
269.924000000000198
270.707000000000199
270.992000000000199
271.316000000000199
271.7990000000002
273.386000000000201
274.883000000000202
278.189000000000205
287.373000000000214
307.309000000000231
308.327000000000232
312.498000000000236
313.720000000000237
314.033000000000237
314.888000000000238
316.179000000000239
316.98800000000024
317.48700000000024
319.389000000000242
320.840000000000243
320.965000000000243
321.589000000000244
321.838000000000244
323.498000000000246
324.564000000000247
337.706000000000258
339.06500000000026
339.74800000000026
342.192000000000262
342.989000000000263
344.482000000000264
345.024000000000265
345.431000000000265
351.623000000000271
352.137000000000271
352.794000000000272
353.007000000000272
354.052000000000273
355.724000000000274
356.718000000000275
361.59200000000028
361.81300000000028
361.93200000000028
363.237000000000281
364.111000000000282
364.231000000000282
365.062000000000283
366.086000000000284
367.013000000000284
368.678000000000286
374.406000000000291
374.635000000000291
375.807000000000292
376.369000000000293
379.857000000000296
380.243000000000296
380.584000000000296
381.227000000000297
394.650000000000309
396.744000000000311
397.501000000000311
406.568000000000319
407.31000000000032
407.72900000000032
408.958000000000322
410.169000000000323
410.423000000000323
411.918000000000324
412.678000000000325
435.495000000000345
436.326000000000346
436.816000000000346
438.815000000000348
443.797000000000352
444.454000000000353
444.998000000000354
445.422000000000354
447.778000000000356
447.993000000000356
452.47100000000036
454.649000000000362
458.101000000000365
463.49000000000037
477.050000000000382
477.504000000000382
478.694000000000384
479.561000000000384
480.467000000000385
481.170000000000386
489.593000000000393
490.081000000000394
490.411000000000394
501.027000000000403
502.726000000000405
504.962000000000407
505.447000000000407
506.157000000000408
507.457000000000409
508.42900000000041
509.116000000000411
510.650000000000412
511.960000000000413
513.338000000000414
514.338000000000415
514.993000000000416
516.939000000000417
517.460000000000418
517.737000000000418
519.48000000000042
524.743000000000424
524.982000000000425
525.483000000000425
525.988000000000425
526.616000000000426
527.548000000000427
528.016000000000427
533.207000000000432
533.796000000000432
548.831000000000446
549.185000000000446
550.141000000000447
552.047000000000449
552.690000000000449
554.265000000000451
554.388000000000451
557.281000000000453
567.157000000000462
569.840000000000464
571.946000000000466
573.901000000000468
575.67100000000047
579.441000000000473
581.712000000000475
581.913000000000475
583.389000000000476
584.004000000000477
611.003000000000501
631.040000000000519
631.538000000000519
631.90200000000052
632.58800000000052
633.239000000000521
633.853000000000521
634.524000000000522
636.630000000000524
637.126000000000524
637.395000000000524
637.953000000000525
638.292000000000525
639.120000000000526
639.862000000000527
641.732000000000528
661.413000000000546
662.031000000000546
662.811000000000547
669.785000000000553
671.559000000000555
672.898000000000556
674.497000000000557
678.029000000000561
678.436000000000561
678.598000000000561
685.264000000000567
695.176000000000576
696.204000000000577
696.408000000000577
696.633000000000577
698.325000000000579
699.59500000000058
700.631000000000581
700.846000000000581
701.167000000000581
701.672000000000582
703.697000000000583
704.427000000000584
721.015000000000599
721.680000000000599
723.799000000000601
725.165000000000602
736.855000000000613
737.587000000000613
739.086000000000615
740.306000000000616
740.820000000000616
774.380000000000646
776.906000000000648
781.054000000000652
789.81200000000066
791.067000000000661
791.912000000000662
826.031000000000692
826.271000000000692
826.800000000000693
828.629000000000694
830.312000000000696
831.147000000000696
833.428000000000699
835.1180000000007
835.6520000000007
835.879000000000701
836.142000000000701
837.439000000000702
845.064000000000709
857.45400000000072
934.248000000000788
935.231000000000789
971.390000000000821
1030.11800000000087
1116.17600000000095
1137.95400000000097
1139.48600000000097
1140.23800000000097
1141.03900000000097
1141.45900000000097
1142.11400000000097
1148.43800000000098
1154.55100000000098
1156.22100000000099
1156.59300000000099
1157.15100000000099
1157.82400000000099
1158.80500000000099
1159.76900000000099
1175.720000000001
1176.628000000001
1177.086000000001
1188.53700000000101
1272.11200000000109
1277.96500000000109
1435.29800000000123
1570.94100000000135
1634.41100000000141
1642.55400000000142
1647.07300000000142
1651.49300000000142
1653.04100000000143
1674.12500000000145
1674.81300000000145
1677.66800000000145
1688.15100000000146
1688.87400000000146
1690.33200000000146
1693.10200000000146
1693.68700000000146
1730.3170000000015
1780.05200000000154
1796.30800000000155
1821.61300000000158
1822.76700000000158
1828.54200000000158
1963.9130000000017
1965.6510000000017
1967.35100000000171
2009.72000000000174
2013.89400000000175
2085.29099999999767
2090.91699999999705
2093.41399999999678
2093.92699999999672
2096.8009999999964
2102.18799999999581
2103.52999999999566
2105.9169999999954
2171.78499999998814
2175.66999999998772
2187.13599999998645
2207.76199999998418
2209.70099999998397
2214.30499999998346
2764.26699999992289
2769.26599999992234
2777.17299999992147
2778.12999999992136
2784.96099999992061
2787.53699999992033
2788.09799999992027
3436.68099999984884
3439.10999999984857
3505.26899999984128
3506.19799999984118
3507.50699999984104
3514.47899999984027
3514.89099999984022
3523.03399999983933
3558.29099999983544
3558.83399999983538
3561.01199999983514
3561.31399999983511
3561.66699999983507
3568.59899999983431
3576.26999999983346
3577.66599999983331
3604.25399999983038
3606.8209999998301
3609.5129999998298
3619.5119999998287
3623.98899999982821
3666.45099999982353
3685.05499999982148
3688.87999999982106
3699.17799999981993
3704.46099999981934
3732.23199999981629
3734.98199999981598
3735.48099999981593
3740.2439999998154
3740.78199999981534
3742.78399999981512
3782.0799999998108
3792.85299999980961
3794.00899999980948
3802.0219999998086
3807.96599999980794
3809.14399999980782
5061.86299999966985
5140.19899999966122
5142.93699999966092
5150.77799999966006
5157.10099999965936
5339.54799999963927
5341.38999999963906
5343.16399999963887
16
-1
9.26500000000000018
48.8130000000000017
98.2570000000000456
146.762000000000089
166.008000000000106
201.041000000000137
245.985000000000177
278.190000000000205
345.432000000000265
397.502000000000311
490.412000000000394
557.282000000000453
685.265000000000567
845.065000000000709
1780.05300000000154
3577.66699999983331
0
0
5000
0
0
0
0
7200
0
0
0
0
0
17
0
5377.76799999963506
1800.00000000000156
1800
0
49
0
1
4
7
10
13
16
19
22
25
28
31
34
37
40
43
46
49
52
55
58
61
64
67
70
73
76
79
82
85
88
91
94
97
100
103
106
109
112
115
118
121
124
127
130
133
136
139
142
145
148
151
154
157
160
163
166
169
172
175
178
181
184
187
190
193
196
199
202
205
208
211
214
217
220
223
226
229
232
235
238
241
244
247
250
253
256
259
262
265
268
271
274
277
280
283
286
289
292
295
298
301
304
307
310
313
316
319
322
325
328
331
334
337
340
343
346
349
352
355
358
361
364
367
370
373
376
379
382
385
388
391
394
397
400
403
406
409
412
415
418
421
424
427
430
433
436
439
442
445
448
451
454
457
460
463
466
469
472
475
478
481
484
487
490
493
496
499
502
505
508
511
514
517
520
523
526
529
532
535
538
541
544
547
550
