11
22
19
11
22
19
cPPR1.15
FR5_day5
0
1
11
52
50
12
38
33
24
2
.3
1
564
1
83
1
1
1
1
1
1
1
1
1
1
1
1
1
1
1
1
1
1
1
1
1
1
563
-1
13.78000000000000027
15.0470000000000003
15.45500000000000031
15.77300000000000032
16.4899999999999999
29.9929999999999885
30.1899999999999883
30.7659999999999878
32.7879999999999875
32.9579999999999876
33.7209999999999883
41.8199999999999955
41.9539999999999956
42.6119999999999962
43.0349999999999966
43.2219999999999967
46.4329999999999996
47.0580000000000002
70.4300000000000209
70.7140000000000212
70.9420000000000214
71.3390000000000217
71.4230000000000218
79.9340000000000294
80.0720000000000295
80.3820000000000297
80.5400000000000299
80.69600000000003
82.3260000000000315
82.4850000000000316
82.7460000000000318
84.6860000000000336
84.9000000000000338
85.0770000000000339
85.8930000000000346
86.0490000000000348
86.318000000000035
87.8030000000000363
87.9910000000000365
88.502000000000037
97.1590000000000446
97.2880000000000448
97.4760000000000449
97.7390000000000452
98.0850000000000455
98.2750000000000456
112.170000000000058
112.3390000000000581
112.5180000000000583
112.7650000000000585
113.3860000000000591
115.4890000000000609
116.2490000000000616
116.8330000000000621
117.6830000000000629
118.3570000000000635
118.918000000000064
119.1250000000000642
119.3630000000000644
119.5510000000000645
119.7900000000000648
127.7400000000000718
128.007000000000072
128.191000000000072
128.721000000000073
129.246000000000073
132.004000000000076
132.156000000000076
132.318000000000076
132.866000000000076
133.214000000000077
133.307000000000077
133.482000000000077
133.679000000000077
133.885000000000077
134.145000000000078
134.298000000000078
135.075000000000078
135.272000000000078
135.544000000000079
135.833000000000079
136.083000000000079
150.287000000000092
150.483000000000092
150.984000000000092
151.189000000000093
151.407000000000093
153.993000000000095
154.252000000000095
154.418000000000096
154.680000000000096
155.519000000000096
156.095000000000097
156.441000000000097
157.191000000000098
157.378000000000098
157.917000000000099
158.130000000000099
158.344000000000099
158.602000000000099
169.264000000000109
169.771000000000109
169.937000000000109
170.20200000000011
170.34100000000011
174.597000000000113
174.783000000000114
174.987000000000114
175.182000000000114
175.328000000000114
175.534000000000114
175.793000000000114
175.960000000000115
176.131000000000115
176.330000000000115
176.593000000000115
191.770000000000129
192.083000000000129
193.33500000000013
193.65200000000013
193.79100000000013
193.960000000000131
203.682000000000139
203.787000000000139
203.99200000000014
204.17100000000014
204.39200000000014
204.65600000000014
210.192000000000145
210.430000000000145
210.901000000000146
211.047000000000146
211.254000000000146
211.419000000000146
211.730000000000146
216.09400000000015
216.26700000000015
216.450000000000151
216.620000000000151
216.782000000000151
217.061000000000151
217.197000000000151
217.355000000000151
222.965000000000156
223.157000000000157
223.337000000000157
223.515000000000157
223.699000000000157
223.971000000000157
226.203000000000159
226.427000000000159
226.61400000000016
226.78000000000016
227.00400000000016
227.21400000000016
227.41900000000016
227.718000000000161
227.960000000000161
228.319000000000161
228.500000000000161
228.719000000000162
228.909000000000162
229.138000000000162
229.396000000000162
230.354000000000163
230.548000000000163
255.846000000000186
258.487000000000188
258.661000000000188
258.826000000000188
259.075000000000188
292.626000000000218
292.827000000000218
293.063000000000219
293.436000000000219
294.13300000000022
297.420000000000222
297.645000000000223
297.879000000000223
298.100000000000223
298.787000000000224
298.997000000000224
299.787000000000225
299.994000000000225
300.250000000000225
300.516000000000225
301.967000000000227
305.83700000000023
306.08900000000023
306.25800000000023
306.957000000000231
307.181000000000231
307.444000000000231
307.658000000000232
307.948000000000232
308.139000000000232
308.599000000000232
313.283000000000237
313.585000000000237
313.852000000000237
314.113000000000237
314.948000000000238
316.059000000000239
316.342000000000239
320.841000000000243
321.230000000000244
322.395000000000245
322.684000000000245
323.046000000000245
323.352000000000246
324.037000000000246
324.234000000000246
328.12100000000025
328.46000000000025
328.71300000000025
329.690000000000251
329.888000000000251
330.111000000000252
330.310000000000252
330.594000000000252
375.646000000000292
376.196000000000292
377.107000000000293
377.335000000000293
377.659000000000294
383.839000000000299
384.3310000000003
384.5410000000003
385.402000000000301
385.647000000000301
390.843000000000305
391.067000000000306
391.497000000000306
391.731000000000306
392.008000000000306
392.858000000000307
398.704000000000312
398.898000000000313
399.147000000000313
399.360000000000313
399.568000000000313
405.241000000000318
405.469000000000318
405.687000000000319
405.929000000000319
406.194000000000319
411.588000000000324
412.310000000000325
412.533000000000325
412.753000000000325
412.986000000000325
417.634000000000329
417.837000000000329
418.01700000000033
418.27100000000033
418.62300000000033
419.120000000000331
419.330000000000331
419.637000000000331
423.752000000000335
424.086000000000335
424.305000000000335
424.549000000000335
424.808000000000336
425.088000000000336
425.295000000000336
425.572000000000336
426.194000000000337
426.429000000000337
432.399000000000342
432.930000000000343
433.666000000000344
433.922000000000344
434.167000000000344
434.403000000000344
445.172000000000354
445.421000000000354
446.030000000000354
446.145000000000355
446.323000000000355
450.820000000000359
451.054000000000359
451.95100000000036
452.17700000000036
452.39000000000036
452.68200000000036
452.948000000000361
457.353000000000365
457.676000000000365
457.879000000000365
458.158000000000365
458.367000000000365
458.671000000000366
458.912000000000366
459.224000000000366
462.447000000000369
463.07100000000037
463.37800000000037
463.63400000000037
463.79900000000037
464.067000000000371
464.302000000000371
464.576000000000371
464.866000000000371
465.176000000000371
466.032000000000372
466.195000000000372
466.558000000000373
470.160000000000376
471.374000000000377
472.278000000000378
472.511000000000378
472.706000000000378
472.983000000000378
473.203000000000379
479.299000000000384
479.614000000000384
481.051000000000386
481.372000000000386
481.628000000000386
485.404000000000389
485.93900000000039
486.17200000000039
486.38600000000039
487.528000000000391
487.776000000000392
487.977000000000392
488.273000000000392
488.545000000000392
508.13900000000041
508.31600000000041
508.56200000000041
508.82200000000041
509.561000000000411
509.731000000000411
510.055000000000411
514.709000000000415
514.946000000000416
515.678000000000416
515.888000000000416
516.503000000000417
516.800000000000417
522.245000000000422
522.530000000000422
522.725000000000423
523.419000000000423
523.580000000000423
529.021000000000428
529.429000000000429
529.665000000000429
530.001000000000429
530.256000000000429
536.326000000000435
536.529000000000435
536.741000000000435
537.030000000000435
537.215000000000435
541.065000000000439
541.357000000000439
541.533000000000439
541.93800000000044
542.13500000000044
542.38800000000044
542.67300000000044
543.016000000000441
543.627000000000441
543.802000000000441
544.093000000000442
549.883000000000447
550.534000000000447
550.755000000000448
551.002000000000448
551.244000000000448
551.558000000000448
556.822000000000453
557.328000000000453
557.499000000000453
557.700000000000454
557.962000000000454
563.473000000000459
564.83900000000046
565.07500000000046
565.37300000000046
565.732000000000461
574.584000000000469
574.975000000000469
576.01600000000047
576.17600000000047
576.46900000000047
581.195000000000474
582.853000000000476
583.048000000000476
583.342000000000476
583.669000000000477
583.994000000000477
590.198000000000482
590.468000000000483
590.701000000000483
590.944000000000483
591.755000000000484
597.114000000000489
597.442000000000489
597.724000000000489
598.60700000000049
598.80800000000049
606.673000000000497
607.207000000000498
607.389000000000498
608.176000000000498
608.441000000000499
611.999000000000502
612.760000000000503
613.927000000000504
614.185000000000504
614.397000000000504
614.656000000000504
616.835000000000506
622.733000000000511
623.078000000000512
623.348000000000512
624.124000000000513
624.488000000000513
628.844000000000517
629.073000000000517
630.013000000000518
630.267000000000518
630.549000000000518
630.811000000000519
631.088000000000519
639.068000000000526
639.733000000000526
639.937000000000527
640.576000000000527
641.289000000000528
641.401000000000528
646.569000000000533
646.883000000000533
647.246000000000533
648.225000000000534
648.415000000000534
655.20900000000054
655.45400000000054
655.927000000000541
656.103000000000541
656.630000000000542
662.618000000000547
663.676000000000548
664.170000000000548
665.123000000000549
665.364000000000549
670.500000000000554
670.744000000000554
672.254000000000555
672.445000000000556
673.431000000000556
673.670000000000557
678.965000000000561
679.282000000000562
680.504000000000563
680.699000000000563
681.017000000000563
688.77400000000057
689.18900000000057
692.533000000000573
692.878000000000574
694.508000000000575
704.008000000000584
704.371000000000584
704.602000000000584
704.893000000000584
705.696000000000585
712.191000000000591
712.649000000000591
712.858000000000591
713.168000000000592
714.070000000000593
714.255000000000593
720.522000000000598
722.9830000000006
723.562000000000601
723.786000000000601
724.088000000000601
728.245000000000605
728.852000000000606
729.189000000000606
729.469000000000606
729.709000000000606
729.976000000000607
730.215000000000607
730.548000000000607
737.963000000000614
738.759000000000614
739.058000000000615
739.843000000000615
740.048000000000616
741.354000000000617
744.121000000000619
744.45500000000062
746.252000000000621
746.506000000000621
748.127000000000623
748.344000000000623
748.620000000000623
751.690000000000626
751.974000000000626
752.855000000000627
753.136000000000627
753.428000000000628
753.775000000000628
754.912000000000629
755.135000000000629
755.370000000000629
755.577000000000629
755.87400000000063
755.99200000000063
757.856000000000631
769.496000000000642
770.535000000000643
771.426000000000644
771.766000000000644
771.977000000000644
776.087000000000648
776.464000000000648
776.779000000000648
777.049000000000648
777.217000000000649
777.980000000000649
778.20700000000065
778.40300000000065
778.69600000000065
782.659000000000653
784.716000000000655
784.952000000000656
785.274000000000656
785.797000000000656
786.120000000000656
786.410000000000657
791.930000000000662
792.229000000000662
793.069000000000663
793.289000000000663
793.489000000000663
799.607000000000668
799.877000000000669
800.238000000000669
800.487000000000669
801.57300000000067
801.71100000000067
805.079000000000673
805.379000000000674
806.277000000000674
806.591000000000675
807.001000000000675
807.983000000000676
808.207000000000676
808.499000000000676
808.704000000000677
815.864000000000683
816.151000000000683
816.455000000000684
817.200000000000684
817.441000000000684
868.63700000000073
82
-1
16.4899999999999999
32.9579999999999876
43.2219999999999967
71.4230000000000218
80.69600000000003
88.502000000000037
98.0850000000000455
113.3860000000000591
119.7900000000000648
129.246000000000073
136.083000000000079
151.407000000000093
158.344000000000099
170.34100000000011
176.593000000000115
193.79100000000013
204.39200000000014
211.254000000000146
217.355000000000151
223.699000000000157
230.548000000000163
259.075000000000188
294.13300000000022
301.967000000000227
308.139000000000232
316.059000000000239
324.037000000000246
330.594000000000252
377.659000000000294
385.647000000000301
392.858000000000307
399.568000000000313
406.194000000000319
412.986000000000325
419.637000000000331
426.429000000000337
434.167000000000344
446.323000000000355
452.948000000000361
459.224000000000366
466.195000000000372
473.203000000000379
481.628000000000386
488.545000000000392
509.561000000000411
516.800000000000417
523.580000000000423
530.256000000000429
537.215000000000435
544.093000000000442
551.244000000000448
557.962000000000454
565.732000000000461
576.46900000000047
583.994000000000477
591.755000000000484
598.80800000000049
608.441000000000499
616.835000000000506
624.488000000000513
631.088000000000519
641.289000000000528
648.415000000000534
656.630000000000542
665.364000000000549
673.670000000000557
681.017000000000563
694.508000000000575
705.696000000000585
714.070000000000593
724.088000000000601
730.548000000000607
740.048000000000616
748.620000000000623
755.87400000000063
771.977000000000644
778.69600000000065
786.120000000000656
793.489000000000663
801.57300000000067
808.704000000000677
817.441000000000684
5
0
5000
0
0
0
0
2700
99
0
0
0
0
0
0
2700.79599999992988
0
0
0
0
0
0
