11
04
19
11
04
19
cPPR1.16
FR1
0
2
11
34
55
12
20
53
24
2
.3
1
115
1
70
1
1
1
1
1
1
1
1
1
1
1
1
1
1
1
1
1
1
1
1
1
1
114
-1
6.28500000000000012
7.24300000000000014
7.56800000000000014
8.01400000000000015
97.6280000000000451
98.3330000000000457
101.3290000000000484
102.3760000000000493
102.4880000000000494
104.7220000000000514
109.3110000000000554
182.14600000000012
183.613000000000121
184.726000000000122
704.493000000000584
705.445000000000585
706.993000000000586
713.007000000000592
716.490000000000595
717.421000000000596
721.143000000000599
721.445000000000599
722.3040000000006
722.4210000000006
725.291000000000602
725.813000000000603
731.041000000000608
795.463000000000665
799.855000000000669
813.929000000000681
814.855000000000682
825.335000000000691
827.918000000000694
828.578000000000694
848.956000000000712
849.142000000000713
850.158000000000713
853.539000000000716
854.597000000000717
930.296000000000785
930.700000000000785
934.719000000000788
939.572000000000793
943.958000000000797
944.400000000000797
945.565000000000798
946.621000000000799
976.291000000000825
977.388000000000826
981.02100000000083
1139.17100000000097
1191.65800000000102
1222.15200000000104
1247.33300000000107
1248.11700000000107
1284.4190000000011
1300.88600000000111
1317.37300000000113
1338.46100000000115
1344.00900000000115
1354.59400000000116
1411.41100000000121
1411.80000000000121
1412.52900000000121
1423.77000000000122
1437.08900000000123
1451.72300000000125
1452.53200000000125
1467.01000000000126
1480.83500000000127
1492.45700000000128
1496.51100000000129
1513.3470000000013
1523.61700000000131
1538.54900000000132
1539.29400000000133
1565.50800000000135
1579.72600000000136
1581.70100000000136
1590.69000000000137
1605.86800000000138
1607.07800000000139
1674.92700000000145
1684.21900000000145
1727.75000000000149
1728.32800000000149
1741.2420000000015
1742.39600000000151
1752.29900000000151
1766.67400000000153
1780.52100000000154
1781.37000000000154
1793.81400000000155
1807.86300000000156
1818.67900000000157
1831.22600000000158
1848.2220000000016
1860.25500000000161
1977.32700000000171
1988.96800000000172
2002.09200000000174
2034.37100000000177
2047.98100000000178
2065.0469999999999
2077.8009999999985
2099.03599999999616
2100.26699999999602
2117.11899999999416
2139.39999999999171
2147.47799999999082
2177.92099999998747
2192.1359999999859
2332.52199999997044
2384.30499999996474
69
-1
6.28500000000000012
97.6280000000000451
104.7220000000000514
182.14600000000012
704.493000000000584
713.007000000000592
721.143000000000599
731.041000000000608
795.463000000000665
813.929000000000681
825.335000000000691
848.956000000000712
854.597000000000717
930.296000000000785
939.572000000000793
945.565000000000798
976.291000000000825
1139.17100000000097
1191.65800000000102
1222.15200000000104
1247.33300000000107
1284.4190000000011
1300.88600000000111
1317.37300000000113
1338.46100000000115
1344.00900000000115
1354.59400000000116
1411.41100000000121
1423.77000000000122
1437.08900000000123
1451.72300000000125
1467.01000000000126
1480.83500000000127
1492.45700000000128
1513.3470000000013
1523.61700000000131
1538.54900000000132
1565.50800000000135
1579.72600000000136
1590.69000000000137
1605.86800000000138
1674.92700000000145
1684.21900000000145
1727.75000000000149
1741.2420000000015
1752.29900000000151
1766.67400000000153
1780.52100000000154
1793.81400000000155
1807.86300000000156
1818.67900000000157
1831.22600000000158
1848.2220000000016
1860.25500000000161
1977.32700000000171
1988.96800000000172
2002.09200000000174
2034.37100000000177
2047.98100000000178
2065.0469999999999
2077.8009999999985
2099.03599999999616
2117.11899999999416
2139.39999999999171
2147.47799999999082
2177.92099999998747
2192.1359999999859
2332.52199999997044
2384.30499999996474
1
0
5000
0
0
0
0
2700
99
0
0
0
0
0
0
2700.79699999992988
0
0
0
0
0
0
