11
21
19
11
21
19
cPPR1.10
FR5_day4
0
4
9
32
37
10
19
58
24
2
.3
1
522
1
96
1
1
1
1
1
1
1
1
1
1
1
1
1
1
1
1
1
1
1
1
1
1
521
-1
16.0450000000000003
17.9849999999999986
18.3389999999999983
18.8349999999999979
21.8149999999999954
25.2379999999999925
27.2909999999999908
27.6539999999999905
28.2619999999999899
29.7699999999999887
30.7299999999999878
33.345999999999988
79.4400000000000289
80.1130000000000295
80.4850000000000298
80.9290000000000302
81.3310000000000306
85.4120000000000342
88.8020000000000372
89.0960000000000375
89.5300000000000379
89.8910000000000382
90.3130000000000386
93.7130000000000416
109.2800000000000554
110.1300000000000562
110.3160000000000563
110.6670000000000566
111.026000000000057
111.7440000000000576
114.7720000000000603
115.1760000000000606
115.6470000000000611
116.2040000000000616
116.757000000000062
117.2840000000000625
117.7190000000000629
118.6480000000000637
120.102000000000065
124.6810000000000691
125.3020000000000696
130.136000000000074
130.470000000000074
130.891000000000075
131.324000000000075
131.800000000000075
137.978000000000081
138.515000000000081
139.559000000000082
140.035000000000083
140.458000000000083
145.118000000000087
145.635000000000088
146.043000000000088
146.322000000000088
146.875000000000089
147.76400000000009
148.13600000000009
148.56200000000009
161.417000000000102
161.845000000000102
162.651000000000103
162.968000000000103
163.402000000000103
167.266000000000107
167.934000000000108
168.234000000000108
168.710000000000108
169.288000000000109
169.882000000000109
170.32100000000011
171.05300000000011
174.756000000000114
175.367000000000114
175.613000000000114
176.148000000000115
176.592000000000115
177.117000000000116
177.594000000000116
179.001000000000117
179.500000000000118
179.923000000000118
182.51100000000012
185.370000000000123
185.716000000000123
186.293000000000124
186.517000000000124
186.940000000000124
222.194000000000156
222.818000000000156
222.983000000000156
223.476000000000157
224.142000000000157
224.842000000000158
228.847000000000162
229.342000000000162
229.941000000000163
230.422000000000163
230.972000000000164
231.883000000000164
232.639000000000165
235.173000000000167
235.736000000000168
236.458000000000168
238.875000000000171
239.251000000000171
239.672000000000171
240.261000000000172
240.576000000000172
246.470000000000177
247.118000000000178
247.784000000000178
248.567000000000179
249.07900000000018
256.062000000000186
256.514000000000186
256.787000000000186
257.286000000000187
258.201000000000188
262.229000000000191
264.359000000000193
265.189000000000194
265.618000000000194
266.500000000000195
266.791000000000195
277.100000000000204
278.308000000000206
278.728000000000206
279.961000000000207
280.350000000000207
284.675000000000211
285.041000000000212
285.619000000000212
286.108000000000212
286.507000000000213
286.781000000000213
287.213000000000213
292.062000000000218
293.553000000000219
293.970000000000219
294.72700000000022
295.412000000000221
296.070000000000221
306.18000000000023
307.167000000000231
307.812000000000232
308.689000000000233
310.195000000000234
315.728000000000239
317.40100000000024
317.987000000000241
318.526000000000241
318.978000000000242
324.275000000000246
325.486000000000247
326.038000000000248
326.532000000000248
327.80000000000025
345.391000000000265
345.774000000000265
346.088000000000266
346.573000000000266
349.875000000000269
355.112000000000274
355.385000000000274
355.955000000000274
356.495000000000275
357.066000000000275
362.760000000000281
363.112000000000281
363.723000000000281
364.658000000000282
365.416000000000283
365.885000000000283
372.259000000000289
373.19600000000029
373.58700000000029
374.029000000000291
374.757000000000291
381.307000000000297
382.022000000000298
382.452000000000298
382.871000000000298
383.346000000000299
388.495000000000303
389.468000000000304
389.939000000000305
390.532000000000305
391.399000000000306
392.196000000000307
398.125000000000312
398.574000000000312
399.164000000000313
400.060000000000314
401.279000000000315
406.389000000000319
407.60000000000032
408.037000000000321
408.614000000000321
409.459000000000322
410.216000000000323
416.474000000000328
416.999000000000329
417.691000000000329
418.09600000000033
418.46400000000033
423.176000000000334
423.671000000000335
424.306000000000335
424.739000000000336
425.241000000000336
426.566000000000337
432.649000000000343
433.251000000000343
433.723000000000344
434.155000000000344
434.617000000000344
441.13000000000035
441.909000000000351
442.635000000000351
443.103000000000352
443.618000000000352
448.442000000000357
451.081000000000359
451.67800000000036
452.75800000000036
453.308000000000361
453.811000000000361
458.322000000000365
459.224000000000366
459.629000000000367
460.409000000000367
461.175000000000368
461.708000000000368
468.212000000000374
469.005000000000375
469.505000000000375
470.176000000000376
471.270000000000377
478.952000000000384
479.258000000000384
479.760000000000384
480.139000000000385
481.201000000000386
488.211000000000392
488.745000000000392
489.223000000000393
489.582000000000393
490.406000000000394
498.927000000000401
499.354000000000402
500.305000000000403
500.779000000000403
501.516000000000404
508.24700000000041
508.83100000000041
509.364000000000411
509.856000000000411
510.402000000000412
514.836000000000416
516.055000000000417
516.485000000000417
517.055000000000418
517.789000000000418
518.108000000000418
524.959000000000425
525.412000000000425
525.663000000000425
526.111000000000426
526.602000000000426
533.050000000000432
533.879000000000432
534.538000000000433
535.629000000000434
536.178000000000435
543.921000000000441
544.471000000000442
545.237000000000443
546.058000000000443
546.818000000000444
555.012000000000451
555.437000000000452
555.992000000000452
556.396000000000452
556.897000000000453
563.136000000000458
563.639000000000459
564.110000000000459
564.66900000000046
565.759000000000461
572.770000000000467
573.079000000000467
573.291000000000468
573.746000000000468
574.247000000000468
580.895000000000474
582.035000000000475
582.544000000000476
583.070000000000476
584.561000000000478
590.888000000000483
591.277000000000484
591.570000000000484
592.112000000000484
592.501000000000485
599.751000000000491
600.668000000000492
601.181000000000492
601.709000000000493
602.358000000000493
608.154000000000498
608.878000000000499
609.7690000000005
610.1990000000005
610.702000000000501
620.175000000000509
621.31400000000051
621.814000000000511
622.404000000000511
625.229000000000514
631.221000000000519
631.813000000000519
632.27200000000052
632.76500000000052
633.130000000000521
636.844000000000524
638.980000000000526
639.432000000000526
640.031000000000527
640.550000000000527
641.063000000000528
651.207000000000537
655.26800000000054
655.801000000000541
656.252000000000541
656.733000000000542
682.819000000000565
683.245000000000565
683.642000000000566
684.037000000000566
684.518000000000566
692.014000000000573
692.703000000000574
693.369000000000574
693.764000000000574
693.985000000000575
702.563000000000582
703.698000000000583
704.091000000000584
704.652000000000584
705.398000000000585
711.22800000000059
711.923000000000591
712.500000000000591
713.031000000000592
713.504000000000592
721.466000000000599
722.2430000000006
723.0040000000006
723.460000000000601
724.248000000000602
731.916000000000608
732.449000000000609
733.036000000000609
733.76500000000061
734.19800000000061
739.988000000000616
740.426000000000616
741.159000000000617
741.839000000000617
742.402000000000618
749.595000000000624
751.098000000000625
751.430000000000626
751.755000000000626
752.270000000000626
760.428000000000634
761.519000000000635
762.140000000000635
762.592000000000636
763.766000000000637
769.731000000000642
770.495000000000643
771.013000000000643
771.359000000000643
771.785000000000644
779.16000000000065
780.361000000000651
780.914000000000652
781.363000000000652
781.832000000000653
790.979000000000661
792.259000000000662
792.695000000000662
793.165000000000663
793.718000000000663
801.15400000000067
801.41500000000067
802.042000000000671
802.568000000000671
803.065000000000672
809.820000000000678
810.310000000000678
810.941000000000679
811.335000000000679
811.832000000000679
819.578000000000686
820.324000000000687
820.971000000000687
821.228000000000688
821.721000000000688
827.464000000000693
829.565000000000695
830.136000000000696
830.713000000000696
831.678000000000697
838.981000000000703
840.004000000000704
840.498000000000705
841.136000000000705
841.564000000000706
846.12800000000071
847.886000000000711
848.292000000000712
848.769000000000712
849.182000000000713
849.674000000000713
853.804000000000717
856.417000000000719
857.44700000000072
857.98000000000072
858.613000000000721
859.508000000000722
868.009000000000729
868.47400000000073
869.27500000000073
869.829000000000731
870.649000000000732
876.319000000000737
876.995000000000737
877.511000000000738
878.425000000000738
878.988000000000739
887.450000000000746
888.034000000000747
889.281000000000748
889.754000000000749
890.288000000000749
897.669000000000756
898.083000000000756
898.942000000000757
900.038000000000758
900.523000000000758
909.132000000000766
909.796000000000766
910.623000000000767
910.925000000000767
912.168000000000768
920.665000000000776
921.485000000000777
921.995000000000777
922.542000000000778
923.426000000000778
931.532000000000786
933.013000000000787
934.252000000000788
934.855000000000789
935.547000000000789
950.843000000000803
951.470000000000803
952.305000000000804
953.278000000000805
953.607000000000805
961.816000000000813
962.422000000000813
963.712000000000814
970.74800000000082
971.525000000000821
972.070000000000822
1109.89900000000094
1111.87300000000095
1582.87000000000136
1584.12700000000137
1584.63200000000137
1598.38900000000138
1598.80400000000138
1599.18700000000138
1599.85500000000138
1600.26700000000138
1610.53200000000139
1611.15200000000139
1611.78100000000139
1612.16300000000139
1612.54200000000139
1620.1660000000014
1620.7450000000014
1621.3770000000014
1622.7100000000014
1624.2150000000014
1634.27200000000141
1634.97100000000141
1635.35000000000141
1636.11100000000141
1636.76900000000141
1645.04200000000142
1645.93700000000142
1646.43600000000142
1647.48500000000142
1647.95200000000142
1654.47800000000143
1655.00100000000143
1655.37900000000143
1655.89400000000143
1656.58900000000143
1667.02400000000144
1668.20600000000144
1668.89900000000144
1669.46200000000144
1670.05500000000144
1685.99800000000146
1691.87300000000146
95
-1
21.8149999999999954
30.7299999999999878
81.3310000000000306
90.3130000000000386
111.026000000000057
120.102000000000065
131.800000000000075
140.458000000000083
148.13600000000009
163.402000000000103
171.05300000000011
179.500000000000118
186.940000000000124
224.142000000000157
232.639000000000165
240.576000000000172
249.07900000000018
258.201000000000188
266.791000000000195
280.350000000000207
287.213000000000213
296.070000000000221
310.195000000000234
318.978000000000242
327.80000000000025
349.875000000000269
357.066000000000275
365.416000000000283
374.757000000000291
383.346000000000299
392.196000000000307
401.279000000000315
410.216000000000323
418.46400000000033
426.566000000000337
434.617000000000344
443.618000000000352
453.811000000000361
461.708000000000368
471.270000000000377
481.201000000000386
490.406000000000394
501.516000000000404
510.402000000000412
518.108000000000418
526.602000000000426
536.178000000000435
546.818000000000444
556.897000000000453
565.759000000000461
574.247000000000468
584.561000000000478
592.501000000000485
602.358000000000493
610.702000000000501
625.229000000000514
633.130000000000521
641.063000000000528
656.733000000000542
684.518000000000566
693.985000000000575
705.398000000000585
713.504000000000592
724.248000000000602
734.19800000000061
742.402000000000618
752.270000000000626
763.766000000000637
771.785000000000644
781.832000000000653
793.718000000000663
803.065000000000672
811.832000000000679
821.721000000000688
831.678000000000697
841.564000000000706
849.674000000000713
859.508000000000722
870.649000000000732
878.988000000000739
890.288000000000749
900.523000000000758
912.168000000000768
923.426000000000778
935.547000000000789
953.607000000000805
971.525000000000821
1584.63200000000137
1600.26700000000138
1612.54200000000139
1624.2150000000014
1636.76900000000141
1647.95200000000142
1656.58900000000143
1670.05500000000144
5
0
5000
0
0
0
0
2700
99
0
0
0
0
0
0
2700.79599999992988
0
0
0
0
0
0
