11
07
19
11
07
19
cPPR1.15
FR1_day4
0
1
11
54
24
12
40
17
24
2
.3
1
187
1
92
1
1
1
1
1
1
1
1
1
1
1
1
1
1
1
1
1
1
1
1
1
1
186
-1
13.77000000000000027
17.8059999999999988
20.6879999999999964
27.0699999999999909
30.507999999999988
33.6439999999999882
37.7249999999999919
39.9449999999999938
43.6739999999999971
45.9049999999999991
48.6980000000000016
51.2630000000000039
54.6220000000000069
56.2960000000000084
59.6090000000000113
61.9350000000000134
117.2310000000000625
121.3980000000000662
121.7550000000000665
121.8760000000000666
122.1440000000000668
126.2280000000000705
130.407000000000074
133.625000000000077
137.609000000000081
139.527000000000082
142.681000000000085
144.308000000000087
145.047000000000087
149.375000000000091
149.789000000000091
151.883000000000093
155.393000000000096
156.004000000000097
160.525000000000101
171.832000000000111
175.586000000000114
175.808000000000114
178.397000000000117
181.320000000000119
184.724000000000122
188.372000000000126
190.076000000000127
194.624000000000131
197.419000000000134
200.102000000000136
203.251000000000139
206.512000000000142
206.711000000000142
209.806000000000145
213.609000000000148
217.131000000000151
217.320000000000151
221.054000000000155
222.801000000000156
227.39300000000016
229.595000000000162
232.687000000000165
234.216000000000166
236.317000000000168
240.009000000000172
240.290000000000172
242.786000000000174
245.742000000000177
249.11000000000018
252.552000000000183
252.919000000000183
253.796000000000184
256.295000000000186
260.87100000000019
261.469000000000191
264.109000000000193
266.039000000000195
268.207000000000197
273.526000000000201
277.563000000000205
277.858000000000205
298.974000000000224
302.797000000000227
304.694000000000229
308.884000000000233
310.585000000000234
346.961000000000266
350.99500000000027
352.520000000000271
358.211000000000276
363.499000000000281
368.696000000000286
374.258000000000291
378.968000000000295
381.090000000000297
386.023000000000301
388.447000000000303
392.672000000000307
396.31600000000031
400.431000000000314
402.728000000000316
405.590000000000319
408.011000000000321
414.592000000000327
421.032000000000332
425.235000000000336
427.501000000000338
427.598000000000338
431.631000000000342
433.572000000000343
477.207000000000382
481.228000000000386
482.928000000000387
486.22400000000039
487.704000000000392
490.954000000000394
494.565000000000398
495.565000000000398
496.129000000000399
501.492000000000404
506.510000000000408
509.764000000000411
514.519000000000415
516.285000000000417
521.245000000000421
523.274000000000423
527.280000000000427
530.61700000000043
531.62600000000043
535.641000000000434
536.259000000000435
541.465000000000439
545.064000000000442
547.776000000000445
553.47700000000045
559.137000000000455
579.231000000000473
584.311000000000477
584.953000000000478
589.969000000000482
593.069000000000485
599.290000000000491
602.119000000000493
605.465000000000496
610.519000000000501
611.236000000000501
618.921000000000508
646.217000000000532
651.488000000000537
659.925000000000544
661.308000000000546
664.788000000000549
667.108000000000551
676.018000000000559
679.816000000000562
686.755000000000568
700.12800000000058
705.012000000000584
718.008000000000596
723.706000000000601
724.094000000000601
724.628000000000602
725.657000000000603
727.996000000000605
729.954000000000607
736.715000000000613
768.561000000000641
769.553000000000642
770.468000000000643
770.874000000000643
771.695000000000644
771.915000000000644
772.574000000000644
772.939000000000645
773.412000000000645
776.563000000000648
877.453000000000738
931.453000000000786
933.156000000000787
934.579000000000788
936.08400000000079
937.473000000000791
938.960000000000792
943.333000000000796
1055.2960000000009
1100.51100000000094
1103.08600000000094
1305.88400000000112
1308.49300000000112
1309.47900000000112
91
-1
13.77000000000000027
20.6879999999999964
27.0699999999999909
33.6439999999999882
39.9449999999999938
45.9049999999999991
51.2630000000000039
59.6090000000000113
117.2310000000000625
126.2280000000000705
133.625000000000077
139.527000000000082
145.047000000000087
151.883000000000093
160.525000000000101
171.832000000000111
178.397000000000117
184.724000000000122
190.076000000000127
197.419000000000134
203.251000000000139
209.806000000000145
217.131000000000151
222.801000000000156
229.595000000000162
236.317000000000168
242.786000000000174
249.11000000000018
256.295000000000186
261.469000000000191
268.207000000000197
273.526000000000201
298.974000000000224
304.694000000000229
310.585000000000234
346.961000000000266
352.520000000000271
358.211000000000276
363.499000000000281
368.696000000000286
374.258000000000291
381.090000000000297
388.447000000000303
396.31600000000031
402.728000000000316
408.011000000000321
414.592000000000327
421.032000000000332
427.501000000000338
433.572000000000343
477.207000000000382
482.928000000000387
490.954000000000394
496.129000000000399
501.492000000000404
509.764000000000411
516.285000000000417
523.274000000000423
530.61700000000043
536.259000000000435
541.465000000000439
547.776000000000445
553.47700000000045
559.137000000000455
579.231000000000473
584.953000000000478
593.069000000000485
599.290000000000491
605.465000000000496
611.236000000000501
618.921000000000508
646.217000000000532
651.488000000000537
659.925000000000544
667.108000000000551
676.018000000000559
686.755000000000568
700.12800000000058
718.008000000000596
723.706000000000601
729.954000000000607
736.715000000000613
768.561000000000641
776.563000000000648
877.453000000000738
931.453000000000786
937.473000000000791
943.333000000000796
1055.2960000000009
1100.51100000000094
1305.88400000000112
1
0
5000
0
0
0
0
2700
99
0
0
0
0
0
0
2700.79699999992988
0
0
0
0
0
0
