11
28
19
11
28
19
cPPR1.13
PR3_day4
0
3
10
57
26
12
02
15
23
3
.3
1
474
1
18
1
1
1
1
1
1
1
1
1
1
1
1
1
1
1
1
1
1
1
1
1
184
473
-1
0.573
2.71600000000000004
4.65100000000000008
5.68700000000000011
5.85300000000000011
6.62300000000000012
9.66000000000000019
10.3780000000000002
13.06200000000000026
13.76100000000000027
26.2399999999999917
26.4659999999999915
26.7989999999999912
27.024999999999991
27.4249999999999906
28.1089999999999901
28.7219999999999895
39.2159999999999932
39.5969999999999935
40.142999999999994
40.6469999999999945
40.9289999999999947
41.1279999999999949
44.614999999999998
45.0479999999999984
45.2549999999999985
45.5029999999999988
53.0230000000000054
54.1420000000000064
54.823000000000007
55.2470000000000074
55.4990000000000076
58.9430000000000107
59.4010000000000111
59.9320000000000116
60.1780000000000118
61.516000000000013
62.665000000000014
63.1220000000000144
63.2980000000000146
63.9150000000000151
79.522000000000029
79.8680000000000293
80.1500000000000295
80.9210000000000302
83.0700000000000321
83.3500000000000324
83.6500000000000326
84.6700000000000336
85.1060000000000339
87.401000000000036
87.6380000000000362
87.8550000000000364
94.5640000000000423
94.9190000000000427
95.6750000000000433
96.6610000000000442
101.3450000000000484
103.13800000000005
104.0360000000000508
104.4570000000000511
104.6670000000000513
105.1080000000000517
105.418000000000052
106.8150000000000532
107.2540000000000536
109.0550000000000552
109.2920000000000554
109.6540000000000558
109.8690000000000559
110.5730000000000566
113.1640000000000589
115.2210000000000607
115.8300000000000612
116.0910000000000615
116.4510000000000618
121.8940000000000666
130.894000000000075
132.738000000000076
133.305000000000077
133.553000000000077
134.354000000000078
134.989000000000078
136.351000000000079
137.27200000000008
137.585000000000081
139.780000000000082
140.948000000000084
141.135000000000084
141.492000000000084
142.396000000000085
144.494000000000087
144.717000000000087
145.344000000000087
145.543000000000088
145.884000000000088
146.765000000000089
147.151000000000089
147.562000000000089
169.561000000000109
170.21300000000011
171.489000000000111
171.919000000000111
172.763000000000112
173.122000000000112
175.166000000000114
175.804000000000114
176.209000000000115
176.450000000000115
178.088000000000117
178.721000000000117
178.991000000000117
179.347000000000118
180.004000000000118
180.601000000000119
181.69400000000012
181.95500000000012
184.890000000000123
186.415000000000124
187.805000000000125
188.088000000000125
191.142000000000128
191.405000000000128
192.052000000000129
203.070000000000139
204.31800000000014
204.54800000000014
205.306000000000141
207.579000000000143
211.719000000000146
212.040000000000147
212.609000000000147
212.950000000000147
213.184000000000148
214.057000000000148
216.853000000000151
218.661000000000153
218.892000000000153
219.511000000000153
219.904000000000154
222.431000000000156
222.924000000000156
223.173000000000157
223.702000000000157
225.961000000000159
226.297000000000159
228.910000000000162
229.292000000000162
229.562000000000162
235.511000000000168
236.122000000000168
236.662000000000169
241.809000000000173
245.763000000000177
246.207000000000177
246.712000000000177
247.211000000000178
247.603000000000178
250.146000000000181
250.898000000000181
252.957000000000183
254.368000000000184
254.735000000000185
254.914000000000185
255.221000000000185
267.525000000000196
268.077000000000196
268.870000000000197
269.588000000000198
270.007000000000198
271.198000000000199
271.5510000000002
272.4140000000002
273.281000000000201
273.565000000000201
275.411000000000203
275.794000000000203
277.939000000000205
278.670000000000206
279.171000000000206
279.944000000000207
280.265000000000207
283.72100000000021
291.024000000000217
294.58000000000022
295.474000000000221
296.313000000000222
297.799000000000223
298.680000000000224
299.135000000000224
300.994000000000226
301.273000000000226
303.677000000000228
304.494000000000229
305.40200000000023
324.887000000000247
325.360000000000247
325.966000000000248
326.585000000000248
327.788000000000249
328.34300000000025
331.286000000000253
333.289000000000254
333.669000000000255
334.053000000000255
334.660000000000256
335.654000000000256
335.851000000000257
337.518000000000258
337.953000000000258
339.69500000000026
339.95000000000026
341.164000000000261
343.309000000000263
344.566000000000264
344.908000000000265
345.791000000000265
365.441000000000283
366.609000000000284
367.122000000000284
367.696000000000285
368.206000000000285
368.497000000000286
369.105000000000286
370.042000000000287
371.318000000000288
371.530000000000288
374.268000000000291
375.487000000000292
376.011000000000292
376.337000000000293
377.060000000000293
377.647000000000294
382.103000000000298
382.469000000000298
382.775000000000298
383.410000000000299
385.0790000000003
386.500000000000302
398.174000000000312
398.724000000000312
399.380000000000313
404.638000000000318
405.308000000000318
405.548000000000319
406.528000000000319
407.08400000000032
410.764000000000323
411.139000000000324
416.171000000000328
417.112000000000329
419.565000000000331
421.354000000000333
425.765000000000336
443.699000000000352
444.274000000000353
447.976000000000356
448.225000000000356
448.452000000000357
449.478000000000358
450.119000000000358
458.674000000000366
460.761000000000368
467.215000000000373
503.913000000000406
504.595000000000407
505.737000000000408
506.750000000000408
527.403000000000427
528.316000000000428
528.848000000000428
529.339000000000428
534.213000000000433
535.721000000000434
536.337000000000435
537.818000000000436
539.866000000000438
541.98700000000044
542.21600000000044
542.63700000000044
543.126000000000441
548.171000000000445
548.596000000000446
549.122000000000446
551.561000000000448
552.168000000000449
552.509000000000449
555.872000000000452
556.233000000000452
556.539000000000453
571.447000000000466
572.790000000000467
573.071000000000467
574.092000000000468
599.583000000000491
601.491000000000493
602.653000000000494
608.411000000000499
608.717000000000499
609.146000000000499
609.4540000000005
610.3870000000005
611.896000000000502
615.264000000000505
616.749000000000506
635.113000000000522
635.557000000000523
636.430000000000524
638.053000000000525
640.335000000000527
640.875000000000528
644.21900000000053
645.796000000000532
646.040000000000532
646.543000000000533
646.879000000000533
680.304000000000563
681.990000000000564
683.540000000000565
684.276000000000566
686.486000000000568
688.092000000000569
690.705000000000572
691.696000000000573
692.335000000000573
693.111000000000574
696.409000000000577
697.012000000000577
697.676000000000578
700.734000000000581
701.137000000000581
728.018000000000605
728.588000000000605
728.884000000000606
729.716000000000606
730.071000000000607
730.400000000000607
743.790000000000619
746.403000000000621
750.782000000000625
754.743000000000629
756.76900000000063
757.069000000000631
757.942000000000632
759.015000000000632
760.360000000000634
761.704000000000635
762.935000000000636
769.226000000000642
772.308000000000644
772.725000000000645
777.869000000000649
779.35200000000065
780.278000000000651
781.860000000000653
782.887000000000654
783.970000000000655
872.018000000000733
873.200000000000734
874.676000000000735
875.294000000000736
876.364000000000737
876.851000000000737
879.125000000000739
880.66900000000074
882.089000000000742
886.354000000000746
888.714000000000748
889.347000000000748
896.227000000000754
898.731000000000756
931.149000000000785
933.807000000000788
934.780000000000789
935.694000000000789
936.49300000000079
938.266000000000792
939.336000000000793
942.261000000000795
942.594000000000795
944.541000000000797
945.294000000000798
946.482000000000799
982.762000000000831
984.320000000000833
984.642000000000833
987.503000000000835
990.284000000000838
1008.773000000000854
1011.891000000000857
1012.876000000000858
1013.533000000000858
1018.951000000000863
1019.348000000000864
1020.576000000000865
1031.64000000000087
1033.19500000000088
1034.82600000000088
1036.00200000000088
1036.94100000000088
1038.84600000000088
1041.29100000000088
1047.07300000000089
1048.55700000000089
1113.58300000000095
1114.27600000000095
1115.83000000000095
1116.30100000000095
1118.59600000000095
1119.08600000000095
1123.64500000000096
1123.95100000000096
1132.99500000000096
1133.66200000000097
1391.03100000000119
1392.8180000000012
1394.6070000000012
1401.7870000000012
1408.30100000000121
1411.90100000000121
1412.68800000000121
1413.52900000000121
1414.80100000000121
1415.31900000000122
1417.24300000000122
1485.09000000000128
1486.65800000000128
1489.17200000000128
1490.41200000000128
1493.07200000000128
1497.02700000000129
1498.31400000000129
1536.29400000000132
1537.72600000000132
1538.61400000000132
1539.30900000000133
1539.78300000000133
1540.48800000000133
1541.38600000000133
1542.04000000000133
1542.66600000000133
1543.37800000000133
1548.28600000000133
1550.89000000000134
1551.21200000000134
1552.15600000000134
1552.45900000000134
1552.77700000000134
1577.89500000000136
1578.62100000000136
1580.13200000000136
1580.43300000000136
1581.18700000000136
1582.48600000000136
1583.40200000000136
1584.47500000000137
1585.87600000000137
1587.71400000000137
1588.45800000000137
1589.40700000000137
1591.04300000000137
1595.38500000000138
1599.23600000000138
1602.14300000000138
1612.52300000000139
1624.8080000000014
1628.97800000000141
1640.75000000000142
1642.54300000000142
1642.70000000000142
1644.57700000000142
1653.52800000000143
1662.43100000000143
17
-1
0.574
9.66100000000000019
28.7229999999999895
45.5039999999999988
63.2990000000000146
96.6620000000000442
121.8950000000000666
147.563000000000089
192.053000000000129
236.663000000000169
283.72200000000021
345.792000000000265
425.766000000000336
574.093000000000468
730.401000000000607
946.483000000000799
1498.31500000000129
0
0
5000
0
0
0
0
7200
0
0
0
0
0
18
0
3298.41599999986406
1800.00000000000156
1800
0
52
0
1
4
7
10
13
16
19
22
25
28
31
34
37
40
43
46
49
52
55
58
61
64
67
70
73
76
79
82
85
88
91
94
97
100
103
106
109
112
115
118
121
124
127
130
133
136
139
142
145
148
151
154
157
160
163
166
169
172
175
178
181
184
187
190
193
196
199
202
205
208
211
214
217
220
223
226
229
232
235
238
241
244
247
250
253
256
259
262
265
268
271
274
277
280
283
286
289
292
295
298
301
304
307
310
313
316
319
322
325
328
331
334
337
340
343
346
349
352
355
358
361
364
367
370
373
376
379
382
385
388
391
394
397
400
403
406
409
412
415
418
421
424
427
430
433
436
439
442
445
448
451
454
457
460
463
466
469
472
475
478
481
484
487
490
493
496
499
502
505
508
511
514
517
520
523
526
529
532
535
538
541
544
547
550
