12
17
19
12
17
19
cPPR1.15
PR3_day2.6
0
1
13
58
19
15
33
50
23
3
.3
1
2404
1
41
1
1
1
1
1
1
1
1
1
1
1
1
1
1
1
1
1
1
1
1
1
184
2403
-1
24.4879999999999931
35.8569999999999902
37.7779999999999919
40.4449999999999943
40.6349999999999944
43.4009999999999969
43.7229999999999972
55.886000000000008
57.2620000000000092
58.5780000000000104
58.9220000000000107
59.0500000000000108
61.8200000000000133
62.1730000000000136
62.4010000000000138
109.5100000000000556
109.919000000000056
110.2830000000000563
110.5630000000000566
111.4460000000000573
111.7200000000000576
111.8700000000000577
112.0270000000000578
112.163000000000058
112.2990000000000581
112.3740000000000582
124.1510000000000686
124.549000000000069
124.6940000000000691
125.1360000000000695
125.3990000000000697
126.3040000000000705
127.0590000000000712
127.1970000000000713
127.3370000000000714
127.4460000000000716
127.6780000000000718
127.8570000000000719
128.311000000000072
153.517000000000095
153.671000000000095
154.265000000000095
155.163000000000096
155.373000000000096
155.890000000000097
156.030000000000097
156.251000000000097
156.520000000000097
156.780000000000098
157.357000000000098
157.666000000000098
157.911000000000099
158.063000000000099
158.198000000000099
158.391000000000099
165.732000000000106
166.097000000000106
166.473000000000106
166.616000000000106
167.052000000000107
167.325000000000107
204.04800000000014
225.079000000000158
225.536000000000159
225.675000000000159
226.160000000000159
226.286000000000159
226.417000000000159
227.05500000000016
227.606000000000161
227.784000000000161
228.203000000000161
228.451000000000161
229.140000000000162
235.528000000000168
235.811000000000168
236.167000000000168
236.344000000000168
236.498000000000168
236.812000000000169
237.175000000000169
237.375000000000169
237.650000000000169
238.47000000000017
238.77200000000017
239.031000000000171
239.449000000000171
239.596000000000171
239.745000000000171
239.946000000000171
240.245000000000172
240.420000000000172
241.025000000000172
241.647000000000173
241.893000000000173
242.059000000000173
251.330000000000182
251.491000000000182
251.981000000000182
252.388000000000183
253.096000000000183
253.222000000000183
253.966000000000184
254.278000000000184
254.946000000000185
255.265000000000185
255.461000000000185
255.581000000000185
255.713000000000185
255.856000000000186
256.027000000000186
256.419000000000186
256.590000000000186
256.744000000000186
257.382000000000187
257.642000000000187
258.023000000000188
258.120000000000188
258.252000000000188
258.390000000000188
258.532000000000188
267.837000000000196
269.770000000000198
270.575000000000199
271.318000000000199
271.5390000000002
271.8300000000002
271.9790000000002
272.1310000000002
272.5800000000002
272.778000000000201
273.478000000000201
273.723000000000201
274.149000000000202
274.269000000000202
274.445000000000202
274.618000000000202
274.750000000000202
274.908000000000202
275.068000000000203
275.375000000000203
275.554000000000203
275.993000000000203
276.189000000000204
276.338000000000204
277.485000000000205
277.851000000000205
278.012000000000205
278.156000000000205
278.311000000000206
329.544000000000251
331.086000000000252
331.736000000000253
332.282000000000253
332.424000000000254
335.176000000000256
335.589000000000256
335.881000000000257
336.029000000000257
336.191000000000257
336.356000000000257
336.654000000000257
336.834000000000258
338.546000000000259
338.705000000000259
338.877000000000259
339.001000000000259
339.17600000000026
339.38200000000026
339.54500000000026
339.79000000000026
340.02000000000026
340.20900000000026
340.388000000000261
340.623000000000261
340.920000000000261
342.672000000000263
342.803000000000263
342.946000000000263
343.151000000000263
343.287000000000263
349.376000000000269
350.34800000000027
350.55000000000027
350.71200000000027
350.88000000000027
351.06700000000027
351.24500000000027
351.43500000000027
351.740000000000271
352.315000000000271
353.431000000000272
353.981000000000273
354.169000000000273
354.287000000000273
354.423000000000273
354.548000000000273
354.862000000000274
355.189000000000274
355.630000000000274
355.872000000000274
356.146000000000275
356.985000000000275
357.661000000000276
357.930000000000276
358.103000000000276
358.288000000000277
358.426000000000277
358.635000000000277
358.856000000000277
359.017000000000277
359.272000000000277
359.658000000000278
359.793000000000278
359.950000000000278
364.702000000000282
366.632000000000284
366.695000000000284
366.957000000000284
367.062000000000284
367.192000000000284
367.341000000000285
367.625000000000285
367.883000000000285
368.067000000000285
368.468000000000286
368.629000000000286
368.724000000000286
368.895000000000286
369.515000000000287
370.034000000000287
370.248000000000287
370.391000000000287
370.537000000000287
370.688000000000288
370.803000000000288
370.913000000000288
371.131000000000288
371.368000000000288
371.562000000000288
371.771000000000289
371.989000000000289
372.207000000000289
372.418000000000289
372.751000000000289
373.07100000000029
373.26900000000029
373.46500000000029
373.84100000000029
373.95500000000029
374.120000000000291
374.714000000000291
374.939000000000291
375.551000000000292
378.278000000000294
400.366000000000314
401.750000000000315
403.639000000000317
403.925000000000317
404.143000000000317
404.478000000000318
404.995000000000318
405.146000000000318
405.295000000000318
405.493000000000318
405.706000000000319
406.009000000000319
406.138000000000319
408.020000000000321
408.168000000000321
408.292000000000321
408.466000000000321
408.650000000000321
408.965000000000322
409.123000000000322
409.638000000000322
409.936000000000322
410.294000000000323
410.368000000000323
411.639000000000324
411.811000000000324
412.382000000000325
412.550000000000325
412.687000000000325
412.836000000000325
412.989000000000325
413.114000000000325
413.380000000000326
413.694000000000326
413.848000000000326
414.060000000000326
414.243000000000326
414.487000000000326
414.672000000000327
414.842000000000327
457.261000000000364
457.351000000000365
458.662000000000366
459.324000000000366
459.979000000000367
460.112000000000367
460.881000000000368
461.609000000000368
461.768000000000368
462.025000000000369
462.203000000000369
462.493000000000369
463.05500000000037
463.44100000000037
463.78000000000037
465.587000000000372
465.780000000000372
466.186000000000372
466.436000000000373
467.590000000000374
467.801000000000374
467.969000000000374
468.167000000000374
468.293000000000374
468.402000000000374
468.669000000000375
469.181000000000375
469.656000000000375
470.260000000000376
470.471000000000376
470.636000000000376
471.049000000000377
472.042000000000378
472.209000000000378
472.430000000000378
472.609000000000378
474.47400000000038
475.375000000000381
475.905000000000381
476.102000000000381
476.677000000000382
476.845000000000382
476.974000000000382
477.204000000000382
508.99900000000041
509.712000000000411
571.107000000000466
571.526000000000466
574.455000000000469
574.777000000000469
575.63700000000047
575.82300000000047
576.17900000000047
576.38700000000047
576.51300000000047
576.828000000000471
577.470000000000471
582.969000000000476
583.913000000000477
584.073000000000477
584.209000000000477
584.416000000000477
584.563000000000478
584.975000000000478
585.227000000000478
585.514000000000478
586.340000000000479
586.706000000000479
586.89400000000048
587.05900000000048
587.35700000000048
587.88000000000048
588.182000000000481
588.525000000000481
588.768000000000481
589.651000000000482
589.866000000000482
590.177000000000482
590.328000000000483
590.437000000000483
590.593000000000483
590.756000000000483
591.021000000000483
591.176000000000483
591.500000000000484
591.774000000000484
592.253000000000484
592.985000000000485
593.218000000000485
593.352000000000485
593.475000000000485
701.343000000000581
702.282000000000582
702.861000000000583
703.842000000000583
704.458000000000584
704.766000000000584
704.905000000000584
705.043000000000584
705.227000000000585
705.567000000000585
709.272000000000588
710.294000000000589
710.79000000000059
711.09400000000059
711.29400000000059
711.55800000000059
712.373000000000591
712.542000000000591
712.796000000000591
713.748000000000592
713.900000000000592
714.032000000000592
714.170000000000593
714.311000000000593
714.455000000000593
714.630000000000593
714.880000000000593
715.049000000000593
715.208000000000594
715.414000000000594
715.588000000000594
715.749000000000594
715.899000000000594
716.051000000000594
716.299000000000594
716.457000000000595
716.961000000000595
718.668000000000597
719.054000000000597
720.013000000000598
720.354000000000598
720.453000000000598
720.623000000000598
720.778000000000598
720.928000000000599
721.120000000000599
722.8330000000006
723.0440000000006
723.337000000000601
723.464000000000601
727.247000000000604
728.888000000000606
729.725000000000606
730.247000000000607
730.363000000000607
731.140000000000608
732.369000000000609
733.23100000000061
733.40100000000061
733.54700000000061
733.91000000000061
734.03800000000061
734.20300000000061
734.563000000000611
734.701000000000611
734.943000000000611
735.064000000000611
735.215000000000611
735.389000000000611
735.502000000000612
735.622000000000612
735.809000000000612
735.976000000000612
736.146000000000612
736.450000000000612
736.633000000000613
736.806000000000613
737.662000000000614
737.825000000000614
737.992000000000614
738.652000000000614
738.867000000000615
739.037000000000615
739.174000000000615
740.002000000000616
740.330000000000616
740.503000000000616
740.682000000000616
742.084000000000617
742.256000000000618
742.406000000000618
742.556000000000618
742.727000000000618
742.886000000000618
743.113000000000618
743.293000000000618
743.478000000000619
743.669000000000619
744.240000000000619
744.78900000000062
745.26000000000062
745.45500000000062
745.644000000000621
805.298000000000674
807.060000000000675
807.877000000000676
808.424000000000676
808.823000000000677
809.230000000000677
810.289000000000678
810.789000000000678
810.900000000000678
811.080000000000679
811.253000000000679
811.439000000000679
811.762000000000679
812.13600000000068
812.51600000000068
812.67900000000068
812.84800000000068
813.03400000000068
814.016000000000681
814.817000000000682
815.543000000000683
815.733000000000683
815.989000000000683
816.599000000000684
817.024000000000684
817.150000000000684
817.440000000000684
817.586000000000684
817.687000000000685
817.774000000000685
817.938000000000685
818.333000000000685
818.812000000000686
819.036000000000686
819.370000000000686
819.571000000000686
820.177000000000687
820.336000000000687
820.960000000000687
821.242000000000688
821.472000000000688
821.892000000000688
822.489000000000689
822.697000000000689
823.009000000000689
823.153000000000689
823.34000000000069
823.50700000000069
823.72700000000069
823.91200000000069
824.12900000000069
824.752000000000691
825.068000000000691
825.450000000000691
825.559000000000692
825.785000000000692
826.282000000000692
832.518000000000698
833.912000000000699
843.387000000000707
843.934000000000708
844.192000000000708
844.227000000000708
844.946000000000709
845.271000000000709
845.592000000000709
846.01100000000071
846.26700000000071
847.380000000000711
847.559000000000711
847.803000000000711
847.925000000000711
848.079000000000712
848.215000000000712
848.486000000000712
851.237000000000714
854.741000000000718
855.350000000000718
855.471000000000718
855.629000000000718
855.795000000000718
856.575000000000719
857.79600000000072
857.90100000000072
858.09600000000072
859.891000000000722
860.225000000000722
861.461000000000724
861.640000000000724
861.777000000000724
862.247000000000724
862.347000000000724
862.482000000000724
863.307000000000725
863.608000000000725
864.497000000000726
864.579000000000726
864.769000000000726
864.935000000000726
865.169000000000727
865.683000000000727
865.893000000000727
866.194000000000728
866.377000000000728
866.654000000000728
866.888000000000728
867.158000000000728
867.969000000000729
868.161000000000729
868.34000000000073
868.51000000000073
868.66800000000073
868.84900000000073
869.00700000000073
869.17700000000073
879.208000000000739
879.58000000000074
880.56800000000074
886.091000000000745
886.439000000000746
887.846000000000747
887.959000000000747
888.126000000000747
888.294000000000747
889.076000000000748
890.109000000000749
890.524000000000749
890.668000000000749
890.78800000000075
891.09100000000075
891.23200000000075
891.41600000000075
891.62400000000075
891.80400000000075
891.92700000000075
892.099000000000751
892.413000000000751
892.668000000000751
894.742000000000753
895.547000000000754
895.695000000000754
895.863000000000754
895.997000000000754
896.133000000000754
896.286000000000754
896.434000000000755
896.606000000000755
896.890000000000755
897.049000000000755
897.678000000000756
898.303000000000756
898.456000000000756
898.677000000000756
898.831000000000757
899.007000000000757
899.183000000000757
899.307000000000757
899.450000000000757
899.658000000000757
899.882000000000758
900.055000000000758
900.247000000000758
900.443000000000758
900.631000000000758
900.872000000000758
901.079000000000759
901.278000000000759
901.492000000000759
901.940000000000759
902.07900000000076
902.28300000000076
903.494000000000761
903.726000000000761
904.177000000000761
904.357000000000762
904.521000000000762
950.937000000000803
951.340000000000803
951.889000000000804
953.635000000000805
953.824000000000806
954.008000000000806
954.364000000000806
954.607000000000806
954.788000000000806
955.522000000000807
955.645000000000807
959.16800000000081
959.37700000000081
961.224000000000812
961.952000000000813
962.331000000000813
962.449000000000813
962.620000000000813
962.882000000000814
963.273000000000814
963.463000000000814
963.611000000000814
963.808000000000814
964.264000000000815
964.666000000000815
964.856000000000815
964.996000000000815
965.146000000000816
965.298000000000816
965.542000000000816
965.704000000000816
965.871000000000816
966.195000000000816
966.513000000000817
966.668000000000817
968.384000000000818
969.77100000000082
969.88900000000082
970.34300000000082
970.73300000000082
970.912000000000821
971.074000000000821
971.261000000000821
971.440000000000821
971.606000000000821
971.794000000000821
971.971000000000822
972.145000000000822
972.467000000000822
972.766000000000822
972.994000000000822
973.240000000000823
973.470000000000823
973.756000000000823
973.905000000000823
974.077000000000823
974.705000000000824
974.823000000000824
975.011000000000824
975.418000000000825
976.434000000000826
976.958000000000826
977.176000000000826
977.336000000000826
985.737000000000834
986.342000000000834
986.774000000000835
987.053000000000835
987.448000000000835
989.384000000000837
989.964000000000838
990.122000000000838
990.262000000000838
990.400000000000838
990.909000000000838
991.764000000000839
996.235000000000843
996.891000000000844
997.046000000000844
997.447000000000844
997.553000000000844
998.680000000000845
998.868000000000846
999.342000000000846
999.554000000000846
999.738000000000846
1000.084000000000847
1000.589000000000847
1000.743000000000847
1001.079000000000847
1001.228000000000848
1001.402000000000848
1001.554000000000848
1001.785000000000848
1002.045000000000848
1002.256000000000848
1002.586000000000849
1002.729000000000849
1003.292000000000849
1003.59200000000085
1003.77300000000085
1003.96500000000085
1004.14700000000085
1004.34400000000085
1004.52200000000085
1004.718000000000851
1004.931000000000851
1005.137000000000851
1005.470000000000851
1005.680000000000852
1005.889000000000852
1006.181000000000852
1006.331000000000852
1007.030000000000853
1007.994000000000854
1008.678000000000854
1008.806000000000854
1009.054000000000854
1009.273000000000855
1009.439000000000855
1009.697000000000855
1009.897000000000855
1010.090000000000856
1010.675000000000856
1011.075000000000856
1011.912000000000857
1012.598000000000858
1012.758000000000858
1012.988000000000858
1013.171000000000858
1013.330000000000858
1099.32600000000093
1100.09400000000094
1232.38800000000105
1233.16900000000105
1270.15100000000109
1273.65000000000109
1277.63200000000109
1277.72500000000109
1277.87400000000109
1278.40200000000109
1279.18800000000109
1279.9780000000011
1282.3280000000011
1282.4890000000011
1282.8030000000011
1282.9470000000011
1283.2010000000011
1283.4350000000011
1283.8640000000011
1284.0450000000011
1284.9980000000011
1285.1350000000011
1285.3300000000011
1285.4780000000011
1285.6340000000011
1285.7950000000011
1285.9510000000011
1286.1550000000011
1286.3210000000011
1286.4640000000011
1286.6800000000011
1286.8660000000011
1287.1620000000011
1287.8740000000011
1289.9310000000011
1290.1260000000011
1290.2740000000011
1290.4130000000011
1290.5510000000011
1290.7090000000011
1290.8650000000011
1291.0340000000011
1291.20400000000111
1291.46600000000111
1291.63200000000111
1291.83500000000111
1292.03800000000111
1292.24500000000111
1292.43800000000111
1292.63200000000111
1292.95700000000111
1293.20700000000111
1294.94300000000111
1295.19400000000111
1295.53900000000111
1295.96700000000111
1296.16000000000111
1296.31400000000111
1296.49600000000111
1296.82700000000111
1296.97800000000111
1298.51600000000111
1298.77700000000111
1298.93800000000111
1301.50300000000111
1301.69700000000111
1301.86000000000111
1302.01400000000111
1302.15000000000111
1302.32600000000112
1311.96200000000112
1312.53300000000112
1313.57800000000112
1316.46000000000113
1317.50500000000113
1318.08300000000113
1320.41100000000113
1320.64500000000113
1320.88300000000113
1322.91500000000113
1323.84200000000113
1324.52800000000113
1325.23900000000114
1325.42000000000114
1325.68000000000114
1326.40000000000114
1326.69700000000114
1326.80800000000114
1326.92800000000114
1327.27800000000114
1327.38800000000114
1327.54300000000114
1328.26400000000114
1328.58600000000114
1328.89000000000114
1329.55100000000114
1329.97200000000114
1330.13500000000114
1330.30300000000114
1330.50700000000114
1331.43800000000114
1331.60500000000114
1331.88700000000114
1332.03800000000114
1332.20200000000114
1332.39000000000114
1333.81000000000114
1333.95400000000114
1334.09500000000114
1334.49100000000114
1334.64200000000114
1334.82700000000114
1335.15100000000114
1335.45100000000114
1335.62000000000114
1336.37900000000115
1337.56300000000115
1338.34600000000115
1338.58300000000115
1338.74000000000115
1338.90100000000115
1339.09400000000115
1339.27900000000115
1339.53900000000115
1339.70000000000115
1339.90400000000115
1340.13200000000115
1340.31800000000115
1340.51300000000115
1340.71800000000115
1340.93000000000115
1341.21000000000115
1341.42500000000115
1341.64000000000115
1342.38300000000115
1342.59300000000115
1345.98200000000115
1346.96100000000115
1348.60500000000116
1348.85500000000116
1349.34200000000116
1349.53700000000116
1350.03900000000116
1360.39600000000117
1361.46900000000117
1361.98900000000117
1362.48000000000117
1363.51300000000117
1365.45400000000117
1366.38600000000117
1367.93000000000117
1368.96300000000117
1370.50400000000118
1370.61900000000118
1370.74000000000118
1372.13600000000118
1373.78700000000118
1374.52500000000118
1375.64400000000118
1376.31500000000118
1376.63000000000118
1376.78500000000118
1377.06400000000118
1377.19700000000118
1377.38700000000118
1377.77900000000118
1377.95700000000118
1378.39000000000118
1378.53800000000118
1379.04200000000118
1379.14700000000118
1380.33000000000118
1380.53500000000118
1381.07200000000118
1381.82700000000119
1382.35600000000119
1382.96100000000119
1383.70200000000119
1384.07600000000119
1385.03800000000119
1386.38700000000119
1386.61200000000119
1387.14800000000119
1387.59000000000119
1388.23300000000119
1388.38000000000119
1388.68600000000119
1389.46000000000119
1389.98000000000119
1390.13400000000119
1390.35100000000119
1390.48200000000119
1390.65900000000119
1391.01600000000119
1391.14800000000119
1391.32900000000119
1391.46300000000119
1391.81900000000119
1392.16900000000119
1392.32800000000119
1392.6280000000012
1392.8300000000012
1393.0220000000012
1393.2070000000012
1393.3990000000012
1393.5700000000012
1393.8200000000012
1393.9980000000012
1394.2130000000012
1394.8460000000012
1396.4190000000012
1396.8380000000012
1397.0260000000012
1397.3050000000012
1397.4660000000012
1397.6550000000012
1397.7770000000012
1397.9870000000012
1398.2070000000012
1409.73500000000121
1410.11100000000121
1411.50400000000121
1411.89700000000121
1412.52800000000121
1413.96300000000121
1414.96700000000122
1415.55400000000122
1416.37600000000122
1416.69400000000122
1417.13500000000122
1417.43600000000122
1418.55500000000122
1419.07800000000122
1419.19300000000122
1419.39600000000122
1419.69100000000122
1420.25100000000122
1420.72000000000122
1421.37600000000122
1421.55000000000122
1421.76900000000122
1421.97700000000122
1422.31000000000122
1422.57500000000122
1423.10600000000122
1423.62900000000122
1423.75500000000122
1423.85000000000122
1424.05300000000122
1424.17700000000122
1424.26500000000122
1424.44200000000122
1424.62600000000122
1425.26300000000122
1425.67300000000122
1426.18000000000122
1426.67500000000123
1427.02100000000123
1427.49000000000123
1427.66800000000123
1427.82000000000123
1427.98800000000123
1428.16600000000123
1428.34900000000123
1428.56900000000123
1428.75800000000123
1428.93200000000123
1429.40200000000123
1429.64800000000123
1430.21400000000123
1430.81400000000123
1431.78900000000123
1432.58500000000123
1432.76000000000123
1433.21900000000123
1433.42200000000123
1433.86400000000123
1434.33300000000123
1434.50600000000123
1434.71600000000123
1434.89100000000123
1435.26200000000123
1435.48800000000123
1435.66800000000123
1435.87700000000123
1436.07000000000123
1436.34400000000123
1436.53900000000123
1436.75500000000123
1437.00700000000123
1437.16700000000123
1437.37200000000123
1437.55600000000124
1437.78600000000124
1437.97500000000124
1438.26500000000124
1438.46600000000124
1438.67700000000124
1544.37800000000133
1550.55200000000134
1550.93900000000134
1551.46400000000134
1551.86000000000134
1565.66400000000135
1662.19600000000143
1665.18700000000144
1665.30200000000144
1665.44200000000144
1666.45800000000144
1666.62100000000144
1666.95100000000144
1667.39700000000144
1668.28200000000144
1668.43000000000144
1670.98100000000144
1671.26800000000144
1671.41900000000144
1671.59300000000144
1671.95800000000144
1672.36900000000144
1674.35100000000145
1674.51700000000145
1676.99700000000145
1677.65400000000145
1677.96700000000145
1678.91900000000145
1679.42500000000145
1681.10100000000145
1682.08100000000145
1682.44000000000145
1684.44500000000145
1684.67200000000145
1685.85800000000146
1688.18200000000146
1688.48400000000146
1688.68200000000146
1688.83300000000146
1689.04600000000146
1689.29300000000146
1689.45300000000146
1689.63900000000146
1689.88900000000146
1690.07700000000146
1690.28400000000146
1690.46500000000146
1691.37700000000146
1691.75100000000146
1692.02200000000146
1692.21400000000146
1692.69100000000146
1692.80200000000146
1693.07900000000146
1693.41400000000146
1694.10400000000146
1694.23500000000146
1694.39900000000146
1694.64300000000146
1694.79800000000146
1694.94600000000146
1695.13300000000146
1695.30700000000146
1695.48500000000146
1695.65700000000146
1695.86300000000146
1696.07600000000146
1697.15200000000147
1698.48300000000147
1700.23400000000147
1700.78500000000147
1700.90400000000147
1701.11900000000147
1701.29500000000147
1701.47800000000147
1701.64200000000147
1701.84800000000147
1702.03900000000147
1702.22400000000147
1702.87200000000147
1703.15500000000147
1703.35700000000147
1759.91900000000152
1769.22500000000153
1811.68100000000157
1813.93100000000157
1814.74000000000157
1815.63500000000157
1816.30000000000157
1816.61500000000157
1817.11100000000157
1817.40700000000157
1818.60700000000157
1819.03800000000157
1819.85500000000157
1820.14400000000157
1820.54400000000158
1822.16600000000158
1823.92700000000158
1824.31600000000158
1824.46300000000158
1824.61000000000158
1824.73000000000158
1825.47300000000158
1826.09100000000158
1827.97900000000158
1828.15300000000158
1831.78900000000159
1832.24300000000159
1834.44500000000159
1835.43300000000159
1836.28900000000159
1837.18300000000159
1837.95100000000159
1838.97700000000159
1839.86800000000159
1840.02600000000159
1840.45400000000159
1840.63000000000159
1840.86700000000159
1841.15200000000159
1841.92400000000159
1842.07000000000159
1842.23000000000159
1842.41400000000159
1842.56900000000159
1842.7690000000016
1842.9450000000016
1843.1380000000016
1843.4370000000016
1843.6220000000016
1843.8040000000016
1844.0010000000016
1844.2000000000016
1844.5810000000016
1844.8190000000016
1845.4760000000016
1846.3700000000016
1846.5630000000016
1846.7060000000016
1847.0440000000016
1847.3190000000016
1847.5080000000016
1847.7060000000016
1847.9160000000016
1848.1160000000016
1848.2350000000016
1848.3580000000016
1848.6780000000016
1848.9950000000016
1851.0150000000016
1851.7050000000016
1852.6330000000016
1852.7930000000016
1852.9360000000016
1853.0980000000016
1853.2640000000016
1853.4620000000016
1853.6080000000016
1853.7870000000016
1856.01300000000161
1856.16000000000161
1856.35400000000161
1856.64000000000161
1856.79100000000161
1856.96000000000161
1857.13300000000161
2021.68800000000175
2025.22400000000176
2026.15600000000176
2028.95100000000176
2029.57900000000176
2032.96000000000176
2033.44500000000176
2033.85000000000176
2034.01500000000176
2034.49800000000177
2034.97400000000177
2035.17500000000177
2036.29600000000177
2036.79900000000177
2036.94800000000177
2037.32100000000177
2040.15200000000177
2044.26600000000177
2045.40900000000178
2045.72700000000178
2045.88200000000178
2046.09100000000178
2046.27100000000178
2046.47200000000178
2047.13000000000178
2047.33400000000178
2048.31500000000174
2049.80100000000158
2050.5340000000015
2054.73300000000104
2054.86800000000102
2055.23800000000098
2055.38700000000096
2055.77800000000092
2055.91300000000091
2056.16400000000088
2056.35000000000086
2056.56200000000083
2056.74400000000081
2056.92300000000079
2057.13300000000077
2057.31500000000075
2057.51000000000073
2058.49300000000062
2058.80000000000059
2061.02500000000034
2063.79400000000004
2064.098
2064.23799999999999
2064.41099999999997
2064.56699999999995
2064.74799999999993
2064.93899999999991
2065.12499999999989
2065.28699999999987
2065.54699999999984
2065.74199999999982
2065.9369999999998
2066.14299999999978
2066.31399999999976
2066.69699999999972
2066.91799999999969
2067.00799999999968
2067.19299999999966
2067.68299999999961
2067.86099999999959
2068.42199999999953
2069.77499999999938
2070.18799999999933
2070.40499999999931
2070.71299999999928
2070.86899999999926
2071.01399999999924
2071.18499999999922
2071.34899999999921
2071.53199999999919
2071.70199999999917
2071.88999999999915
2072.05999999999913
2072.24399999999911
2072.46299999999908
2073.29499999999899
2075.49499999999875
2075.70599999999873
2075.89399999999871
2076.62199999999862
2077.01599999999858
2077.17499999999856
2087.7879999999974
2088.13299999999736
2089.40099999999722
2089.94099999999716
2090.40999999999711
2091.12499999999703
2091.84999999999695
2092.22599999999691
2092.96099999999683
2093.1629999999968
2093.88999999999672
2094.42399999999666
2094.87999999999661
2095.0099999999966
2095.15999999999658
2095.29999999999657
2095.52399999999654
2095.74499999999652
2095.9269999999965
2096.23399999999646
2096.45299999999644
2096.63799999999642
2097.33799999999634
2097.50399999999633
2097.67699999999631
2097.85499999999629
2098.04499999999627
2098.22499999999625
2098.40099999999623
2099.09799999999615
2099.28699999999613
2099.49499999999611
2099.66099999999609
2100.32799999999601
2100.70199999999597
2101.72099999999586
2101.90799999999584
2102.02699999999583
2102.48999999999578
2102.63899999999576
2102.81199999999574
2102.95199999999573
2103.12799999999571
2103.28399999999569
2103.47199999999567
2103.63599999999565
2103.96699999999561
2104.13799999999559
2104.30499999999558
2104.50199999999555
2104.70299999999553
2104.90199999999551
2105.04499999999549
2107.06899999999527
2107.30799999999525
2107.45199999999523
2108.12699999999516
2109.13899999999504
2109.35299999999502
2109.560999999995
2109.68599999999498
2110.14199999999493
2110.31899999999491
2110.4819999999949
2111.24799999999481
2111.59899999999477
2111.78999999999475
2111.96499999999473
2112.11599999999472
2112.2989999999947
2112.46899999999468
2112.58799999999466
2112.77799999999464
2113.37299999999458
2113.78199999999453
2114.30599999999447
2114.47499999999446
2114.70499999999443
2114.86799999999441
2115.05199999999439
2115.23799999999437
2115.41699999999435
2115.61299999999433
2116.98899999999418
2118.44799999999402
2119.38299999999392
2119.83499999999387
2120.01599999999385
2120.21599999999382
2120.3939999999938
2120.58399999999378
2131.73299999999256
2133.03099999999241
2133.29799999999238
2133.45999999999237
2134.11599999999229
2135.08699999999219
2135.78099999999211
2136.11099999999207
2136.62799999999202
2136.756999999992
2136.91499999999198
2137.11299999999196
2137.6679999999919
2138.95399999999176
2140.69599999999157
2141.40999999999149
2142.32299999999139
2142.90999999999132
2143.1109999999913
2143.39199999999127
2143.72599999999123
2143.83899999999122
2144.0559999999912
2144.17299999999119
2144.70999999999113
2145.64999999999102
2146.7469999999909
2146.99099999999088
2147.7129999999908
2147.86899999999078
2148.04899999999076
2148.18599999999074
2149.35299999999061
2150.12699999999053
2150.4059999999905
2150.76899999999046
2151.18699999999041
2151.36499999999039
2151.57199999999037
2151.75299999999035
2152.02599999999032
2152.2009999999903
2152.40199999999028
2152.60699999999026
2152.79999999999024
2152.99599999999021
2153.19299999999019
2153.39199999999017
2153.58699999999015
2153.77399999999013
2153.9929999999901
2154.43999999999005
2154.64199999999003
2154.82099999999001
2155.00599999998999
2155.51999999998994
2155.68699999998992
2155.90199999998989
2156.10699999998987
2156.31299999998985
2156.59999999998982
2156.82699999998979
2157.14199999998976
2157.31199999998974
2157.58799999998971
2157.88499999998968
2158.10099999998965
2158.77699999998958
2160.32699999998941
2160.51399999998939
2161.16199999998931
2162.49399999998917
2163.38699999998907
2163.96099999998901
2164.11899999998899
2164.27499999998897
2164.38399999998896
2164.51199999998895
2164.68299999998893
2164.85599999998891
2166.55899999998872
2166.80499999998869
2168.17099999998854
2168.40999999998852
2168.76499999998848
2168.89499999998846
2169.29299999998842
2169.4709999999884
2169.64099999998838
2169.81599999998836
2170.08199999998833
2170.26999999998831
2170.47299999998829
2170.63799999998827
2183.16499999998689
2186.11099999998657
2286.34499999997553
2293.68199999997472
2300.12099999997401
2302.76199999997372
2302.9489999999737
2303.14899999997368
2303.8519999999736
2304.69199999997351
2306.05299999997336
2306.26399999997333
2306.42399999997332
2306.5899999999733
2306.79799999997327
2306.96299999997326
2307.11899999997324
2307.24499999997323
2307.4399999999732
2307.65199999997318
2308.27299999997311
2309.14099999997302
2309.48999999997298
2309.77799999997295
2310.10699999997291
2310.25499999997289
2310.41899999997288
2310.58999999997286
2310.76099999997284
2310.92399999997282
2311.1049999999728
2311.29699999997278
2311.50699999997276
2311.65199999997274
2311.89499999997271
2312.60199999997264
2313.88199999997249
2314.11699999997247
2314.50899999997243
2314.69299999997241
2315.02299999997237
2315.26799999997234
2315.52699999997231
2316.07899999997225
2316.21699999997224
2316.5679999999722
2316.70899999997218
2316.95099999997216
2317.12699999997214
2317.29499999997212
2317.4699999999721
2317.64299999997208
2317.83699999997206
2318.03999999997204
2318.23699999997201
2318.42999999997199
2318.62599999997197
2318.84199999997195
2319.07899999997192
2319.2919999999719
2319.71799999997185
2320.92299999997172
2321.0989999999717
2321.27799999997168
2321.73399999997163
2322.39699999997156
2322.51999999997154
2322.72499999997152
2322.8749999999715
2323.02999999997149
2323.19799999997147
2323.34799999997145
2323.52899999997143
2323.8409999999714
2324.02899999997138
2324.23099999997135
2324.39899999997134
2324.7129999999713
2324.94599999997128
2325.32199999997123
2325.51799999997121
2325.69599999997119
2325.88299999997117
2326.11399999997115
2326.93499999997106
2332.66599999997043
2333.21999999997036
2333.45999999997034
2333.58999999997032
2333.70699999997031
2333.88699999997029
2334.23399999997025
2334.45099999997023
2334.89399999997018
2335.54899999997011
2336.13999999997004
2336.27899999997003
2346.59099999996889
2347.4399999999688
2348.51799999996868
2350.67799999996844
2351.35299999996837
2351.67799999996833
2353.33899999996815
2354.27899999996805
2355.39999999996792
2356.15699999996784
2356.32799999996782
2356.59299999996779
2358.39899999996759
2358.61099999996757
2358.79699999996755
2361.61799999996724
2361.9569999999672
2362.24999999996717
2362.46899999996714
2362.97399999996709
2363.25099999996706
2365.69299999996679
2366.00699999996675
2366.80099999996667
2366.90099999996666
2367.47199999996659
2368.41299999996649
2369.2059999999664
2370.28899999996628
2370.70599999996624
2370.96199999996621
2371.12599999996619
2371.26199999996618
2371.39899999996616
2371.58899999996614
2371.75699999996612
2371.9309999999661
2372.12999999996608
2372.30699999996606
2372.60199999996603
2372.79099999996601
2372.96999999996599
2373.16099999996597
2373.57599999996592
2373.90799999996588
2374.13399999996586
2374.48499999996582
2374.6379999999658
2374.79699999996579
2375.01699999996576
2375.21699999996574
2375.33099999996573
2375.49299999996571
2375.78299999996568
2376.09899999996564
2376.40199999996561
2377.20999999996552
2377.50199999996549
2378.12799999996542
2378.39599999996539
2378.55099999996537
2378.79099999996535
2379.46999999996527
2379.65499999996525
2380.27699999996518
2380.45899999996516
2380.78799999996513
2380.95399999996511
2381.11199999996509
2381.30599999996507
2381.51799999996505
2381.70499999996502
2381.888999999965
2382.07699999996498
2382.27599999996496
2382.58299999996493
2382.76299999996491
2383.68599999996481
2384.59499999996471
2384.79799999996468
2384.98499999996466
2385.13799999996465
2385.42499999996462
2385.6059999999646
2385.91999999996456
2386.15599999996453
2386.37599999996451
2386.58299999996449
2386.88399999996445
2387.48599999996439
2388.97999999996422
2389.28199999996419
2389.44699999996417
2389.76699999996414
2389.95599999996412
2390.1099999999641
2390.36599999996407
2390.55899999996405
2390.75399999996403
2390.95499999996401
2399.31799999996308
2414.70499999996139
2415.68299999996128
2416.85099999996115
2417.72299999996106
2419.26699999996089
2421.42699999996065
2422.11399999996057
2422.52899999996053
2423.25399999996045
2423.51899999996042
2423.6839999999604
2423.96599999996037
2424.26399999996034
2425.27399999996023
2425.43099999996021
2425.89499999996016
2427.01999999996003
2427.84799999995994
2428.50799999995987
2428.97699999995982
2429.1829999999598
2429.31199999995978
2429.54999999995976
2429.72299999995974
2429.87399999995972
2430.0319999999597
2431.44099999995955
2433.75899999995929
2433.91699999995927
2434.06699999995926
2434.23299999995924
2434.38999999995922
2434.5769999999592
2434.77799999995918
2435.04699999995915
2435.39999999995911
2435.58499999995909
2435.76399999995907
2435.98599999995905
2436.17399999995903
2436.448999999959
2436.62999999995898
2436.81599999995896
2437.00699999995893
2437.22699999995891
2437.43999999995889
2437.63999999995886
2437.95299999995883
2439.60299999995865
2440.0319999999586
2440.57699999995854
2440.70599999995853
2440.89199999995851
2441.04399999995849
2441.20199999995847
2441.38799999995845
2441.54899999995843
2441.73199999995841
2441.91699999995839
2442.08099999995838
2442.29399999995835
2442.47899999995833
2443.72399999995819
2444.96299999995806
2445.15599999995804
2445.30099999995802
2445.505999999958
2448.79899999995764
2449.71699999995753
2449.83599999995752
2450.0199999999575
2450.17899999995748
2450.37499999995746
2450.54499999995744
2450.99399999995739
2451.18499999995737
2451.61499999995733
2451.74999999995731
2452.20499999995726
2452.45199999995723
2453.18099999995715
2453.52399999995712
2453.6789999999571
2457.13999999995672
2458.37199999995658
2458.70999999995654
2459.02599999995651
2459.34299999995647
2459.51399999995646
2459.67899999995644
2459.84599999995642
2460.0209999999564
2460.17699999995638
2460.30399999995637
2460.41499999995636
2460.60499999995634
2460.76699999995632
2460.9359999999563
2463.15399999995605
2463.32799999995604
2465.79199999995576
2465.99999999995574
2478.41199999995437
2480.83099999995411
2481.95199999995398
2482.6829999999539
2483.6199999999538
2484.95599999995365
2485.4069999999536
2486.13399999995352
2486.75699999995346
2486.89899999995344
2487.33799999995339
2487.95799999995332
2488.35099999995328
2488.99899999995321
2489.15099999995319
2489.44799999995316
2490.52799999995304
2490.97199999995299
2491.30799999995295
2491.40699999995294
2491.62699999995292
2491.94799999995288
2492.54399999995282
2493.46999999995272
2493.79999999995268
2493.96799999995266
2494.11599999995264
2494.30399999995262
2494.45499999995261
2494.64599999995259
2494.84899999995256
2495.37899999995251
2495.58099999995248
2496.20699999995241
2496.79599999995235
2497.2739999999523
2498.1349999999522
2498.24699999995219
2498.59399999995215
2499.47599999995205
2499.65299999995203
2500.42799999995195
2500.8689999999519
2501.27199999995186
2501.87699999995179
2502.16099999995176
2502.32299999995174
2502.43799999995173
2502.61699999995171
2502.94799999995167
2503.22899999995164
2503.43799999995162
2504.34999999995152
2505.35999999995141
2506.21399999995131
2507.48399999995117
2507.83099999995113
2507.99799999995112
2508.31599999995108
2508.64199999995104
2508.74999999995103
2508.90299999995102
2509.085999999951
2509.28099999995097
2509.50999999995095
2509.71199999995093
2510.03799999995089
2510.20199999995087
2510.39199999995085
2510.60299999995083
2510.75599999995081
2511.05099999995078
2511.32999999995075
2511.51699999995073
2511.7419999999507
2511.97899999995068
2512.11199999995066
2512.44499999995063
2512.75499999995059
2513.22399999995054
2513.83699999995047
2514.80199999995037
2515.00199999995034
2515.13199999995033
2515.45999999995029
2515.60099999995028
2515.75999999995026
2515.93999999995024
2516.10399999995022
2516.3209999999502
2516.58699999995017
2516.78199999995015
2517.08299999995012
2517.1829999999501
2517.36399999995008
2517.69699999995005
2518.20899999994999
2518.54999999994995
2519.9239999999498
2520.13299999994978
2520.26399999994976
2520.40699999994975
2521.34299999994965
2521.80799999994959
2523.16499999994945
2523.70899999994939
2523.86699999994937
2610.7749999999398
2625.17599999993821
2729.56399999992671
2732.79299999992636
2733.67899999992626
2736.63299999992594
2737.20799999992587
2738.43299999992574
2742.4019999999253
2742.53199999992529
2743.41799999992519
2743.68399999992516
2744.04999999992512
2744.2399999999251
2877.00499999991048
2879.32599999991022
2888.19899999990924
2900.18699999990792
2900.30999999990791
2901.3099999999078
2902.00499999990772
2905.00299999990739
2905.8139999999073
2906.66599999990721
2908.46899999990701
2908.73999999990698
2908.96799999990696
2911.45999999990668
2911.61799999990666
2912.10399999990661
2913.1149999999065
2914.23499999990638
2914.49399999990635
2915.10799999990628
2915.51899999990623
2915.74799999990621
2915.98599999990618
2916.16599999990616
2916.20799999990616
2916.32799999990614
2916.49299999990613
2916.65599999990611
2916.82099999990609
2916.97799999990607
2917.08999999990606
2917.22199999990605
2917.40399999990603
2917.597999999906
2918.06299999990595
2918.5209999999059
2918.74999999990588
2919.04599999990585
2922.32999999990548
2922.49099999990547
2923.58699999990535
2923.84599999990532
2924.70399999990522
2925.70499999990511
2926.10599999990507
2926.705999999905
2926.92299999990498
2927.43799999990492
2928.14399999990484
2928.34599999990482
2928.74199999990478
2928.88399999990476
2929.00499999990475
2929.20899999990473
2929.37399999990471
2929.55699999990469
2929.72799999990467
2929.91799999990465
2930.09899999990463
2930.28299999990461
2930.55599999990458
2930.75299999990456
2930.97499999990453
2931.12899999990451
2931.2309999999045
2932.46599999990437
2932.75999999990434
2933.38799999990427
2933.56599999990425
2933.91399999990421
2934.06499999990419
2934.38699999990416
2934.52199999990414
2934.68799999990412
2934.8719999999041
2935.06799999990408
2935.29899999990406
2935.40799999990404
2935.51199999990403
2935.72099999990401
2935.89199999990399
2936.12699999990396
2936.30599999990394
2936.48299999990392
2936.6679999999039
2936.85199999990388
2937.06799999990386
2937.75999999990378
2938.10899999990375
2938.29499999990373
2938.43299999990371
2938.60799999990369
2938.91699999990366
2939.03799999990364
2939.30299999990361
2939.4369999999036
3038.87699999989265
3041.07899999989241
3046.42699999989182
3046.74499999989178
3047.80899999989166
3048.22299999989162
3048.78599999989156
3049.16299999989152
3049.2589999998915
3049.44399999989148
3049.70699999989146
3050.02199999989142
3050.71999999989134
3052.07999999989119
3052.67399999989113
3055.00299999989087
3056.35799999989072
3056.66699999989069
3056.91399999989066
3057.27599999989062
3057.66499999989058
3058.3639999998905
3058.60499999989048
3058.81599999989045
3058.94499999989044
3059.04699999989043
3059.17299999989041
3059.3059999998904
3059.49199999989038
3059.69899999989035
3060.30799999989029
3060.50899999989027
3060.70099999989024
3060.90799999989022
3061.1179999998902
3061.33899999989017
3061.55999999989015
3062.0329999998901
3062.33499999989006
3062.56799999989004
3062.88499999989
3063.31299999988996
3065.24499999988974
3066.34699999988962
3069.22299999988931
3069.52599999988927
3070.87699999988912
3071.0709999998891
3071.40899999988906
3071.71699999988903
3072.24099999988897
3072.42099999988895
3072.65199999988893
3073.72299999988881
3074.37999999988874
3074.52999999988872
3074.7109999998887
3074.94999999988868
3075.09499999988866
3075.35499999988863
3075.79999999988858
3075.98099999988856
3076.16999999988854
3076.70599999988848
3079.42199999988818
3079.66799999988816
3080.24899999988809
3080.42299999988807
3080.58299999988805
3080.77299999988803
3080.93699999988802
3081.111999999888
3081.29199999988798
3081.63899999988794
3081.9419999998879
3083.20099999988777
3083.67799999988771
3083.8349999998877
3084.18599999988766
3084.35199999988764
3084.62599999988761
3084.83399999988759
3085.13399999988755
3085.40499999988752
3085.5859999998875
3085.75999999988748
3085.96299999988746
3086.15999999988744
3086.34699999988742
3086.63599999988739
3086.83699999988737
3087.06199999988734
3087.25799999988732
3087.4609999998873
3087.87499999988725
3088.04899999988723
3088.67599999988716
3089.62099999988706
3089.76999999988704
3090.29699999988698
3091.0399999998869
3091.43299999988686
3091.91999999988681
3092.15199999988678
3092.76299999988671
3093.98199999988658
3094.26999999988655
3094.38899999988653
3094.53799999988652
3095.04999999988646
3095.65999999988639
3095.85599999988637
3096.04999999988635
3117.26799999988401
3117.71699999988396
3195.27399999987542
3236.64799999987087
3238.40299999987067
3242.7239999998702
3336.53399999985987
3338.73299999985962
3445.29199999984789
3449.77099999984739
3451.5719999998472
3452.10899999984714
3684.77899999982151
3690.22799999982091
3690.79999999982085
3691.47899999982077
3692.44799999982067
3692.81799999982063
3696.80999999982019
3698.02499999982005
3699.90499999981985
3700.44499999981979
3701.2559999998197
3702.29499999981958
3702.69399999981954
3703.57899999981944
3703.9509999998194
3704.69199999981932
3705.32899999981925
3705.69599999981921
3705.84399999981919
3706.02399999981917
3706.20099999981915
3706.55599999981911
3706.6919999998191
3706.87499999981908
3707.15799999981905
3707.32599999981903
3707.52699999981901
3707.79199999981898
3707.97899999981896
3708.27299999981892
3708.4509999998189
3708.61299999981889
3708.81299999981886
3709.00199999981884
3709.15499999981883
3709.28499999981881
3709.45899999981879
3709.55999999981878
3710.20099999981871
3710.40599999981869
3710.98099999981863
3711.09999999981861
3712.35799999981847
3712.59099999981845
3713.18399999981838
3713.50299999981835
3713.74499999981832
3713.9169999998183
3714.14399999981828
3714.41699999981825
3714.57699999981823
3714.75499999981821
3714.93599999981819
3715.10499999981817
3715.26699999981815
3716.16899999981806
3716.38399999981803
3716.89099999981798
3717.11199999981795
3717.27199999981793
3717.79899999981788
3718.01899999981785
3718.16799999981783
3718.38599999981781
3718.62099999981778
3719.71799999981766
3720.01599999981763
3721.00999999981752
3721.31299999981749
3721.50099999981747
3721.64399999981745
3721.84099999981743
3721.97899999981742
3722.1429999998174
3722.9759999998173
3723.63499999981723
3724.43399999981714
3725.17199999981706
3725.61199999981702
3725.87999999981699
3726.23799999981695
3726.42199999981693
3726.55799999981691
3726.89199999981687
3727.36599999981682
3728.07899999981674
3728.29799999981672
3729.15399999981662
3729.56199999981658
3729.91699999981654
3730.05499999981653
3730.39699999981649
3730.61099999981646
3730.83099999981644
3730.98699999981642
3731.1509999998164
3731.29899999981639
3731.45799999981637
3731.72699999981634
3731.91499999981632
3732.0799999998163
3732.19999999981629
3732.30499999981628
3750.90099999981423
3751.06099999981421
3751.71999999981414
3751.83499999981413
3753.03899999981399
3754.99799999981378
3755.6789999998137
3755.96099999981367
3756.42399999981362
3758.4089999998134
3759.44799999981329
3759.71499999981326
3759.88299999981324
3760.18999999981321
3760.33999999981319
3760.51399999981317
3760.64299999981316
3760.78399999981314
3760.96999999981312
3761.1559999998131
3761.35599999981308
3761.68299999981304
3762.62899999981294
3763.0109999998129
3764.12999999981277
3765.7199999998126
3767.87899999981236
3769.3309999998122
3770.05599999981212
3770.29099999981209
3770.69099999981205
3771.29399999981198
3771.57799999981195
3771.83699999981192
3771.97799999981191
3772.14799999981189
3772.32399999981187
3772.50499999981185
3772.70299999981183
3772.86799999981181
3773.05899999981179
3773.23999999981177
3773.44399999981175
3773.67299999981172
3773.8699999998117
3774.16899999981167
3774.61499999981162
3774.8239999998116
3775.04599999981157
3775.28099999981154
3775.48099999981152
3777.07399999981135
3777.24999999981133
3777.43699999981131
3777.59499999981129
3777.77299999981127
3778.3719999998112
3778.64999999981117
3778.78899999981116
3779.3279999998111
3779.55999999981107
3779.73299999981105
3780.73499999981094
3780.95899999981092
3783.18699999981067
3783.34099999981066
3783.52299999981064
3784.02399999981058
3784.17599999981056
3784.48899999981053
3784.65599999981051
3784.88999999981049
3785.09799999981046
3785.90599999981037
3786.11699999981035
3786.64199999981029
3786.79899999981028
3786.99899999981025
3787.15999999981024
3787.38099999981021
3787.55099999981019
3787.66199999981018
3787.84899999981016
3787.98299999981015
3788.15899999981013
3788.50099999981009
3788.70099999981007
3788.85399999981005
3789.20699999981001
3789.47099999980998
3790.15599999980991
3790.74899999980984
3790.91499999980982
3792.71399999980962
3793.71399999980951
3793.8849999998095
3794.01599999980948
3794.27899999980945
3794.47299999980943
3794.68699999980941
3794.87899999980939
3795.08999999980936
3795.38199999980933
3795.74099999980929
3796.29699999980923
3796.41499999980922
3796.5939999998092
3796.80299999980917
3797.68599999980908
3798.392999999809
3799.11499999980892
3799.98199999980882
3800.95099999980872
3801.0849999998087
3801.31999999980868
3801.53599999980865
3801.75099999980863
3801.9719999998086
3802.26299999980857
3813.27799999980736
3814.6909999998072
3816.32499999980702
3816.90899999980696
3823.56899999980623
40
-1
24.4889999999999931
40.6359999999999944
62.1740000000000136
112.3000000000000581
128.312000000000072
158.392000000000099
229.141000000000162
242.060000000000173
258.533000000000188
278.157000000000205
343.288000000000263
359.951000000000278
374.940000000000291
414.843000000000327
476.975000000000382
593.353000000000485
723.338000000000601
745.645000000000621
825.560000000000692
869.17800000000073
904.522000000000762
977.337000000000826
1013.331000000000858
1302.32700000000111
1350.04000000000116
1398.2080000000012
1438.67800000000124
1703.35800000000147
1857.13400000000161
2077.17599999999856
2120.58499999999378
2170.63899999998827
2336.27999999997003
2390.95599999996401
2466.00099999995574
2523.70999999994939
2939.30399999990361
3095.85699999988637
3732.30599999981628
3801.9729999998086
0
0
5000
0
0
0
0
7200
0
0
0
0
0
41
0
5602.07399999961035
1800.00000000000156
1800
0
121
0
1
4
7
10
13
16
19
22
25
28
31
34
37
40
43
46
49
52
55
58
61
64
67
70
73
76
79
82
85
88
91
94
97
100
103
106
109
112
115
118
121
124
127
130
133
136
139
142
145
148
151
154
157
160
163
166
169
172
175
178
181
184
187
190
193
196
199
202
205
208
211
214
217
220
223
226
229
232
235
238
241
244
247
250
253
256
259
262
265
268
271
274
277
280
283
286
289
292
295
298
301
304
307
310
313
316
319
322
325
328
331
334
337
340
343
346
349
352
355
358
361
364
367
370
373
376
379
382
385
388
391
394
397
400
403
406
409
412
415
418
421
424
427
430
433
436
439
442
445
448
451
454
457
460
463
466
469
472
475
478
481
484
487
490
493
496
499
502
505
508
511
514
517
520
523
526
529
532
535
538
541
544
547
550
