12
12
19
12
12
19
cPPR1.14
PR3_day2.4
0
4
12
04
03
12
54
35
23
3
.3
1
211
1
13
1
1
1
1
1
1
1
1
1
1
1
1
1
1
1
1
1
1
1
1
1
184
210
-1
27.3049999999999908
33.433999999999988
33.7509999999999883
35.8379999999999902
36.3589999999999906
60.3080000000000119
61.1890000000000127
63.0220000000000143
63.793000000000015
65.3840000000000164
65.7910000000000168
66.9130000000000178
109.6250000000000557
110.3640000000000564
111.083000000000057
112.0420000000000579
112.5890000000000584
113.7880000000000594
114.39200000000006
115.2960000000000608
115.8010000000000612
116.3290000000000617
140.977000000000084
144.643000000000087
144.855000000000087
145.080000000000087
145.230000000000087
145.385000000000087
145.669000000000088
145.876000000000088
146.149000000000088
147.487000000000089
147.67100000000009
147.88400000000009
148.18000000000009
202.908000000000139
207.598000000000143
207.715000000000143
208.076000000000143
208.278000000000143
208.440000000000143
208.678000000000144
208.894000000000144
209.589000000000144
209.944000000000145
210.581000000000145
211.186000000000146
211.698000000000146
212.307000000000147
212.623000000000147
212.940000000000147
283.82900000000021
284.560000000000211
285.262000000000212
285.533000000000212
285.891000000000212
286.223000000000213
286.554000000000213
286.696000000000213
287.028000000000213
287.360000000000214
288.629000000000215
288.937000000000215
289.220000000000215
289.384000000000215
289.643000000000216
289.804000000000216
290.263000000000216
290.561000000000216
290.743000000000217
486.40700000000039
503.787000000000406
504.288000000000406
504.884000000000407
505.494000000000407
505.765000000000408
506.008000000000408
506.557000000000408
506.873000000000408
507.114000000000409
507.348000000000409
508.22600000000041
508.64800000000041
508.86300000000041
509.117000000000411
509.414000000000411
510.281000000000412
510.910000000000412
511.292000000000412
512.336000000000413
512.476000000000414
512.729000000000414
547.465000000000445
547.635000000000445
548.089000000000445
550.886000000000448
551.120000000000448
551.608000000000448
552.420000000000449
552.655000000000449
553.18600000000045
553.75900000000045
554.01700000000045
554.312000000000451
554.791000000000451
555.153000000000451
555.365000000000452
555.517000000000452
556.049000000000452
556.237000000000452
556.416000000000452
557.592000000000454
558.238000000000454
558.398000000000454
558.612000000000454
558.803000000000455
559.163000000000455
571.965000000000466
572.255000000000467
572.753000000000467
595.004000000000487
595.744000000000487
596.103000000000488
596.589000000000488
597.179000000000489
597.558000000000489
598.55500000000049
598.83200000000049
598.99100000000049
599.17200000000049
599.999000000000491
600.582000000000492
601.597000000000493
601.887000000000493
602.411000000000493
602.761000000000494
603.160000000000494
603.578000000000494
604.265000000000495
604.528000000000495
604.911000000000496
605.401000000000496
605.902000000000496
610.2500000000005
611.121000000000501
633.571000000000521
634.477000000000522
634.742000000000522
636.021000000000523
636.590000000000524
636.980000000000524
637.275000000000524
637.882000000000525
638.304000000000525
639.047000000000526
639.614000000000526
639.968000000000527
641.442000000000528
641.928000000000528
642.826000000000529
644.645000000000531
645.005000000000531
645.308000000000531
646.296000000000532
646.578000000000533
646.680000000000533
646.949000000000533
647.420000000000533
647.800000000000534
649.013000000000535
651.450000000000537
652.140000000000538
652.783000000000538
652.935000000000538
653.222000000000538
653.556000000000539
1094.53300000000093
1097.45500000000093
1100.16000000000094
1101.59800000000094
1102.17200000000094
1102.88300000000094
1103.32000000000094
1103.84200000000094
1104.49600000000094
1105.08800000000094
1105.59000000000094
1106.75200000000094
1107.51500000000094
1108.00000000000094
1109.21600000000094
1109.59100000000094
1109.80500000000094
1110.24400000000094
1110.79500000000094
1112.21500000000095
1112.73700000000095
1116.70100000000095
1117.77600000000095
1118.15100000000095
1119.42900000000095
1119.84500000000095
1120.31800000000095
1120.80800000000095
1121.02700000000095
1121.17500000000095
1121.71800000000095
1122.68700000000096
1122.92800000000096
1123.13000000000096
12
-1
27.3059999999999907
36.3599999999999906
66.9140000000000178
116.3300000000000617
148.18100000000009
212.941000000000147
290.744000000000217
512.730000000000414
559.164000000000455
611.122000000000501
653.557000000000539
1123.13100000000096
0
0
5000
0
0
0
0
7200
0
0
0
0
0
13
0
2923.23199999990538
1800.00000000000156
1800
0
37
0
1
4
7
10
13
16
19
22
25
28
31
34
37
40
43
46
49
52
55
58
61
64
67
70
73
76
79
82
85
88
91
94
97
100
103
106
109
112
115
118
121
124
127
130
133
136
139
142
145
148
151
154
157
160
163
166
169
172
175
178
181
184
187
190
193
196
199
202
205
208
211
214
217
220
223
226
229
232
235
238
241
244
247
250
253
256
259
262
265
268
271
274
277
280
283
286
289
292
295
298
301
304
307
310
313
316
319
322
325
328
331
334
337
340
343
346
349
352
355
358
361
364
367
370
373
376
379
382
385
388
391
394
397
400
403
406
409
412
415
418
421
424
427
430
433
436
439
442
445
448
451
454
457
460
463
466
469
472
475
478
481
484
487
490
493
496
499
502
505
508
511
514
517
520
523
526
529
532
535
538
541
544
547
550
