11
05
19
11
05
19
cPPR1.15
FR1_day2
0
1
11
34
51
11
55
04
24
2
.3
1
161
1
101
1
1
1
1
1
1
1
1
1
1
1
1
1
1
1
1
1
1
1
1
1
1
160
-1
16.36
22.9089999999999945
34.2339999999999888
38.3239999999999924
38.4809999999999925
59.276000000000011
62.610000000000014
62.7620000000000141
64.5280000000000157
67.6290000000000184
69.8860000000000204
73.2340000000000234
75.8200000000000257
78.425000000000028
83.3420000000000324
97.4620000000000449
101.7930000000000488
104.7190000000000514
110.0760000000000561
115.6330000000000611
120.3830000000000653
123.2440000000000678
126.6060000000000708
129.484000000000073
134.154000000000078
137.905000000000081
165.527000000000105
169.121000000000109
171.873000000000111
175.268000000000114
178.533000000000117
182.44000000000012
183.019000000000121
185.173000000000123
185.326000000000123
194.719000000000131
203.850000000000139
213.108000000000148
217.195000000000151
220.150000000000154
239.457000000000171
244.875000000000176
248.165000000000179
251.380000000000182
255.888000000000186
277.596000000000205
280.521000000000207
280.844000000000208
283.15900000000021
286.555000000000213
287.017000000000213
290.127000000000216
294.87700000000022
297.478000000000223
301.744000000000226
310.834000000000234
317.01700000000024
321.004000000000243
334.002000000000255
334.536000000000255
339.65000000000026
344.598000000000264
344.859000000000265
350.66500000000027
354.793000000000273
355.415000000000274
358.436000000000277
363.780000000000281
369.613000000000287
375.015000000000291
381.870000000000298
386.705000000000302
390.693000000000305
390.928000000000306
398.278000000000312
449.758000000000358
454.264000000000362
454.528000000000362
458.190000000000365
462.315000000000369
465.403000000000372
471.330000000000377
487.601000000000391
491.702000000000395
494.596000000000398
500.822000000000403
505.613000000000407
508.60700000000041
513.145000000000414
515.985000000000417
524.620000000000424
530.208000000000429
535.723000000000434
541.690000000000439
571.160000000000466
576.47300000000047
582.295000000000476
582.573000000000476
586.311000000000479
586.614000000000479
590.049000000000482
595.244000000000487
595.432000000000487
602.062000000000493
602.366000000000493
607.346000000000498
607.607000000000498
615.385000000000505
620.528000000000509
626.946000000000515
631.556000000000519
635.143000000000522
640.921000000000528
645.608000000000532
646.565000000000533
658.475000000000543
664.017000000000548
667.942000000000552
668.263000000000552
668.772000000000552
669.713000000000553
675.132000000000558
679.088000000000561
715.930000000000594
749.647000000000624
754.056000000000628
756.965000000000631
760.354000000000634
761.096000000000634
765.161000000000638
769.196000000000642
772.745000000000645
776.484000000000648
778.98800000000065
784.804000000000655
793.487000000000663
797.712000000000667
798.579000000000668
804.688000000000673
820.211000000000687
828.230000000000694
828.758000000000694
840.180000000000705
849.945000000000713
874.459000000000735
940.557000000000794
948.2050000000008
956.818000000000808
962.232000000000813
1038.81900000000088
1038.94000000000088
1044.44400000000089
1055.7980000000009
1060.7410000000009
1063.7520000000009
1070.18400000000091
1076.52900000000091
1138.87500000000097
1159.34500000000099
1166.60800000000099
100
-1
16.36
22.9089999999999945
34.2339999999999888
59.276000000000011
64.5280000000000157
69.8860000000000204
75.8200000000000257
83.3420000000000324
97.4620000000000449
104.7190000000000514
110.0760000000000561
115.6330000000000611
123.2440000000000678
129.484000000000073
137.905000000000081
165.527000000000105
171.873000000000111
178.533000000000117
185.173000000000123
194.719000000000131
203.850000000000139
213.108000000000148
220.150000000000154
239.457000000000171
244.875000000000176
251.380000000000182
277.596000000000205
283.15900000000021
290.127000000000216
297.478000000000223
310.834000000000234
317.01700000000024
334.002000000000255
339.65000000000026
344.859000000000265
350.66500000000027
358.436000000000277
363.780000000000281
369.613000000000287
375.015000000000291
381.870000000000298
390.693000000000305
398.278000000000312
449.758000000000358
458.190000000000365
465.403000000000372
471.330000000000377
487.601000000000391
494.596000000000398
500.822000000000403
508.60700000000041
515.985000000000417
524.620000000000424
530.208000000000429
535.723000000000434
541.690000000000439
571.160000000000466
576.47300000000047
582.295000000000476
590.049000000000482
595.244000000000487
602.062000000000493
607.346000000000498
615.385000000000505
620.528000000000509
626.946000000000515
635.143000000000522
640.921000000000528
646.565000000000533
658.475000000000543
664.017000000000548
669.713000000000553
675.132000000000558
715.930000000000594
749.647000000000624
756.965000000000631
765.161000000000638
772.745000000000645
778.98800000000065
784.804000000000655
793.487000000000663
804.688000000000673
820.211000000000687
828.230000000000694
840.180000000000705
849.945000000000713
874.459000000000735
940.557000000000794
948.2050000000008
956.818000000000808
962.232000000000813
1038.81900000000088
1044.44400000000089
1055.7980000000009
1063.7520000000009
1070.18400000000091
1076.52900000000091
1138.87500000000097
1159.34500000000099
1166.60800000000099
1
0
5000
0
0
0
0
2700
99
0
0
0
0
0
0
1166.60800000000099
0
0
0
0
0
0
