12
11
19
12
11
19
cPPR1.10
PR3_day2.3
0
4
9
12
45
11
15
51
23
3
.3
1
572
1
20
1
1
1
1
1
1
1
1
1
1
1
1
1
1
1
1
1
1
1
1
1
184
571
-1
3.75600000000000007
25.6339999999999922
28.3879999999999898
29.4949999999999889
30.8279999999999878
38.4539999999999925
38.953999999999993
101.0450000000000481
101.6930000000000487
102.5000000000000494
104.5050000000000512
184.401000000000122
184.666000000000122
192.261000000000129
195.913000000000132
198.647000000000135
288.913000000000215
291.254000000000217
299.783000000000225
300.582000000000225
301.174000000000226
302.538000000000227
303.451000000000228
326.688000000000248
331.332000000000253
332.377000000000254
370.182000000000287
372.479000000000289
376.332000000000293
378.611000000000295
382.332000000000298
384.1470000000003
389.822000000000305
391.757000000000306
392.547000000000307
394.690000000000309
429.91900000000034
431.167000000000341
480.531000000000385
482.922000000000387
483.988000000000388
485.71100000000039
487.151000000000391
487.734000000000392
491.887000000000395
493.145000000000396
495.104000000000398
496.515000000000399
518.441000000000419
520.09900000000042
520.759000000000421
524.995000000000425
554.266000000000451
556.101000000000452
597.802000000000489
599.272000000000491
603.724000000000495
609.6130000000005
614.431000000000504
615.546000000000505
619.024000000000508
621.28900000000051
625.631000000000514
626.989000000000515
632.21800000000052
636.907000000000524
637.655000000000525
644.16800000000053
645.064000000000531
667.117000000000551
669.911000000000553
670.122000000000554
701.004000000000581
704.326000000000584
705.629000000000585
731.248000000000608
744.274000000000619
747.053000000000622
747.910000000000623
751.957000000000626
753.930000000000628
756.73200000000063
763.519000000000636
767.49900000000064
768.753000000000641
772.151000000000644
774.793000000000646
777.363000000000649
778.91000000000065
783.371000000000654
784.138000000000655
792.231000000000662
793.545000000000663
798.487000000000668
825.390000000000691
826.766000000000693
845.047000000000709
846.01400000000071
848.294000000000712
921.932000000000777
923.250000000000778
924.55100000000078
926.031000000000781
931.322000000000786
933.595000000000788
934.177000000000788
937.451000000000791
942.678000000000796
950.403000000000802
953.877000000000806
954.817000000000806
968.939000000000819
977.641000000000827
985.728000000000834
1038.12300000000088
1042.57500000000088
1044.14400000000089
1049.41300000000089
1051.16700000000089
1072.40900000000091
1088.18400000000092
1109.79400000000094
1119.30400000000095
1123.17000000000096
1132.60900000000096
1133.74700000000097
1168.163000000001
1172.724000000001
1178.90300000000101
1180.14000000000101
1184.15800000000101
1197.68800000000102
1198.05000000000102
1199.68400000000102
1212.35200000000104
1213.67500000000104
1214.87300000000104
1217.01400000000104
1218.35000000000104
1219.45300000000104
1223.47800000000104
1224.41700000000105
1233.09400000000105
1235.90700000000106
1241.72800000000106
1249.17900000000107
1256.07300000000107
1273.46500000000109
1329.27500000000114
1331.25300000000114
1332.49600000000114
1334.25100000000114
1338.11300000000115
1339.00100000000115
1341.36200000000115
1342.55300000000115
1347.02500000000115
1348.33400000000116
1401.0210000000012
1401.4000000000012
1403.0420000000012
1428.34200000000123
1431.48700000000123
1433.73700000000123
1437.02500000000123
1507.3980000000013
1509.2610000000013
1512.6690000000013
1513.5520000000013
1521.45500000000131
1521.84900000000131
1528.91900000000132
1529.89200000000132
1553.51000000000134
1594.09000000000137
1607.71300000000139
1609.39900000000139
1616.23800000000139
1635.04800000000141
1643.59500000000142
1645.66400000000142
1651.78000000000143
1658.48200000000143
1661.04500000000143
1661.75600000000143
1663.16700000000144
1678.41100000000145
1713.25200000000148
1724.26600000000149
1754.24400000000152
1755.65400000000152
1756.40300000000152
1758.11900000000152
1759.66300000000152
1764.97500000000153
1765.94100000000153
1768.37800000000153
1772.40700000000153
1773.95500000000153
1777.77400000000154
1778.64200000000154
1784.43000000000154
1801.59400000000156
1808.38500000000156
1809.58400000000157
1811.56000000000157
1815.11400000000157
1815.75800000000157
1817.09800000000157
1825.03300000000158
1826.44700000000158
1833.64400000000159
1875.09400000000162
1918.30700000000166
2051.4060000000014
2087.48999999999743
2089.17899999999724
2091.397999999997
2139.71199999999168
2143.66899999999124
2144.69799999999113
2147.40399999999083
2151.55199999999037
2152.52099999999027
2153.31599999999018
2154.71199999999002
2155.24799999998997
2156.66399999998981
2157.41399999998973
2158.50199999998961
2159.5149999999895
2162.08499999998921
2165.02799999998889
2166.13799999998877
2166.7459999999887
2272.0809999999771
2273.82199999997691
2274.41799999997684
2275.18599999997676
2280.41499999997618
2280.74399999997614
2282.9489999999759
2286.5879999999755
2316.17299999997224
2332.81499999997041
2336.34199999997002
2337.59399999996988
2341.63699999996944
2342.66399999996932
2358.25799999996761
2365.29799999996683
2374.14499999996586
2421.67199999996062
2439.88499999995862
2450.37599999995746
2457.2879999999567
2459.35899999995647
2532.71699999994839
2535.92399999994804
2537.2179999999479
2539.84599999994761
2540.51699999994753
2542.12499999994736
2545.85299999994695
2546.41599999994688
2551.44299999994633
2555.82599999994585
2558.78099999994552
2565.53999999994478
2576.2379999999436
2581.18699999994306
2584.67599999994267
2592.46499999994181
2593.58499999994169
2598.45699999994115
2602.16299999994074
2603.43099999994061
2604.3959999999405
2608.22599999994008
2609.28399999993996
2626.1909999999381
2626.76999999993803
2654.06499999993503
2655.84399999993483
2658.47799999993454
2658.91799999993449
2666.57599999993365
2697.97899999993019
2703.29699999992961
2734.92299999992612
2736.9919999999259
2744.26599999992509
2756.54699999992374
2768.14299999992246
2843.74699999991414
2845.28299999991397
2846.61499999991382
2859.30599999991242
2860.16099999991233
2860.74599999991227
2872.219999999911
2873.39099999991087
2874.49799999991075
2880.4149999999101
2883.1299999999098
2888.96699999990916
2928.05999999990485
2930.3939999999046
2934.04999999990419
2934.77099999990411
2935.67699999990401
2940.40499999990349
2943.0859999999032
2944.18899999990308
2945.51199999990293
2973.49499999989985
2976.7009999998995
3024.53399999989423
3025.50399999989412
3028.49599999989379
3029.72999999989366
3030.77199999989354
3031.64799999989344
3035.14499999989306
3075.08999999988866
3078.82599999988825
3080.27199999988809
3092.93199999988669
3097.74299999988616
3100.47899999988586
3162.25799999987906
3163.36199999987894
3183.10199999987676
3186.64299999987637
3189.78099999987603
3190.65799999987593
3194.79099999987548
3214.06299999987335
3217.57999999987297
3218.76099999987284
3221.71899999987251
3222.6929999998724
3226.41999999987199
3249.55899999986944
3250.32499999986936
3253.638999999869
3254.68199999986888
3256.70699999986866
3260.68399999986822
3264.03099999986785
3265.02099999986774
3269.0389999998673
3270.21499999986717
3271.07499999986708
3275.61499999986658
3283.70699999986568
3287.62399999986525
3291.40699999986484
3299.72099999986392
3301.57099999986372
3305.3399999998633
3341.44499999985932
3365.88699999985663
3369.13299999985628
3371.53199999985601
3372.46099999985591
3376.40899999985547
3377.15999999985539
3381.81299999985488
3382.5329999998548
3385.88199999985443
3386.60999999985435
3418.78799999985081
3421.5849999998505
3437.45099999984875
3437.72499999984872
3438.37099999984865
3438.8659999998486
3461.68499999984608
3463.72899999984586
3634.49799999982705
3638.81899999982657
3639.88899999982646
3640.93599999982634
3649.30499999982542
3649.66899999982538
3650.62199999982527
3652.52299999982506
3655.23299999982477
3656.17699999982466
3658.09999999982445
3659.02099999982435
3661.11799999982412
3666.32399999982354
3668.61099999982329
3675.29699999982256
3680.81199999982195
3699.25899999981992
3707.91899999981896
3710.84999999981864
3714.50199999981824
3716.692999999818
3768.56599999981228
3770.87399999981203
3788.88699999981005
3821.78799999980642
3855.51799999980271
3857.14499999980253
3863.05899999980188
3865.30499999980163
3893.22899999979855
3986.08299999978833
4051.86999999978108
4053.65299999978089
4057.33499999978048
4062.6539999997799
4063.69799999977978
4070.67599999977901
4071.23599999977895
4073.4819999997787
4081.03799999977787
4081.92999999977777
4104.66099999977527
4189.20899999976596
4193.52399999976548
4200.44999999976472
4202.38599999976451
4234.99799999976091
4245.85699999975972
4510.91599999973053
4521.49699999972936
4527.5419999997287
4529.15499999972852
4529.91099999972843
4533.79799999972801
4544.30199999972685
4547.35999999972651
4586.84099999972216
4588.77299999972195
4590.39699999972177
4599.79899999972074
4603.85299999972029
4616.42199999971891
4618.23699999971871
4619.28399999971859
4620.16499999971849
4620.82699999971842
4623.79199999971809
4695.4919999997102
4696.63699999971007
4698.55799999970986
4700.46799999970965
4705.33299999970911
4708.65499999970875
4734.30599999970592
4868.79699999969111
4880.59899999968981
4897.9969999996879
4902.29799999968742
4907.24999999968688
4910.04999999968657
4918.46999999968564
4931.08999999968425
4994.45599999967727
4996.33199999967707
5002.19799999967642
5004.10799999967621
5006.18999999967598
5019.16299999967455
5028.82399999967349
5030.31899999967332
5032.40199999967309
5033.60199999967296
5041.14899999967213
5043.36999999967188
5044.81599999967173
5045.22299999967168
5049.91899999967116
5054.1369999996707
5082.2879999996676
5083.38299999966748
5103.1839999996653
5110.83099999966446
5113.1279999996642
5120.90899999966335
5126.01699999966278
5128.89099999966247
5129.40499999966241
5153.74599999965973
5155.35099999965955
5157.84499999965928
5162.02899999965882
5168.41799999965811
5175.35499999965735
5180.76499999965675
5182.06699999965661
5184.0119999996564
5186.54199999965612
5192.60199999965545
5216.55499999965281
5234.52499999965083
5236.90499999965057
5240.37199999965019
5251.06299999964901
5255.07599999964857
5256.25699999964844
5262.45699999964776
5300.40699999964358
5331.38499999964016
5352.38699999963785
5374.21299999963545
5381.0259999996347
5382.50299999963453
5447.57199999962737
5476.00099999962424
5520.8619999996193
5522.30299999961914
5528.83799999961842
5531.30299999961815
5532.25399999961804
5589.37899999961175
5591.13699999961156
5592.39099999961142
5598.75499999961072
5603.35599999961021
5693.15799999960032
5693.93799999960024
5713.62099999959807
5715.03299999959791
5715.75099999959783
5716.67899999959773
5721.94299999959715
5722.98099999959704
5727.06499999959659
5739.22599999959525
5755.0559999995935
5777.35099999959105
5802.85699999958824
5820.77099999958627
5822.46299999958608
5835.71499999958462
5837.28099999958445
5951.37399999957188
5962.21999999957069
5964.24299999957047
6111.20399999955428
6116.4319999995537
6118.86699999955344
6120.01299999955331
6121.0569999995532
6163.94699999954847
6187.64599999954586
6193.49499999954522
6210.83999999954331
6241.8169999995399
6249.35299999953906
6250.23699999953897
6674.10599999949228
6675.90299999949209
6682.89499999949132
6683.9609999994912
6740.96199999948492
6743.56899999948464
6757.16699999948314
6760.75999999948274
6789.77799999947955
6795.82599999947888
6820.41599999947617
6848.93299999947303
7113.36899999944391
7118.83599999944331
19
-1
3.75700000000000007
30.8289999999999878
184.402000000000122
303.452000000000228
394.691000000000309
524.996000000000425
669.912000000000553
798.488000000000668
1051.16800000000089
1256.07400000000107
1616.23900000000139
1833.64500000000159
2342.66499999996932
2703.29799999992961
3163.36299999987894
3438.8669999998486
4202.38699999976451
5054.1379999996707
5727.06599999959659
0
0
5000
0
0
0
0
7200
0
0
0
0
0
20
0
7200.00099999943437
1473.03500000000127
1800
0
58
0
1
4
7
10
13
16
19
22
25
28
31
34
37
40
43
46
49
52
55
58
61
64
67
70
73
76
79
82
85
88
91
94
97
100
103
106
109
112
115
118
121
124
127
130
133
136
139
142
145
148
151
154
157
160
163
166
169
172
175
178
181
184
187
190
193
196
199
202
205
208
211
214
217
220
223
226
229
232
235
238
241
244
247
250
253
256
259
262
265
268
271
274
277
280
283
286
289
292
295
298
301
304
307
310
313
316
319
322
325
328
331
334
337
340
343
346
349
352
355
358
361
364
367
370
373
376
379
382
385
388
391
394
397
400
403
406
409
412
415
418
421
424
427
430
433
436
439
442
445
448
451
454
457
460
463
466
469
472
475
478
481
484
487
490
493
496
499
502
505
508
511
514
517
520
523
526
529
532
535
538
541
544
547
550
