12
09
19
12
09
19
cPPR1.14
PR3_day2.1
0
4
12
12
08
13
44
39
23
3
.3
1
887
1
25
1
1
1
1
1
1
1
1
1
1
1
1
1
1
1
1
1
1
1
1
1
184
886
-1
10.3730000000000002
57.6780000000000096
58.8050000000000106
60.5940000000000122
60.8300000000000124
109.1210000000000553
110.1940000000000562
110.2850000000000563
111.6060000000000575
111.9550000000000578
112.1020000000000579
112.3240000000000581
131.036000000000075
131.592000000000075
132.617000000000076
133.045000000000077
133.194000000000077
134.617000000000078
134.827000000000078
134.966000000000078
135.355000000000079
135.591000000000079
135.877000000000079
142.792000000000085
145.293000000000087
145.832000000000088
148.24100000000009
148.44800000000009
148.68800000000009
148.78900000000009
149.415000000000091
149.668000000000091
149.918000000000092
150.656000000000092
151.512000000000093
151.677000000000093
172.210000000000111
172.391000000000111
174.458000000000113
174.792000000000114
174.985000000000114
175.349000000000114
175.676000000000114
175.788000000000114
176.363000000000115
176.770000000000115
178.584000000000117
178.905000000000117
179.516000000000118
180.460000000000119
182.16600000000012
182.730000000000121
211.200000000000146
211.522000000000146
211.817000000000146
212.355000000000147
213.306000000000148
213.706000000000148
215.151000000000149
215.31100000000015
215.45800000000015
216.553000000000151
216.771000000000151
217.325000000000151
218.075000000000152
218.620000000000153
219.354000000000153
219.993000000000154
220.431000000000154
221.700000000000155
222.224000000000156
298.467000000000223
299.026000000000224
299.360000000000224
300.338000000000225
300.882000000000226
301.038000000000226
301.625000000000226
302.174000000000227
302.368000000000227
302.901000000000227
303.159000000000228
303.507000000000228
304.023000000000228
305.050000000000229
305.49100000000023
306.41800000000023
306.726000000000231
307.177000000000231
308.189000000000232
308.771000000000233
309.131000000000233
309.564000000000233
365.724000000000283
366.033000000000283
366.530000000000284
366.820000000000284
367.693000000000285
368.209000000000285
368.457000000000286
368.947000000000286
371.371000000000288
371.743000000000288
371.969000000000289
372.739000000000289
373.07300000000029
373.59200000000029
373.93000000000029
375.568000000000292
376.004000000000292
376.524000000000293
377.199000000000293
377.514000000000294
378.070000000000294
379.254000000000295
379.828000000000296
380.005000000000296
380.326000000000296
388.220000000000303
389.439000000000304
389.903000000000305
390.305000000000305
390.424000000000305
390.557000000000305
392.802000000000307
394.813000000000309
395.279000000000309
396.38300000000031
396.594000000000311
396.777000000000311
397.256000000000311
397.974000000000312
398.683000000000312
399.599000000000313
400.992000000000314
401.183000000000315
401.876000000000315
402.169000000000316
402.392000000000316
402.658000000000316
402.998000000000316
403.203000000000316
403.607000000000317
404.534000000000318
405.159000000000318
405.729000000000319
406.508000000000319
582.076000000000475
582.679000000000476
584.255000000000477
584.576000000000478
585.012000000000478
586.311000000000479
586.75500000000048
587.977000000000481
588.721000000000481
589.592000000000482
590.106000000000482
590.767000000000483
591.939000000000484
592.472000000000485
592.700000000000485
593.377000000000485
593.589000000000486
593.997000000000486
594.693000000000486
594.915000000000487
595.129000000000487
595.411000000000487
595.632000000000487
596.090000000000488
596.290000000000488
596.409000000000488
598.11100000000049
598.89000000000049
599.06600000000049
599.687000000000491
600.078000000000491
609.8350000000005
610.3270000000005
610.929000000000501
611.053000000000501
611.331000000000501
611.712000000000502
612.113000000000502
614.923000000000504
615.205000000000505
615.501000000000505
616.158000000000506
616.649000000000506
617.511000000000507
617.819000000000507
618.379000000000508
618.590000000000508
618.754000000000508
619.405000000000508
620.221000000000509
621.29900000000051
621.72500000000051
622.058000000000511
622.340000000000511
623.651000000000512
626.946000000000515
627.301000000000516
627.553000000000516
630.918000000000519
631.96400000000052
632.42300000000052
633.016000000000521
635.718000000000523
636.972000000000524
681.742000000000564
705.276000000000585
706.928000000000586
707.962000000000587
708.118000000000587
708.413000000000588
711.65300000000059
711.909000000000591
713.867000000000592
714.515000000000593
714.858000000000593
715.098000000000593
715.888000000000594
716.238000000000594
717.013000000000595
717.702000000000596
718.787000000000597
720.555000000000598
726.626000000000604
727.004000000000604
727.354000000000604
728.237000000000605
729.075000000000606
729.218000000000606
730.568000000000607
730.978000000000608
732.737000000000609
733.34300000000061
735.281000000000611
736.373000000000612
736.541000000000612
736.683000000000613
737.354000000000613
768.151000000000641
769.311000000000642
770.901000000000643
773.555000000000645
786.004000000000656
802.461000000000671
890.073000000000749
890.77800000000075
894.030000000000752
894.486000000000753
895.801000000000754
897.117000000000755
897.432000000000755
900.160000000000758
901.054000000000759
901.535000000000759
903.03000000000076
903.627000000000761
903.822000000000761
904.780000000000762
905.479000000000762
906.580000000000764
909.605000000000766
910.183000000000767
910.738000000000767
911.382000000000768
911.720000000000768
912.333000000000769
914.17600000000077
914.596000000000771
915.336000000000771
915.663000000000772
917.800000000000773
918.112000000000774
918.408000000000774
920.717000000000776
921.983000000000777
922.255000000000777
922.661000000000778
924.000000000000779
924.374000000000779
924.84100000000078
925.47800000000078
925.68100000000078
926.024000000000781
988.360000000000836
989.156000000000837
989.426000000000837
990.404000000000838
992.45800000000084
993.20500000000084
994.435000000000842
995.032000000000842
996.349000000000843
998.025000000000845
999.079000000000846
999.380000000000846
999.614000000000846
999.863000000000846
1000.426000000000847
1000.814000000000847
1001.299000000000848
1001.465000000000848
1001.825000000000848
1002.195000000000848
1002.593000000000849
1002.948000000000849
1003.143000000000849
1003.57000000000085
1004.50400000000085
1005.468000000000851
1005.765000000000852
1006.048000000000852
1006.329000000000852
1006.718000000000852
1007.068000000000853
1007.251000000000853
1007.599000000000853
1007.706000000000853
1008.142000000000854
1011.834000000000857
1012.070000000000857
1012.594000000000858
1013.334000000000858
1013.849000000000859
1014.232000000000859
1014.591000000000859
1014.75500000000086
1024.67800000000087
1028.62500000000087
1029.11600000000087
1029.40500000000087
1031.09700000000087
1031.38000000000087
1032.28000000000088
1034.58200000000088
1035.18300000000088
1035.62100000000088
1035.75400000000088
1036.41000000000088
1036.69800000000088
1041.57700000000088
1042.23600000000088
1044.51200000000089
1045.13300000000089
1070.92600000000091
1074.67700000000091
1074.87800000000091
1081.41000000000092
1083.25900000000092
1085.21500000000092
1086.19100000000092
1086.40600000000092
1086.70400000000092
1087.07900000000092
1087.38900000000092
1088.30800000000092
1091.86300000000093
1092.26400000000093
1092.50700000000093
1092.71600000000093
1093.44800000000093
1093.74700000000093
1094.12700000000093
1094.42000000000093
1094.72100000000093
1094.91900000000093
1095.53400000000093
1098.95500000000093
1099.40000000000093
1099.71900000000094
1099.96800000000094
1100.32900000000094
1100.51600000000094
1128.21600000000096
1128.71500000000096
1346.79100000000115
1346.94200000000115
1348.29400000000116
1354.75600000000116
1355.54400000000116
1355.92700000000116
1356.07700000000116
1357.76300000000116
1359.29800000000117
1359.61200000000117
1359.83800000000117
1359.98000000000117
1360.44600000000117
1360.61100000000117
1360.92000000000117
1362.32800000000117
1363.05300000000117
1363.55800000000117
1363.85200000000117
1364.11800000000117
1364.36500000000117
1364.74100000000117
1365.62100000000117
1365.88300000000117
1366.09300000000117
1366.29800000000117
1366.51600000000117
1366.73700000000117
1367.35400000000117
1367.61700000000117
1369.34500000000117
1371.15900000000118
1371.30500000000118
1374.33400000000118
1374.66200000000118
1828.43600000000158
1829.13400000000158
1830.65100000000158
1831.09100000000158
1832.66200000000159
1837.21300000000159
1840.54500000000159
1841.86300000000159
1863.39200000000161
1865.88300000000162
1867.07900000000162
1868.15000000000162
2010.37600000000174
2011.85900000000175
2013.56500000000175
2015.73500000000175
2020.91100000000175
2021.59000000000175
2022.13200000000175
2024.17300000000176
2024.71300000000176
2024.94500000000176
2025.50500000000176
2025.85700000000176
2026.46500000000176
2026.65400000000176
2027.64600000000176
2027.91500000000176
2028.81400000000176
2029.79500000000176
2030.25200000000176
2031.58400000000176
2032.46700000000176
2033.34200000000176
2033.71400000000176
2036.15800000000177
2036.48100000000177
2036.82800000000177
2037.53900000000177
2037.80600000000177
2038.05200000000177
2039.26900000000177
2042.72000000000177
2043.08800000000177
2043.25100000000177
2044.27800000000177
2044.77000000000177
2045.11700000000177
2045.43800000000178
2046.80600000000178
2047.36900000000178
2050.76500000000147
2051.35100000000141
2051.67200000000137
2052.23600000000131
2052.49200000000128
2052.70400000000126
2052.86000000000124
2053.13400000000121
2053.40800000000118
2053.78100000000114
2054.1350000000011
2057.33700000000075
2057.66000000000071
2238.91499999998075
2288.91599999997524
2296.52499999997441
2297.07799999997435
2510.51399999995084
2514.4769999999504
2515.10699999995033
2515.71099999995027
2517.54599999995006
2518.91999999994991
2522.56499999994951
2524.34899999994932
2525.96799999994914
2526.3399999999491
2527.179999999949
2531.89099999994848
2532.58299999994841
2533.21099999994834
2533.73799999994828
2535.06299999994814
2546.03999999994693
2547.35799999994678
2552.23299999994624
2552.71099999994619
2553.87799999994606
2555.02399999994594
2555.63299999994587
2555.87599999994584
2556.88999999994573
2557.40799999994567
2558.9959999999455
2559.28599999994547
2560.34899999994535
2560.63999999994532
2561.63999999994521
2562.07599999994516
2563.515999999945
2564.17699999994493
2567.24399999994459
2567.43199999994457
2568.54099999994445
2568.89299999994441
2569.03299999994439
2569.18599999994438
2569.79199999994431
2570.21999999994426
2570.88699999994419
2571.48499999994412
2573.29399999994392
2573.57099999994389
2573.90799999994386
2586.30799999994249
2587.25999999994239
2587.91999999994231
2588.26899999994228
2611.08099999993976
2652.5469999999352
2653.4029999999351
2695.71799999993044
2696.46999999993036
2696.93399999993031
2697.06799999993029
2697.56199999993024
2699.50099999993002
2699.96399999992997
2700.47599999992992
2701.97699999992975
2702.4439999999297
2702.99599999992964
2704.95699999992942
2707.32599999992916
2707.8619999999291
2708.49699999992903
2708.63699999992902
2708.89099999992899
2710.77599999992878
2711.75099999992868
2711.88999999992866
2712.53199999992859
2712.96099999992854
2713.12299999992852
2713.78399999992845
2714.11699999992842
2714.93999999992832
2717.852999999928
2718.94599999992788
2719.41499999992783
2720.6129999999277
2722.54999999992749
2722.98399999992744
2723.26699999992741
2723.48199999992738
2723.78699999992735
2723.97299999992733
2725.92199999992712
2726.22599999992708
2726.70999999992703
2726.84499999992701
2727.69599999992692
2727.98199999992689
2729.25299999992675
2731.63199999992649
2731.76899999992647
2732.46199999992639
2732.85999999992635
2734.57399999992616
2735.39499999992607
2735.78999999992603
2736.000999999926
2736.25299999992598
2736.9129999999259
2737.81199999992581
2738.58599999992572
2759.01599999992347
2760.16499999992334
2760.47899999992331
2761.77399999992317
2765.02699999992281
2789.21699999992014
2790.09399999992005
2791.19499999991993
2791.63399999991988
2792.27199999991981
2793.2019999999197
2793.90199999991963
2798.74199999991909
2799.09699999991906
2800.5419999999189
2803.70499999991855
2804.19899999991849
2804.33699999991848
2804.68299999991844
2804.99399999991841
2805.29499999991837
2806.8389999999182
2807.7909999999181
2808.25599999991805
2809.76599999991788
2810.4539999999178
2810.75199999991777
2811.21899999991772
2811.91199999991764
2812.15399999991762
2813.10699999991751
2814.38999999991737
2814.96799999991731
2816.70199999991712
2818.23299999991695
2819.14299999991685
2819.72999999991678
2820.02099999991675
2820.34299999991672
2820.55399999991669
2820.75699999991667
2821.09099999991663
2821.70399999991657
2822.02199999991653
2822.74699999991645
2822.87499999991644
2823.51999999991637
2824.39199999991627
2824.89799999991621
2825.44899999991615
2828.23199999991585
2828.96599999991577
2829.10099999991575
2829.43899999991571
2830.22499999991563
2830.60399999991559
2830.97799999991554
2831.3679999999155
2831.56199999991548
2831.95699999991544
2837.41299999991484
2867.75099999991149
2869.22499999991133
2872.56499999991096
2873.41599999991087
2874.65299999991073
2876.70099999991051
2879.45799999991021
2882.52899999990987
2883.66699999990974
2886.00299999990948
2886.40899999990944
2886.7419999999094
2890.17499999990902
2890.61299999990898
2890.82699999990895
2891.20999999990891
2891.87499999990884
2892.1819999999088
2892.55999999990876
2893.1649999999087
2894.66699999990853
2895.41199999990845
2895.97799999990839
2896.49499999990833
2898.86999999990807
2899.13799999990804
2899.31999999990802
2900.01099999990794
2900.3539999999079
2900.69699999990787
2901.12499999990782
2902.37899999990768
2903.06499999990761
2903.37599999990757
2903.52399999990756
2903.73599999990753
2903.91199999990751
2904.19099999990748
2904.48899999990745
2906.82799999990719
2907.6119999999071
2908.04899999990706
2908.91599999990696
2909.40899999990691
2909.59599999990689
2909.81299999990686
2910.31999999990681
2910.59399999990678
2910.73899999990676
2910.90299999990674
2911.07099999990672
2911.2929999999067
2911.42699999990668
2911.75299999990665
2912.04699999990662
2912.55399999990656
2913.91699999990641
2914.42599999990635
2915.20699999990627
2915.50499999990624
2915.7889999999062
2916.7309999999061
2917.01099999990607
2917.45899999990602
3160.32799999987927
3166.02399999987864
3205.58099999987429
3354.69799999985787
3356.1539999998577
3359.8379999998573
3360.40299999985724
3360.64299999985721
3361.6899999998571
3361.84299999985708
3361.99999999985706
3363.62799999985688
3363.96899999985684
3364.3659999998568
3365.17899999985671
3365.66999999985666
3365.89499999985663
3366.30899999985659
3499.06199999984197
3499.52499999984191
3505.52099999984125
3508.12199999984097
3511.14899999984063
3512.12099999984053
3513.05699999984042
3517.38799999983995
3518.10199999983987
3519.31199999983974
3520.01299999983966
3521.02399999983955
3521.58799999983948
3521.73399999983947
3521.89899999983945
3522.3509999998394
3523.12699999983932
3524.33899999983918
3525.24899999983908
3525.83899999983902
3526.24599999983897
3526.58699999983893
3526.83999999983891
3527.16499999983887
3527.52199999983883
3529.30999999983863
3530.04699999983855
3531.24199999983842
3531.74099999983837
3531.89599999983835
3532.3579999998383
3533.72999999983815
3534.26399999983809
3534.82699999983803
3535.65399999983794
3536.70899999983782
3536.8829999998378
3537.41799999983774
3538.08399999983767
3538.53799999983762
3538.6889999998376
3539.19399999983755
3539.52299999983751
3539.95699999983746
3540.5129999998374
3541.09599999983734
3541.36999999983731
3541.65899999983727
3556.20499999983567
3568.06499999983437
3568.86699999983428
3574.22199999983369
3575.84599999983351
3579.16699999983314
3588.6169999998321
3594.1219999998315
3595.56099999983134
3601.18799999983072
3604.16299999983039
3605.21099999983028
3608.08599999982996
3610.82899999982966
3614.9619999998292
3618.46899999982882
3626.08599999982798
3628.32899999982773
3634.975999999827
3647.05799999982567
3650.18699999982532
3651.39899999982519
3651.86699999982514
3652.1579999998251
3653.22999999982499
3659.4409999998243
3661.09199999982412
3663.72999999982383
3665.00799999982369
3665.34199999982365
3665.7919999998236
3666.7719999998235
3666.91399999982348
3667.51199999982341
3667.82699999982338
3668.14799999982334
3669.32599999982321
3669.82499999982316
3670.63199999982307
3671.17499999982301
3671.61099999982296
3672.93599999982282
3675.17299999982257
3676.03399999982248
3676.28199999982245
3676.81399999982239
3677.74799999982229
3678.75899999982218
3679.06399999982214
3681.20499999982191
3686.65099999982131
3688.02799999982115
3688.73999999982108
3689.434999999821
3689.71699999982097
3690.42599999982089
3690.78399999982085
3691.62399999982076
3693.59499999982054
3695.40999999982034
3695.69399999982031
3695.90399999982029
3696.90199999982018
3697.47099999982011
3698.40599999982001
3699.00099999981995
3699.96099999981984
3700.16299999981982
3700.2939999998198
3700.47199999981978
3701.89299999981963
3721.81399999981743
3723.65999999981723
3723.9619999998172
3724.43599999981714
3724.77999999981711
3730.22999999981651
3731.58599999981636
3797.59699999980909
3799.77699999980885
3800.47599999980877
3800.89499999980872
3801.19399999980869
3801.36699999980867
3801.49199999980866
3802.45999999980855
3803.8369999998084
3804.21599999980836
3808.92699999980784
3809.3049999998078
3809.54499999980777
3809.86799999980774
3851.41099999980316
3852.07799999980309
3853.02299999980298
3855.14099999980275
3858.75999999980235
3859.16699999980231
3887.61299999979917
4180.6259999997669
4181.43599999976681
4184.23199999976651
5418.09499999963062
24
-1
10.3740000000000002
60.8310000000000124
112.3250000000000581
135.592000000000079
151.678000000000093
182.731000000000121
222.225000000000156
309.565000000000233
380.327000000000296
405.730000000000319
600.079000000000491
681.743000000000564
786.005000000000656
926.025000000000781
1014.75600000000086
1100.51700000000094
1868.15100000000162
2057.66100000000071
2588.26999999994228
2738.58699999992572
2837.41399999991484
2917.45999999990602
3556.20599999983567
3701.89399999981963
0
0
5000
0
0
0
0
7200
0
0
0
0
0
25
0
5501.99499999962137
1800.00000000000156
1800
0
73
0
1
4
7
10
13
16
19
22
25
28
31
34
37
40
43
46
49
52
55
58
61
64
67
70
73
76
79
82
85
88
91
94
97
100
103
106
109
112
115
118
121
124
127
130
133
136
139
142
145
148
151
154
157
160
163
166
169
172
175
178
181
184
187
190
193
196
199
202
205
208
211
214
217
220
223
226
229
232
235
238
241
244
247
250
253
256
259
262
265
268
271
274
277
280
283
286
289
292
295
298
301
304
307
310
313
316
319
322
325
328
331
334
337
340
343
346
349
352
355
358
361
364
367
370
373
376
379
382
385
388
391
394
397
400
403
406
409
412
415
418
421
424
427
430
433
436
439
442
445
448
451
454
457
460
463
466
469
472
475
478
481
484
487
490
493
496
499
502
505
508
511
514
517
520
523
526
529
532
535
538
541
544
547
550
