12
09
19
12
09
19
cPPR1.11
PR3_day2.1
0
1
10
41
13
11
52
00
23
3
.3
1
147
1
10
1
1
1
1
1
1
1
1
1
1
1
1
1
1
1
1
1
1
1
1
1
184
146
-1
1.25700000000000001
2.58000000000000004
4.79000000000000009
5.13600000000000009
17.4199999999999991
46.0669999999999993
47.0520000000000001
74.1090000000000242
80.7610000000000301
81.1610000000000304
81.4840000000000307
101.0200000000000481
101.3350000000000484
103.2890000000000501
103.3880000000000502
103.6090000000000504
130.151000000000074
131.750000000000075
132.271000000000076
134.407000000000078
134.885000000000078
159.0090000000001
159.1920000000001
184.585000000000122
186.030000000000124
188.440000000000126
217.801000000000152
218.087000000000152
218.372000000000152
218.806000000000153
220.087000000000154
267.566000000000196
268.847000000000197
269.507000000000198
316.003000000000239
317.08700000000024
325.366000000000247
392.046000000000307
394.620000000000309
398.863000000000313
400.527000000000314
400.923000000000314
401.017000000000315
402.112000000000316
425.543000000000336
425.938000000000337
427.212000000000338
427.925000000000338
433.183000000000343
433.439000000000343
433.929000000000344
434.075000000000344
480.807000000000385
511.803000000000413
544.751000000000442
572.842000000000467
581.235000000000475
583.882000000000477
584.912000000000478
616.716000000000506
616.968000000000506
618.549000000000508
619.720000000000509
647.264000000000533
650.223000000000536
680.438000000000563
680.682000000000563
682.152000000000564
683.757000000000566
685.173000000000567
748.684000000000623
749.722000000000624
777.006000000000648
777.277000000000649
794.984000000000664
805.992000000000674
806.159000000000674
809.035000000000677
810.989000000000679
870.698000000000732
871.099000000000732
904.059000000000761
904.929000000000762
906.307000000000763
1232.88600000000105
1234.87300000000106
1239.33900000000106
1340.56900000000115
1342.86600000000115
1403.7230000000012
1426.66500000000123
1436.72800000000123
1443.17900000000124
1445.22400000000124
1445.38000000000124
1445.89100000000124
1547.78400000000133
1561.17200000000134
1582.23500000000136
1583.08500000000136
1585.30100000000137
1645.24100000000142
1752.49500000000151
1752.97100000000152
1758.15400000000152
1796.13300000000155
1798.90400000000156
1802.32000000000156
1822.11700000000158
1826.42800000000158
1857.38200000000161
1858.48900000000161
1859.67200000000161
1861.85800000000161
1864.58200000000161
1865.03600000000161
2033.10800000000176
2250.09099999997952
2252.16999999997929
2387.04499999996444
2396.54899999996339
2400.9909999999629
2411.25899999996177
2442.38999999995834
2486.3599999999535
2489.72099999995313
2493.81199999995268
2521.22899999994966
2524.56499999994929
2526.58399999994907
2562.69499999994509
2572.595999999944
2578.16299999994339
2729.81899999992669
2736.51299999992595
2920.99499999990563
2925.14699999990517
2938.14999999990374
2986.16899999989845
3045.59399999989191
3048.58499999989158
3051.42599999989127
3098.3369999998861
3117.73899999988396
3190.70799999987593
3193.00699999987567
9
-1
1.25800000000000001
74.1100000000000242
103.3890000000000502
188.441000000000126
394.621000000000309
572.843000000000467
794.985000000000664
1547.78500000000133
2400.9919999999629
0
0
5000
0
0
0
0
7200
0
0
0
0
0
10
0
4201.09299999976465
1800.00000000000156
1800
0
28
0
1
4
7
10
13
16
19
22
25
28
31
34
37
40
43
46
49
52
55
58
61
64
67
70
73
76
79
82
85
88
91
94
97
100
103
106
109
112
115
118
121
124
127
130
133
136
139
142
145
148
151
154
157
160
163
166
169
172
175
178
181
184
187
190
193
196
199
202
205
208
211
214
217
220
223
226
229
232
235
238
241
244
247
250
253
256
259
262
265
268
271
274
277
280
283
286
289
292
295
298
301
304
307
310
313
316
319
322
325
328
331
334
337
340
343
346
349
352
355
358
361
364
367
370
373
376
379
382
385
388
391
394
397
400
403
406
409
412
415
418
421
424
427
430
433
436
439
442
445
448
451
454
457
460
463
466
469
472
475
478
481
484
487
490
493
496
499
502
505
508
511
514
517
520
523
526
529
532
535
538
541
544
547
550
