12
18
19
12
18
19
cPPR1.10
PR3_day2.6
0
4
9
06
12
11
07
25
23
3
.3
1
1553
1
33
1
1
1
1
1
1
1
1
1
1
1
1
1
1
1
1
1
1
1
1
1
184
1552
-1
3.24700000000000005
10.4500000000000002
11.30000000000000022
34.6799999999999892
60.415000000000012
99.0010000000000463
101.4840000000000485
109.1640000000000553
109.992000000000056
110.5020000000000565
111.032000000000057
111.8140000000000577
132.117000000000076
138.916000000000082
140.090000000000083
141.249000000000084
142.644000000000085
143.160000000000086
148.10400000000009
148.953000000000091
157.074000000000098
160.421000000000101
169.376000000000109
170.58200000000011
193.31200000000013
198.473000000000135
206.069000000000141
255.408000000000185
257.965000000000187
259.473000000000189
260.182000000000189
261.06100000000019
261.941000000000191
262.142000000000191
294.61200000000022
303.830000000000228
314.936000000000238
340.245000000000261
342.719000000000263
344.217000000000264
347.832000000000267
348.479000000000268
375.606000000000292
376.962000000000293
377.480000000000294
378.163000000000294
386.423000000000302
400.040000000000314
405.766000000000319
406.509000000000319
412.017000000000324
479.075000000000384
487.467000000000391
488.254000000000392
492.744000000000396
498.252000000000401
501.479000000000404
502.632000000000405
514.062000000000415
516.500000000000417
522.583000000000422
523.574000000000423
525.934000000000425
526.667000000000426
533.442000000000432
535.188000000000434
535.913000000000434
538.547000000000437
545.659000000000443
551.749000000000448
559.798000000000456
563.160000000000458
576.15100000000047
576.978000000000471
578.393000000000472
580.302000000000474
580.825000000000474
582.456000000000476
584.879000000000478
587.27400000000048
588.669000000000481
589.377000000000482
619.070000000000508
619.551000000000509
635.266000000000523
639.894000000000527
641.694000000000528
648.717000000000534
650.125000000000536
652.571000000000538
664.376000000000548
665.479000000000549
678.389000000000561
686.385000000000568
687.002000000000568
718.439000000000596
723.648000000000601
724.498000000000602
731.184000000000608
733.27200000000061
734.468000000000611
735.339000000000611
737.149000000000613
739.302000000000615
739.836000000000615
740.755000000000616
741.676000000000617
747.340000000000622
748.153000000000623
751.729000000000626
755.77800000000063
758.772000000000632
777.484000000000649
780.612000000000652
782.457000000000653
785.174000000000656
785.662000000000656
809.139000000000677
814.614000000000682
828.063000000000694
829.484000000000695
837.136000000000702
841.045000000000705
842.009000000000706
847.058000000000711
851.832000000000715
860.036000000000722
860.772000000000723
862.577000000000724
864.698000000000726
868.159000000000729
872.312000000000733
873.423000000000734
880.18700000000074
881.304000000000741
882.944000000000742
887.832000000000747
890.92500000000075
896.150000000000754
897.960000000000756
898.876000000000757
903.394000000000761
904.713000000000762
907.290000000000764
913.229000000000769
922.680000000000778
925.40500000000078
932.797000000000787
940.070000000000793
941.823000000000795
942.476000000000795
949.849000000000802
950.984000000000803
954.139000000000806
955.713000000000807
956.731000000000808
963.006000000000814
964.113000000000815
964.760000000000815
966.458000000000817
969.180000000000819
971.057000000000821
994.827000000000842
999.734000000000846
1001.901000000000848
1005.978000000000852
1007.367000000000853
1015.68300000000086
1028.72400000000087
1031.95900000000087
1033.17200000000088
1037.44400000000088
1040.43200000000088
1042.74400000000088
1047.98900000000089
1050.78700000000089
1061.1840000000009
1062.4000000000009
1067.74000000000091
1081.84700000000092
1082.94900000000092
1085.60000000000092
1086.31800000000092
1090.65500000000093
1093.78000000000093
1095.72100000000093
1102.68900000000094
1105.30400000000094
1106.08200000000094
1107.81400000000094
1110.25700000000094
1110.95300000000094
1111.86800000000095
1112.79300000000095
1113.33600000000095
1114.31300000000095
1116.39500000000095
1118.89000000000095
1122.51800000000096
1122.90100000000096
1123.64700000000096
1126.40200000000096
1132.31500000000096
1133.60200000000097
1138.95600000000097
1140.32100000000097
1141.36700000000097
1142.79300000000097
1145.04800000000098
1154.70900000000098
1165.41600000000099
1233.85700000000105
1239.77000000000106
1241.90100000000106
1242.84500000000106
1243.53100000000106
1247.57300000000107
1255.19500000000107
1262.52000000000108
1267.06000000000108
1268.22700000000108
1271.82400000000109
1273.74900000000109
1279.32200000000109
1288.3100000000011
1299.87600000000111
1300.86800000000111
1304.00400000000112
1307.29700000000112
1314.85600000000113
1316.32500000000113
1319.12000000000113
1320.77900000000113
1326.81900000000114
1327.96800000000114
1333.81700000000114
1335.01200000000114
1338.01400000000115
1342.73200000000115
1347.12600000000115
1348.70600000000116
1358.32800000000116
1360.35800000000117
1362.08000000000117
1363.36900000000117
1366.46200000000117
1374.77800000000118
1382.45700000000119
1409.38700000000121
1410.33800000000121
1418.33200000000122
1422.52500000000122
1433.18000000000123
1441.82100000000124
1445.67000000000124
1447.76500000000124
1449.32500000000125
1451.96400000000125
1463.07300000000126
1466.94900000000126
1476.06700000000127
1477.58200000000127
1479.28900000000127
1483.72700000000128
1494.15500000000129
1495.04200000000129
1497.12200000000129
1497.43600000000129
1498.45000000000129
1509.8180000000013
1511.8410000000013
1515.0460000000013
1520.75100000000131
1521.45700000000131
1523.57800000000131
1526.14700000000131
1527.72000000000132
1528.39400000000132
1530.27400000000132
1532.32800000000132
1533.43800000000132
1535.78800000000132
1537.09000000000132
1538.14400000000132
1538.61700000000132
1542.19500000000133
1544.29700000000133
1558.72100000000134
1559.86400000000134
1560.75600000000134
1610.36000000000139
1611.31900000000139
1614.15200000000139
1614.84800000000139
1616.43900000000139
1618.7520000000014
1635.44500000000141
1641.42500000000142
1642.37400000000142
1649.78200000000142
1653.95900000000143
1655.72000000000143
1663.49900000000144
1666.50300000000144
1670.25600000000144
1671.77300000000144
1679.27800000000145
1679.99700000000145
1685.62200000000146
1687.82000000000146
1699.15200000000147
1704.66600000000147
1705.62500000000147
1706.85700000000147
1714.72600000000148
1716.11600000000148
1723.23200000000149
1725.56700000000149
1726.72200000000149
1727.46900000000149
1728.78700000000149
1732.4650000000015
1733.6480000000015
1738.9430000000015
1747.76800000000151
1749.43700000000151
1751.13200000000151
1752.72600000000152
1763.89900000000152
1767.94300000000153
1782.57100000000154
1790.95400000000155
1795.34400000000155
1796.23700000000155
1797.30800000000155
1850.9430000000016
1851.8810000000016
1856.54100000000161
1863.18300000000161
1864.40300000000161
1865.99000000000162
1868.52900000000162
1870.80800000000162
1872.52800000000162
1875.50800000000162
1877.74000000000163
1880.71100000000163
1883.63200000000163
1890.83600000000164
1891.86300000000164
1893.10200000000164
1897.94800000000164
1899.96800000000165
1901.20200000000165
1903.31400000000165
1904.33100000000165
1910.23500000000165
1914.34300000000166
1918.78700000000166
1923.49500000000167
1925.10300000000167
1925.69600000000167
1926.87900000000167
1929.08200000000167
1929.66700000000167
1930.25200000000167
1940.28700000000168
1941.79500000000168
1942.59600000000168
1943.13500000000168
1946.86800000000169
1948.04100000000169
1949.65300000000169
1963.6560000000017
1969.28700000000171
1971.11800000000171
1985.10200000000172
2009.33000000000174
2010.04300000000174
2013.41600000000175
2013.96500000000175
2015.13900000000175
2023.17700000000176
2025.05000000000176
2026.34800000000176
2027.15900000000176
2027.74000000000176
2034.31200000000177
2039.97300000000177
2042.18000000000177
2043.33000000000177
2044.27600000000177
2047.05400000000178
2047.86100000000178
2049.36900000000163
2050.67100000000148
2055.12900000000099
2056.17400000000088
2058.21200000000065
2059.43400000000052
2059.94800000000046
2061.53300000000029
2062.2870000000002
2066.91199999999969
2068.00399999999957
2070.69199999999928
2071.57099999999918
2072.45299999999908
2076.36599999999865
2077.14599999999857
2081.49099999999809
2083.1639999999979
2085.8949999999976
2086.99799999999748
2087.80999999999739
2090.72299999999707
2092.19699999999691
2094.44499999999666
2096.19999999999647
2102.55699999999577
2103.73599999999564
2104.45899999999556
2107.33299999999524
2108.35699999999513
2109.30399999999503
2116.56099999999423
2128.51999999999291
2129.21399999999283
2131.59499999999257
2132.71199999999245
2136.32099999999205
2137.19199999999195
2148.37599999999072
2149.4689999999906
2196.14799999998546
2197.30499999998533
2202.90799999998472
2203.49599999998465
2204.07699999998459
2205.32299999998445
2207.17099999998425
2211.01599999998382
2212.93899999998361
2213.85399999998351
2216.04099999998327
2218.05599999998305
2218.98499999998295
2219.98399999998284
2220.65699999998276
2221.92199999998262
2222.52099999998256
2222.89999999998251
2229.45099999998179
2231.58599999998156
2232.1109999999815
2237.07599999998095
2237.35699999998092
2245.02399999998008
2246.25199999997994
2251.31899999997938
2263.32899999997806
2267.4929999999776
2298.30299999997421
2301.58799999997385
2303.53599999997363
2313.54199999997253
2318.75699999997196
2319.78199999997184
2322.36399999997156
2323.64999999997142
2325.6089999999712
2330.56699999997066
2331.45799999997056
2339.2889999999697
2340.77999999996953
2343.09099999996928
2344.50499999996912
2355.96999999996786
2356.67899999996778
2384.02299999996477
2384.76099999996469
2393.89599999996368
2397.58799999996328
2400.25799999996298
2402.24099999996276
2403.35099999996264
2410.85399999996181
2411.78099999996171
2417.04899999996113
2418.45899999996098
2423.16999999996046
2423.84699999996038
2425.13299999996024
2432.67999999995941
2433.94199999995927
2434.5779999999592
2435.13199999995914
2435.83899999995906
2437.3369999999589
2438.12599999995881
2439.62399999995865
2440.89699999995851
2441.42099999995845
2443.81699999995818
2444.65999999995809
2445.15399999995804
2447.75799999995775
2457.2609999999567
2458.31899999995659
2461.26699999995626
2462.42999999995613
2464.15599999995594
2468.43299999995547
2469.78199999995532
2473.35299999995493
2474.62899999995479
2475.22399999995473
2476.65799999995457
2477.03899999995453
2478.1389999999544
2479.81899999995422
2483.41499999995382
2483.98499999995376
2485.23299999995362
2486.93799999995344
2487.54899999995337
2489.50699999995315
2490.37499999995306
2494.4989999999526
2495.31299999995251
2499.88599999995201
2504.62999999995149
2513.5969999999505
2516.2829999999502
2517.10099999995011
2548.24599999994668
2556.41199999994578
2558.01199999994561
2592.99099999994176
2593.96699999994165
2597.54499999994125
2599.06499999994109
2600.49599999994093
2605.44199999994038
2608.26599999994007
2612.67799999993959
2613.56599999993949
2616.05999999993921
2616.96199999993912
2631.81999999993748
2633.95399999993724
2636.59999999993695
2640.11599999993657
2643.52099999993619
2644.58599999993607
2645.88799999993593
2647.1049999999358
2650.39099999993543
2650.7229999999354
2651.49399999993531
2652.41499999993521
2653.85699999993505
2654.40499999993499
2655.06899999993492
2658.76099999993451
2659.05399999993448
2662.07399999993415
2663.04299999993404
2666.19199999993369
2666.74699999993363
2668.54999999993343
2674.18299999993281
2674.99599999993272
2676.1519999999326
2677.48699999993245
2680.13699999993216
2681.17999999993204
2681.76599999993198
2688.57399999993123
2690.680999999931
2691.17099999993094
2692.4299999999308
2693.18399999993072
2694.05199999993062
2696.1329999999304
2696.67699999993034
2699.46599999993003
2700.04099999992997
2700.84799999992988
2703.27299999992961
2712.49399999992859
2763.87299999992294
2767.11799999992258
2771.87799999992205
2775.18699999992169
2776.25499999992157
2777.40299999992144
2778.6889999999213
2779.52099999992121
2783.69299999992075
2784.10299999992071
2786.8819999999204
2787.8199999999203
2788.57799999992021
2790.88299999991996
2791.99399999991984
2792.39999999991979
2795.0939999999195
2811.51099999991769
2812.45699999991758
2813.16999999991751
2816.01099999991719
2817.03399999991708
2818.98099999991687
2820.29499999991672
2826.98199999991598
2828.13099999991586
2830.99499999991554
2832.03499999991543
2832.73799999991535
2834.63499999991514
2836.47199999991494
2841.13599999991443
2842.2669999999143
2846.10099999991388
2850.77199999991336
2851.59099999991327
2853.05099999991311
2857.16499999991266
2859.5479999999124
2860.52699999991229
2862.70899999991205
2885.56799999990953
2890.65599999990897
2893.52199999990866
2894.9549999999085
2897.06699999990827
2898.30599999990813
2899.40999999990801
2899.86699999990796
2901.06299999990783
2902.1649999999077
2904.18799999990748
2908.30499999990703
2909.26899999990692
2931.84999999990444
2935.14799999990407
2936.38099999990394
2941.64399999990336
2947.37999999990272
2950.86699999990234
2959.80799999990136
2986.38099999989843
3021.06199999989461
3025.00599999989418
3027.66199999989388
3028.50799999989379
3033.98599999989319
3036.70899999989289
3037.31299999989282
3050.15099999989141
3067.86199999988946
3083.10499999988778
3085.88999999988747
3088.68699999988716
3089.46199999988708
3145.96399999988085
3148.89499999988053
3151.20899999988028
3154.44299999987992
3158.95999999987942
3159.73199999987934
3161.68999999987912
3165.5159999998787
3189.58699999987605
3192.22999999987576
3193.59299999987561
3198.35499999987508
3207.42599999987408
3207.80999999987404
3208.41199999987398
3211.77699999987361
3213.10899999987346
3214.72999999987328
3218.42199999987287
3219.93999999987271
3221.33999999987255
3222.20999999987246
3234.13999999987114
3235.30899999987101
3236.89099999987084
3237.55199999987077
3240.19199999987048
3241.02499999987038
3241.94199999987028
3243.25899999987014
3244.24199999987003
3245.64099999986988
3251.99499999986918
3253.06999999986906
3254.31899999986892
3255.35199999986881
3256.48899999986868
3257.35199999986859
3257.88999999986853
3258.83499999986842
3262.41799999986803
3263.01999999986796
3263.81499999986787
3264.66499999986778
3268.34599999986738
3269.10499999986729
3269.62099999986724
3270.75199999986711
3273.38999999986682
3282.73199999986579
3349.32799999985846
3350.37799999985834
3352.95399999985806
3354.03599999985794
3358.25399999985747
3363.22499999985693
3370.23199999985615
3371.84599999985598
3377.9809999998553
3382.57999999985479
3383.53799999985469
3384.29299999985461
3385.85599999985443
3386.94199999985431
3388.55699999985414
3389.24499999985406
3390.51999999985392
3391.09799999985386
3391.95999999985376
3395.76999999985334
3396.98999999985321
3397.86799999985311
3399.44499999985294
3401.45799999985272
3405.67399999985225
3406.26099999985219
3412.86099999985146
3413.66799999985137
3414.3229999998513
3416.66599999985104
3421.99899999985045
3423.20099999985032
3424.64899999985016
3427.98099999984979
3430.30499999984954
3431.82499999984937
3433.66999999984917
3435.36299999984898
3437.60199999984873
3438.28599999984866
3441.69399999984828
3442.36399999984821
3443.62399999984807
3446.01099999984781
3448.31599999984755
3451.76199999984718
3452.4009999998471
3460.25699999984624
3460.99899999984616
3462.423999999846
3462.92799999984595
3463.71099999984586
3466.20299999984558
3466.9579999998455
3467.43699999984545
3468.62799999984532
3469.34399999984524
3475.34699999984458
3476.60699999984444
3478.65399999984421
3479.6389999998441
3480.16599999984405
3480.95999999984396
3482.24899999984382
3483.3069999998437
3484.17499999984361
3492.89199999984265
3522.73699999983936
3547.17399999983667
3548.08899999983657
3549.42199999983642
3552.69099999983606
3558.18399999983545
3559.71999999983529
3561.12599999983513
3577.88199999983328
3579.30199999983313
3580.21199999983303
3581.86299999983285
3588.83299999983208
3590.26599999983192
3594.14199999983149
3597.38599999983114
3597.81699999983109
3599.4989999998309
3607.71099999983
3608.28299999982994
3612.02999999982952
3613.45099999982937
3618.42999999982882
3668.18399999982334
3669.4809999998232
3671.60399999982296
3673.0939999998228
3674.36099999982266
3707.32799999981903
3714.72799999981821
3715.22799999981816
3727.43899999981681
3730.85099999981644
3733.13399999981619
3733.64799999981613
3734.91799999981599
3738.20899999981563
3739.94099999981544
3741.08899999981531
3741.95199999981522
3742.71199999981513
3743.48199999981505
3744.14199999981497
3747.48999999981461
3747.99199999981455
3749.20299999981442
3750.2359999998143
3750.99499999981422
3755.08399999981377
3755.86899999981368
3758.35499999981341
3758.68599999981337
3760.13999999981321
3764.49499999981273
3765.49499999981262
3768.66599999981227
3772.9369999998118
3773.63099999981173
3774.47499999981163
3775.53599999981152
3793.76999999980951
3794.35899999980944
3803.60299999980843
3804.90299999980828
3805.59899999980821
3809.57099999980777
3811.0859999998076
3812.84699999980741
3813.91599999980729
3826.62199999980589
3827.04499999980584
3890.28199999979888
3891.9449999997987
3893.88299999979848
3895.71999999979828
3896.38599999979821
3920.19299999979558
3920.88299999979551
3921.8539999997954
3927.74699999979475
3931.94699999979429
3933.61299999979411
3935.00899999979395
3937.56499999979367
3939.22899999979349
3944.88299999979287
3947.79199999979255
3949.48299999979236
3959.22699999979129
3961.58699999979103
3964.43599999979071
3971.90899999978989
3973.14299999978975
3974.46999999978961
3976.23799999978941
3977.10399999978932
3989.54999999978795
3990.22499999978787
3992.54799999978762
3994.5409999997874
3996.02199999978723
3996.52299999978718
3997.01799999978712
3998.89699999978692
3999.52699999978685
4000.91899999978669
4001.66999999978661
4001.98599999978658
4003.24599999978644
4004.01199999978635
4007.03799999978602
4009.9309999997857
4080.38499999977794
4081.7069999997778
4084.28899999977751
4086.34099999977729
4087.33999999977718
4089.12999999977698
4089.8669999997769
4100.00799999977578
4104.48099999977529
4105.81499999977514
4107.53799999977495
4111.10999999977456
4112.78799999977437
4115.47099999977408
4116.48999999977397
4124.92199999977304
4127.24299999977278
4128.56399999977264
4129.43299999977254
4131.26199999977234
4145.33399999977079
4146.65999999977064
4148.61199999977043
4149.69099999977031
4151.90399999977007
4155.11899999976971
4156.90999999976951
4158.70899999976932
4162.36999999976891
4164.22199999976871
4203.3529999997644
4204.30499999976429
4205.94999999976411
4206.85699999976401
4216.13299999976299
4220.15599999976255
4222.86299999976225
4271.98499999975684
4314.93799999975211
4315.85899999975201
4319.5509999997516
4322.68299999975126
4324.71599999975103
4325.9619999997509
4327.20999999975076
4328.16599999975065
4328.71499999975059
4330.34999999975041
4335.14399999974988
4335.96799999974979
4343.65599999974895
4346.59399999974862
4348.89999999974837
4351.81699999974805
4365.68199999974652
4368.5929999997462
4369.18799999974614
4369.85799999974606
4372.68699999974575
4374.49899999974555
4376.02999999974538
4378.98699999974506
4383.46699999974456
4384.19399999974448
4385.72799999974431
4387.40199999974413
4388.536999999744
4389.08399999974394
4390.3969999997438
4401.39399999974259
4403.0869999997424
4405.8609999997421
4406.98999999974197
4410.86699999974154
4413.32499999974127
4416.46499999974093
4420.17799999974052
4427.94999999973966
4429.72299999973947
4471.34499999973488
4472.65999999973474
4474.04199999973459
4475.65799999973441
4478.73699999973407
4479.363999999734
4480.09599999973392
4483.22699999973358
4486.00699999973327
4489.3999999997329
4492.9609999997325
4500.40599999973168
4502.63999999973144
4505.53799999973112
4507.32699999973092
4509.26599999973071
4510.2469999997306
4510.74599999973054
4530.68899999972835
4534.10799999972797
4534.50199999972793
4541.9799999997271
4542.83199999972701
4551.69299999972604
4613.96999999971918
4616.32499999971892
4617.25599999971881
4665.5329999997135
4666.20299999971342
4670.69499999971293
4671.33999999971286
4672.03299999971278
4673.55299999971261
4681.8569999997117
4725.4719999997069
4730.8579999997063
4737.49599999970557
4738.37099999970548
4739.62299999970534
4741.50199999970513
4742.658999999705
4744.23299999970483
4745.01799999970474
4746.13699999970462
4750.36599999970415
4753.13699999970385
4755.21099999970362
4756.35799999970349
4757.39299999970338
4758.55199999970325
4764.95299999970255
4765.75699999970246
4766.3369999997024
4772.35999999970173
4772.77399999970169
4773.80699999970157
4776.2949999997013
4778.76299999970103
4780.54799999970083
4781.63099999970071
4782.6869999997006
4784.65399999970038
4789.0159999996999
4789.61299999969983
4790.99699999969968
4792.41899999969952
4793.4949999996994
4794.11999999969934
4795.00699999969924
4796.43299999969908
4798.30299999969888
4799.04699999969879
4800.45299999969864
4802.22199999969844
4810.17999999969757
4812.18099999969735
4814.15699999969713
4960.70599999968099
4974.73899999967944
4982.67199999967857
4984.59299999967836
4999.00499999967677
5011.66299999967538
5016.27599999967487
5017.7999999996747
5018.45399999967463
5021.3979999996743
5033.86399999967293
5035.16699999967279
5036.8749999996726
5037.55099999967253
5038.29899999967244
5043.73499999967184
5117.6489999996637
5134.36699999966186
5140.89899999966114
5142.61999999966095
5148.5819999996603
5150.20999999966012
5152.77199999965984
5153.60499999965974
5161.51399999965887
5166.49299999965832
5167.46099999965822
5168.18099999965814
5169.01199999965805
5179.82099999965686
5180.07999999965683
5181.2929999996567
5202.77399999965433
5217.62299999965269
5219.22699999965252
5220.20599999965241
5220.86299999965234
5222.54499999965215
5230.74199999965125
5235.19499999965076
5236.15299999965065
5237.18599999965054
5252.36999999964887
5253.40799999964875
5254.24199999964866
5254.97699999964858
5256.18999999964845
5259.57199999964807
5262.37999999964776
5263.91899999964759
5264.69899999964751
5265.36599999964744
5266.11499999964735
5267.4939999996472
5272.88899999964661
5278.56999999964598
5279.3349999996459
5279.92599999964583
5280.69299999964575
5283.06799999964549
5283.72699999964541
5285.46499999964522
5287.53599999964499
5288.88699999964484
5290.35399999964468
5300.66599999964355
5301.63399999964344
5302.60199999964333
5305.10099999964306
5305.84899999964298
5306.74499999964288
5307.82499999964276
5312.9449999996422
5313.24399999964216
5315.14899999964195
5319.60199999964146
5351.77499999963792
5357.82399999963725
5358.47499999963718
5359.47699999963707
5362.35899999963675
5363.7799999996366
5364.70899999963649
5369.43999999963597
5370.37799999963587
5385.18899999963424
5386.78899999963406
5395.08799999963315
5404.25899999963214
5404.89199999963207
5407.83899999963174
5410.31199999963147
5417.98799999963063
5419.22799999963049
5420.32599999963037
5421.51399999963024
5427.99399999962952
5429.53499999962935
5439.35899999962827
5441.23299999962807
5441.73799999962801
5446.64699999962747
5450.45199999962705
5451.45899999962694
5455.18899999962653
5462.90199999962568
5468.27199999962509
5469.60899999962494
5470.62399999962483
5471.94999999962468
5472.54799999962462
5484.03499999962335
5484.78699999962327
5485.92299999962314
5488.78799999962283
5496.55599999962197
5518.41299999961957
5547.62499999961635
5548.23299999961628
5552.29199999961584
5552.85799999961577
5560.15299999961497
5568.84999999961401
5570.39199999961384
5573.21499999961353
5575.38999999961329
5577.34999999961308
5579.8569999996128
5584.63799999961227
5586.1679999996121
5587.74599999961193
5588.9669999996118
5592.5739999996114
5593.23699999961133
5597.16699999961089
5598.07599999961079
5600.24099999961055
5602.66299999961029
5603.50999999961019
5606.10499999960991
5607.32899999960977
5610.00499999960948
5628.52099999960744
5631.23699999960714
5631.85999999960707
5632.560999999607
5635.2839999996067
5636.22699999960659
5637.58399999960644
5639.19299999960626
5645.74199999960554
5646.44999999960547
5647.61499999960534
5649.09999999960517
5654.83299999960454
5655.79799999960444
5662.54199999960369
5664.52099999960348
5665.1609999996034
5665.91399999960332
5675.37399999960228
5687.54799999960094
5695.49499999960006
5698.65199999959972
5699.7269999995996
5708.68499999959861
5711.26599999959833
5712.07599999959824
5713.62799999959807
5714.73699999959794
5715.45399999959787
5717.55699999959763
5717.98399999959759
5720.77599999959728
5721.64499999959718
5722.89599999959705
5727.11699999959658
5728.84299999959639
5729.30699999959634
5730.43299999959622
5733.08499999959592
5734.94699999959572
5735.71499999959563
5736.98999999959549
5737.8669999995954
5738.39799999959534
5739.13999999959526
5740.10599999959515
5782.86499999959044
5787.21399999958996
5789.6169999995897
5792.15499999958942
5794.1289999995892
5801.27699999958841
5802.91199999958823
5805.86899999958791
5818.17999999958655
5824.89199999958581
5833.46399999958487
5833.93899999958482
5872.04099999958062
5873.26799999958048
5875.22999999958027
5876.39099999958014
5903.17099999957719
5904.10899999957709
5912.62299999957615
5914.07399999957599
5914.9069999995759
5915.48199999957584
5916.97899999957567
5931.14599999957411
5932.01399999957402
5933.18499999957389
5934.11599999957378
5934.93499999957369
5938.65899999957328
5939.16499999957323
5939.59199999957318
5940.73899999957305
5947.98399999957226
5948.41199999957221
5949.90799999957204
5950.66499999957196
5952.1339999995718
5952.60999999957175
5959.409999999571
5960.11599999957092
5960.62199999957086
5962.16499999957069
5965.7859999995703
5966.93799999957017
5967.62199999957009
5969.58199999956988
6021.89799999956412
6022.71399999956403
6024.87899999956379
6025.72099999956369
6027.15999999956354
6028.04599999956344
6033.63499999956282
6035.33999999956264
6035.95599999956257
6036.94099999956246
6038.71599999956226
6040.49699999956207
6040.99499999956201
6042.56399999956184
6043.34599999956175
6043.98299999956168
6044.86799999956159
6048.83499999956115
6049.43399999956108
6051.20799999956089
6052.30599999956077
6052.9469999995607
6053.62999999956062
6054.21899999956056
6054.92499999956048
6056.86799999956026
6057.28099999956022
6059.21799999956001
6059.80599999955994
6061.24399999955978
6063.03199999955958
6064.56899999955942
6066.4849999995592
6066.95899999955915
6067.71999999955907
6072.8429999995585
6073.7609999995584
6074.45899999955833
6075.40299999955822
6076.81099999955807
6078.00399999955794
6083.19499999955736
6084.34799999955724
6086.11499999955704
6087.13499999955693
6090.57199999955655
6092.00799999955639
6093.12599999955627
6094.7219999995561
6096.18899999955593
6106.03599999955485
6151.10799999954988
6152.15999999954977
6157.47399999954918
6158.2119999995491
6159.43099999954897
6160.60999999954884
6162.45099999954864
6163.90799999954848
6165.29299999954832
6165.97499999954825
6169.1179999995479
6175.53899999954719
6176.75299999954706
6177.59999999954697
6178.98499999954682
6179.44599999954676
6216.78999999954265
6219.37699999954237
6220.33299999954226
6221.64299999954212
6221.92899999954209
6225.88899999954165
6226.89799999954154
6230.62199999954113
6231.56699999954102
6232.00999999954098
6251.42599999953884
6255.03499999953844
6264.62499999953738
6267.70599999953704
6269.17899999953688
6271.03099999953668
6294.55199999953409
6296.35399999953389
6303.12599999953314
6304.31799999953301
6304.91699999953295
6306.36099999953279
6306.72399999953275
6308.23199999953258
6313.05399999953205
6314.18399999953192
6315.38399999953179
6317.70499999953154
6323.28099999953092
6323.4519999995309
6324.19599999953082
6330.86599999953009
6332.6049999995299
6334.73699999952966
6336.67999999952945
6338.43099999952925
6339.44199999952914
6342.08699999952885
6342.92399999952876
6343.78299999952866
6344.69599999952856
6346.47199999952837
6347.9799999995282
6349.16699999952807
6350.07799999952797
6350.91099999952788
6352.79799999952767
6353.4849999995276
6355.3039999995274
6411.20299999952124
6413.46999999952099
6415.70699999952074
6420.17199999952025
6421.35299999952012
6426.36099999951957
6428.35799999951935
6430.24999999951914
6431.37099999951902
6431.77399999951897
6432.54599999951889
6436.17099999951849
6437.8809999995183
6438.70299999951821
6441.61499999951789
6444.84499999951754
6494.09199999951211
6591.91799999950134
6592.41599999950128
6596.8099999995008
6599.4869999995005
6601.24699999950031
6601.87499999950024
6602.94699999950012
6605.97699999949979
6614.28599999949887
6623.79199999949783
6628.01499999949736
6629.35599999949721
6629.77499999949717
6630.18599999949712
6631.05699999949703
6631.51599999949698
6633.64399999949674
6638.47299999949621
6639.54099999949609
6642.11199999949581
6646.19399999949536
6733.8659999994857
6738.66499999948518
6749.68799999948396
6752.0989999994837
6753.10299999948358
6754.27899999948346
6754.90599999948339
6755.61999999948331
6768.26599999948192
6769.79899999948175
6770.27099999948169
6771.1609999994816
6772.24699999948148
6772.86099999948141
6774.93999999948118
6775.37399999948113
6778.3539999994808
6779.94299999948063
6781.1479999994805
6782.50699999948035
6783.65799999948022
6785.01299999948007
6785.39899999948003
6785.92099999947997
6789.05999999947962
6790.24499999947949
6791.68799999947934
6792.13499999947929
6806.02099999947776
6821.22499999947608
6825.30099999947563
6830.03699999947511
6833.55799999947472
6834.14699999947466
6834.6489999994746
6836.43699999947441
6845.24799999947344
6846.77099999947327
6847.87299999947315
6854.83599999947238
6855.64999999947229
6864.87899999947128
6873.43499999947033
6874.15799999947025
6875.64699999947009
6876.03399999947005
6879.08799999946971
6880.27599999946958
6881.9099999994694
6882.39299999946935
6883.81999999946919
6903.90299999946698
6904.5759999994669
6914.68399999946579
6916.02799999946564
6917.15299999946552
6918.54799999946536
6918.84799999946533
6919.32399999946528
6920.12399999946519
6925.4709999994646
6927.12399999946442
6927.82599999946434
6928.38999999946428
6929.40699999946417
6931.96399999946389
6933.57099999946371
6934.90799999946356
6999.19799999945648
7002.94799999945607
7004.02699999945595
7005.25199999945582
7005.74699999945576
7009.40499999945536
7010.92299999945519
7011.7649999994551
7012.76799999945499
7013.91099999945486
7014.15999999945483
7016.3119999994546
7016.81199999945454
7032.92999999945277
7081.87699999944738
7083.15899999944723
7083.94999999944715
7091.6819999994463
7093.05099999944614
7094.86499999944594
7096.08899999944581
7100.90699999944528
7102.14599999944514
7102.76599999944508
7103.36899999944501
7107.59899999944454
7108.49399999944444
7110.44399999944423
7111.18599999944415
7113.66999999944387
7114.21599999944381
7119.07899999944328
7120.88999999944308
7122.72499999944288
7126.73299999944244
7128.09299999944229
7129.56399999944212
7147.9319999994401
7156.52199999943915
7158.25899999943896
7191.72499999943528
7193.15199999943512
7194.61399999943496
7195.25599999943489
7199.52899999943442
32
-1
3.24800000000000005
60.416000000000012
111.8150000000000577
160.422000000000101
294.61300000000022
412.018000000000324
551.750000000000448
665.480000000000549
785.663000000000656
913.230000000000769
1050.78800000000089
1154.71000000000098
1374.77900000000118
1544.29800000000133
1767.94400000000153
1971.11900000000171
2109.30499999999503
2344.50599999996912
2504.63099999995149
2703.27399999992961
2950.86799999990234
3273.39099999986682
3484.17599999984361
3813.91699999980729
4164.22299999976871
4617.25699999971881
5169.01299999965805
5472.54899999962462
5805.86999999958791
6096.18999999955593
6605.97799999949979
7016.81299999945454
0
0
5000
0
0
0
0
7200
0
0
0
0
0
33
0
7200.00099999943437
183.288000000000121
1800
0
97
0
1
4
7
10
13
16
19
22
25
28
31
34
37
40
43
46
49
52
55
58
61
64
67
70
73
76
79
82
85
88
91
94
97
100
103
106
109
112
115
118
121
124
127
130
133
136
139
142
145
148
151
154
157
160
163
166
169
172
175
178
181
184
187
190
193
196
199
202
205
208
211
214
217
220
223
226
229
232
235
238
241
244
247
250
253
256
259
262
265
268
271
274
277
280
283
286
289
292
295
298
301
304
307
310
313
316
319
322
325
328
331
334
337
340
343
346
349
352
355
358
361
364
367
370
373
376
379
382
385
388
391
394
397
400
403
406
409
412
415
418
421
424
427
430
433
436
439
442
445
448
451
454
457
460
463
466
469
472
475
478
481
484
487
490
493
496
499
502
505
508
511
514
517
520
523
526
529
532
535
538
541
544
547
550
