12
12
19
12
12
19
cPPR1.16
PR3_day2.4
0
2
12
40
49
13
29
28
23
3
.3
1
253
1
14
1
1
1
1
1
1
1
1
1
1
1
1
1
1
1
1
1
1
1
1
1
184
252
-1
37.9749999999999921
44.9329999999999983
46.3079999999999995
46.7879999999999999
47.3140000000000004
77.0100000000000268
78.2210000000000278
78.7420000000000283
81.6210000000000308
82.0640000000000312
82.4660000000000316
83.0090000000000321
122.5300000000000672
125.3660000000000697
125.9820000000000702
127.5630000000000716
128.344000000000072
129.088000000000073
130.183000000000074
130.765000000000074
131.145000000000075
131.522000000000075
131.860000000000075
196.768000000000133
197.569000000000134
198.289000000000134
198.635000000000135
199.169000000000135
202.507000000000138
203.111000000000139
203.602000000000139
205.103000000000141
206.000000000000141
206.646000000000142
207.248000000000142
207.746000000000143
208.515000000000144
229.286000000000162
232.161000000000165
232.313000000000165
233.741000000000166
235.553000000000168
311.313000000000235
311.710000000000235
312.928000000000236
313.339000000000237
314.083000000000237
314.488000000000238
315.003000000000238
316.099000000000239
319.670000000000242
320.145000000000243
320.587000000000243
352.975000000000272
354.004000000000273
354.865000000000274
355.989000000000275
356.224000000000275
356.859000000000275
361.309000000000279
362.44800000000028
365.586000000000283
365.950000000000283
366.484000000000284
367.866000000000285
368.507000000000286
368.970000000000286
370.297000000000287
370.817000000000288
371.515000000000288
372.546000000000289
374.262000000000291
425.172000000000336
425.621000000000336
425.958000000000337
426.720000000000337
427.207000000000338
427.655000000000338
428.710000000000339
429.28300000000034
430.18300000000034
430.803000000000341
431.232000000000341
431.539000000000342
431.986000000000342
434.525000000000344
435.392000000000345
436.738000000000346
437.022000000000346
437.610000000000347
439.108000000000348
439.657000000000349
440.298000000000349
441.31900000000035
442.303000000000351
452.48000000000036
454.638000000000362
459.718000000000367
460.426000000000367
461.336000000000368
461.755000000000368
464.541000000000371
467.390000000000373
467.817000000000374
468.258000000000374
468.485000000000374
469.473000000000375
470.472000000000376
471.831000000000377
472.161000000000378
472.673000000000378
473.123000000000379
474.64800000000038
474.85100000000038
475.422000000000381
478.523000000000383
479.451000000000384
480.407000000000385
481.151000000000386
481.534000000000386
502.372000000000404
506.253000000000408
507.489000000000409
508.43300000000041
510.212000000000412
510.738000000000412
511.456000000000413
511.785000000000413
513.134000000000414
514.066000000000415
514.461000000000415
515.021000000000416
515.464000000000416
515.791000000000416
516.021000000000417
516.939000000000417
518.198000000000419
518.862000000000419
519.73300000000042
519.89600000000042
520.399000000000421
521.929000000000422
522.906000000000423
523.443000000000423
524.576000000000424
525.600000000000425
525.988000000000425
526.622000000000426
542.90900000000044
544.159000000000442
545.892000000000443
547.916000000000445
548.332000000000445
549.957000000000447
551.155000000000448
551.947000000000449
552.915000000000449
554.00000000000045
555.197000000000451
556.213000000000452
556.751000000000453
557.366000000000453
558.274000000000454
558.836000000000455
559.897000000000456
560.349000000000456
561.040000000000457
561.540000000000457
562.089000000000458
562.793000000000458
562.984000000000458
563.572000000000459
564.148000000000459
567.942000000000463
568.657000000000463
569.925000000000465
570.412000000000465
570.836000000000465
571.221000000000466
571.419000000000466
712.268000000000591
714.700000000000593
716.061000000000594
716.613000000000595
717.863000000000596
718.960000000000597
719.870000000000598
720.998000000000599
721.555000000000599
722.2660000000006
723.268000000000601
724.384000000000602
725.523000000000603
726.781000000000604
727.596000000000605
730.729000000000607
731.509000000000608
748.384000000000623
749.393000000000624
754.234000000000628
754.701000000000629
755.192000000000629
755.94500000000063
756.58000000000063
758.888000000000632
759.780000000000633
760.129000000000633
761.879000000000635
763.985000000000637
764.751000000000638
766.164000000000639
766.91900000000064
768.210000000000641
769.793000000000642
1000.206000000000847
1035.79400000000088
1037.04700000000088
1038.39300000000088
1039.83000000000088
1040.78400000000088
1042.17400000000088
1042.76500000000088
1043.22400000000088
1043.93600000000089
1044.65700000000089
1045.04000000000089
1046.16600000000089
1046.55400000000089
1046.86600000000089
1052.17100000000089
1052.58000000000089
1052.93100000000089
1053.58500000000089
1054.13500000000089
1055.8080000000009
1056.5050000000009
1063.6720000000009
1064.4000000000009
1066.90500000000091
1068.34800000000091
1073.64800000000091
1074.49300000000091
1074.58300000000091
1075.63100000000091
1076.17000000000091
1078.57200000000092
1079.50400000000092
1080.26200000000092
1082.36400000000092
1082.84200000000092
1083.41000000000092
1083.82300000000092
13
-1
37.9759999999999921
47.3150000000000004
83.0100000000000321
131.523000000000075
207.747000000000143
320.588000000000243
374.263000000000291
441.32000000000035
481.535000000000386
526.623000000000426
571.222000000000466
769.794000000000642
1083.41100000000092
0
0
5000
0
0
0
0
7200
0
0
0
0
0
14
0
2883.51199999990976
1800.00000000000156
1800
0
40
0
1
4
7
10
13
16
19
22
25
28
31
34
37
40
43
46
49
52
55
58
61
64
67
70
73
76
79
82
85
88
91
94
97
100
103
106
109
112
115
118
121
124
127
130
133
136
139
142
145
148
151
154
157
160
163
166
169
172
175
178
181
184
187
190
193
196
199
202
205
208
211
214
217
220
223
226
229
232
235
238
241
244
247
250
253
256
259
262
265
268
271
274
277
280
283
286
289
292
295
298
301
304
307
310
313
316
319
322
325
328
331
334
337
340
343
346
349
352
355
358
361
364
367
370
373
376
379
382
385
388
391
394
397
400
403
406
409
412
415
418
421
424
427
430
433
436
439
442
445
448
451
454
457
460
463
466
469
472
475
478
481
484
487
490
493
496
499
502
505
508
511
514
517
520
523
526
529
532
535
538
541
544
547
550
