11
27
19
11
27
19
cPPR1.14
PR3_day3
0
4
11
52
01
13
23
36
23
3
.3
1
846
1
24
1
1
1
1
1
1
1
1
1
1
1
1
1
1
1
1
1
1
1
1
1
184
845
-1
10.1630000000000002
44.0169999999999974
44.687999999999998
45.5109999999999988
46.2559999999999994
55.1920000000000074
57.4210000000000094
58.6670000000000105
60.1530000000000118
60.4850000000000121
61.548000000000013
61.9930000000000134
64.4930000000000156
73.0250000000000232
73.3510000000000235
74.3200000000000244
76.3290000000000261
77.0290000000000268
77.6380000000000273
104.9520000000000516
105.7400000000000523
106.0450000000000525
106.4120000000000529
114.3710000000000599
114.6950000000000602
115.0280000000000605
117.3090000000000626
117.878000000000063
118.909000000000064
119.2730000000000643
119.5600000000000645
120.2430000000000652
120.9340000000000658
122.0940000000000668
122.8870000000000675
123.1400000000000677
130.489000000000074
138.381000000000081
139.136000000000082
139.768000000000082
141.470000000000084
150.450000000000092
151.571000000000093
151.990000000000093
152.535000000000094
153.385000000000095
153.586000000000095
155.798000000000097
156.437000000000097
156.718000000000098
157.052000000000098
157.834000000000099
170.94800000000011
172.046000000000111
172.645000000000112
173.388000000000112
174.565000000000113
175.264000000000114
176.377000000000115
177.742000000000116
178.653000000000117
180.054000000000118
180.298000000000118
180.726000000000119
180.958000000000119
181.87300000000012
182.629000000000121
184.049000000000122
185.016000000000123
186.059000000000124
186.572000000000124
194.910000000000131
195.258000000000132
195.649000000000132
196.153000000000133
196.666000000000133
208.997000000000144
209.113000000000144
209.632000000000145
209.935000000000145
210.337000000000145
210.753000000000146
211.751000000000146
212.893000000000147
213.557000000000148
214.430000000000149
214.876000000000149
215.76700000000015
216.987000000000151
217.539000000000152
219.607000000000153
220.179000000000154
221.641000000000155
238.00400000000017
240.656000000000172
242.962000000000174
245.990000000000177
246.208000000000177
247.902000000000179
248.201000000000179
248.573000000000179
248.847000000000179
249.28700000000018
249.72000000000018
250.10200000000018
251.389000000000182
251.642000000000182
252.105000000000182
252.495000000000183
252.663000000000183
253.839000000000184
254.249000000000184
254.686000000000185
257.131000000000187
257.862000000000187
258.320000000000188
258.623000000000188
258.763000000000188
266.044000000000195
266.260000000000195
266.526000000000195
266.679000000000195
266.891000000000195
291.226000000000217
292.240000000000218
292.456000000000218
292.889000000000218
294.39800000000022
295.781000000000221
296.608000000000222
297.543000000000223
302.079000000000227
302.686000000000227
303.069000000000228
304.464000000000229
306.24900000000023
307.362000000000231
308.369000000000232
308.636000000000232
313.972000000000237
314.413000000000238
314.598000000000238
315.053000000000238
315.409000000000238
315.611000000000239
316.212000000000239
316.57600000000024
341.801000000000262
343.734000000000264
345.237000000000265
345.727000000000265
345.963000000000266
346.682000000000266
347.884000000000267
349.112000000000268
349.787000000000269
350.78000000000027
352.263000000000271
352.751000000000272
354.529000000000273
356.387000000000275
357.490000000000276
357.651000000000276
358.835000000000277
359.154000000000277
360.655000000000279
365.759000000000283
365.991000000000283
366.582000000000284
367.507000000000285
368.193000000000285
368.618000000000286
370.145000000000287
371.736000000000288
372.345000000000289
372.434000000000289
373.47300000000029
375.992000000000292
385.0150000000003
385.514000000000301
386.390000000000302
387.320000000000302
388.367000000000303
389.219000000000304
389.407000000000304
394.029000000000308
394.801000000000309
395.094000000000309
396.21300000000031
398.329000000000312
399.741000000000313
404.804000000000318
410.649000000000323
445.465000000000354
445.705000000000354
446.399000000000355
448.205000000000356
449.052000000000357
450.783000000000359
452.10800000000036
463.07700000000037
463.39900000000037
464.604000000000371
476.955000000000382
477.393000000000382
479.401000000000384
479.623000000000384
480.021000000000385
480.658000000000385
480.811000000000385
481.509000000000386
481.967000000000386
508.76600000000041
510.039000000000411
510.558000000000412
510.844000000000412
511.548000000000413
512.652000000000414
514.218000000000415
515.563000000000416
516.020000000000417
516.295000000000417
516.454000000000417
516.984000000000417
525.835000000000425
528.901000000000428
532.687000000000431
535.887000000000434
536.251000000000435
538.896000000000437
539.539000000000438
540.671000000000439
541.88900000000044
542.07700000000044
544.325000000000442
547.609000000000445
617.546000000000507
621.28500000000051
621.57600000000051
622.907000000000512
623.562000000000512
624.183000000000513
629.320000000000517
629.788000000000518
630.134000000000518
630.621000000000518
632.68400000000052
634.957000000000522
635.131000000000522
663.991000000000548
664.836000000000549
666.21400000000055
666.40200000000055
666.944000000000551
667.861000000000552
669.261000000000553
672.289000000000555
672.490000000000556
673.630000000000557
673.996000000000557
679.726000000000562
679.961000000000562
680.371000000000563
680.828000000000563
682.600000000000565
685.437000000000567
685.590000000000567
685.746000000000567
691.323000000000572
691.505000000000572
693.315000000000574
699.082000000000579
700.02600000000058
700.707000000000581
702.439000000000582
702.839000000000583
703.802000000000583
709.951000000000589
713.645000000000592
740.051000000000616
740.415000000000616
741.040000000000616
742.928000000000618
744.65700000000062
766.041000000000639
766.531000000000639
796.794000000000666
853.943000000000717
856.027000000000719
856.550000000000719
882.256000000000742
882.999000000000743
883.263000000000743
883.823000000000743
970.805000000000821
1018.342000000000863
1019.552000000000864
1019.837000000000864
1020.424000000000865
1021.415000000000866
1026.27400000000087
1026.53400000000087
1027.67800000000087
1027.87000000000087
1029.72700000000087
1033.43100000000088
1033.69000000000088
1035.80300000000088
1041.14300000000088
1042.05300000000088
1045.35200000000089
1047.49800000000089
1087.76700000000092
1088.34400000000092
1089.72200000000093
1090.34000000000093
1092.37300000000093
1094.42800000000093
1097.86600000000093
1098.50500000000093
1099.07000000000093
1099.57200000000093
1101.25300000000094
1101.90800000000094
1102.27800000000094
1102.73700000000094
1103.04200000000094
1107.44400000000094
1107.79500000000094
1107.96000000000094
1108.24500000000094
1108.60000000000094
1108.89900000000094
1121.57400000000095
1124.89600000000096
1126.22100000000096
1127.82600000000096
1128.26400000000096
1129.59100000000096
1132.63200000000096
1133.14000000000096
1134.06700000000097
1135.27900000000097
1135.52800000000097
1136.23200000000097
1136.80200000000097
1137.33100000000097
1138.38900000000097
1139.88800000000097
1140.56200000000097
1140.75900000000097
1177.889000000001
1178.392000000001
1179.79300000000101
1180.30700000000101
1182.11000000000101
1183.78000000000101
1185.15300000000101
1187.54400000000101
1187.91400000000101
1188.32700000000101
1189.55200000000101
1206.15900000000103
1211.14900000000103
1212.05400000000103
1212.31100000000104
1213.30700000000104
1214.35400000000104
1220.84400000000104
1232.62400000000105
1233.02300000000105
1233.18900000000105
1234.26600000000105
1234.42300000000105
1241.16200000000106
1241.61900000000106
1242.13400000000106
1244.73100000000106
1245.29300000000106
1257.02400000000107
1280.8530000000011
1294.69700000000111
1299.35100000000111
1299.64700000000111
1300.51100000000111
1301.15000000000111
1301.31200000000111
1301.62800000000111
1302.31700000000112
1303.39100000000112
1304.01200000000112
1305.39500000000112
1305.90800000000112
1308.23500000000112
1313.20000000000112
1315.66900000000113
1316.14300000000113
1318.77400000000113
1322.91100000000113
1323.92200000000113
1324.27000000000113
1324.79200000000113
1325.36900000000114
1325.97200000000114
1326.56300000000114
1327.67100000000114
1328.71900000000114
1331.55800000000114
1333.32400000000114
1333.95100000000114
1334.74200000000114
1336.39800000000115
1337.47600000000115
1337.85300000000115
1338.06300000000115
1338.32900000000115
1338.69900000000115
1339.96200000000115
1340.40700000000115
1341.10900000000115
1341.58100000000115
1341.73600000000115
1341.99500000000115
1342.79500000000115
1343.73700000000115
1344.30700000000115
1359.67900000000117
1361.43200000000117
1440.46100000000124
1441.24000000000124
1441.79600000000124
1443.81500000000124
1445.50800000000124
1446.36800000000124
1446.83100000000124
1447.81900000000124
1448.41300000000124
1448.86900000000125
1452.15400000000125
1522.86500000000131
1524.37300000000131
1535.83200000000132
1536.82800000000132
1538.86400000000132
1542.64000000000133
1544.59800000000133
1547.56600000000133
1548.01600000000133
1551.40900000000134
1552.49300000000134
1558.73700000000134
1560.28300000000134
1561.79100000000135
1562.36000000000135
1664.26400000000144
1666.28100000000144
1670.22600000000144
1673.96100000000144
1676.19400000000145
1681.70600000000145
1681.98700000000145
1682.56100000000145
1685.07100000000146
1688.03500000000146
1700.30200000000147
1701.18000000000147
1701.87000000000147
1702.45700000000147
1702.90900000000147
1783.33400000000154
1785.39800000000154
1786.63600000000155
1801.81300000000156
1802.61800000000156
1803.76500000000156
1804.17800000000156
1805.84600000000156
1806.72500000000156
1809.02700000000156
1809.54200000000157
1828.59700000000158
1829.56800000000158
1830.03200000000158
1830.42700000000158
1831.49500000000158
1832.34400000000159
1833.70500000000159
1834.98500000000159
1835.77500000000159
1839.58800000000159
1843.5330000000016
1844.3540000000016
1844.8850000000016
1847.7850000000016
1849.0440000000016
1854.64800000000161
1855.92800000000161
1857.58900000000161
1860.13200000000161
1861.43200000000161
1861.83800000000161
1878.93900000000163
1879.76300000000163
1880.13800000000163
1881.14300000000163
1882.16700000000163
1893.59700000000164
1894.10300000000164
1894.52600000000164
1895.44000000000164
1896.56600000000164
1897.15300000000164
1899.30700000000165
1901.55600000000165
1902.14000000000165
1903.36100000000165
1916.10100000000166
1917.01800000000166
1918.17700000000166
1919.17800000000166
1921.48600000000166
1922.15500000000167
1923.25400000000167
1924.06400000000167
1924.68300000000167
1925.42800000000167
1926.25500000000167
1927.16800000000167
1928.55000000000167
1930.49100000000167
1931.64800000000167
1932.16600000000167
1932.62400000000167
1933.29600000000168
1933.64500000000168
1975.85900000000171
1976.96900000000171
1980.33600000000172
1980.65300000000172
1981.44500000000172
1982.87500000000172
1984.34000000000172
1988.31500000000172
1997.32900000000173
1997.95500000000173
1998.49000000000173
1998.97500000000173
1999.71700000000173
2002.71000000000174
2006.05100000000174
2018.39700000000175
2018.82600000000175
2019.90500000000175
2020.44500000000175
2023.44400000000176
2026.74900000000176
2035.45900000000177
2036.45000000000177
2036.82400000000177
2037.09300000000177
2037.38900000000177
2037.82700000000177
2038.79100000000177
2039.13800000000177
2039.44300000000177
2039.68500000000177
2041.52300000000177
2041.66900000000177
2041.96100000000177
2042.14100000000177
2048.33400000000174
2048.63500000000171
2049.12200000000165
2049.47300000000162
2049.79500000000158
2051.19100000000143
2051.81200000000136
2071.86599999999915
2072.81899999999904
2074.52999999999886
2076.20099999999867
2076.76299999999861
2077.33799999999855
2080.01599999999825
2080.53299999999819
2081.09999999999813
2081.44199999999809
2082.13799999999802
2082.61599999999796
2083.55899999999786
2086.8699999999975
2087.45899999999743
2089.50999999999721
2122.31899999999359
2124.25899999999338
2124.67699999999333
2125.95499999999319
2127.42899999999303
2128.69099999999289
2132.70099999999245
2143.56599999999125
2143.96999999999121
2145.98099999999099
2147.12499999999086
2153.23099999999019
2155.00499999998999
2155.99199999998988
2158.91699999998956
2160.59599999998938
2160.95799999998934
2164.70199999998892
2165.53799999998883
2165.92199999998879
2166.81999999998869
2167.01399999998867
2169.24099999998842
2170.09599999998833
2174.43799999998785
2175.86699999998769
2177.76099999998749
2178.49499999998741
2178.84499999998737
2183.28199999998688
2184.43399999998675
2302.9189999999737
2304.82399999997349
2305.51199999997342
2306.5699999999733
2311.77599999997273
2336.43199999997001
2338.54899999996978
2338.96899999996973
2340.1679999999696
2341.63899999996944
2342.51199999996934
2343.00399999996929
2343.40999999996924
2343.92699999996919
2344.89099999996908
2347.23999999996882
2348.92099999996864
2353.21999999996816
2356.29099999996782
2359.91699999996742
2360.66199999996734
2360.96899999996731
2361.45799999996726
2364.10899999996696
2365.50199999996681
2365.96799999996676
2366.5249999999667
2370.68299999996624
2371.58599999996614
2434.6129999999592
2450.98799999995739
2451.37799999995735
2452.37999999995724
2455.90899999995685
2456.19699999995682
2456.4299999999568
2456.82699999995675
2457.09099999995672
2457.59599999995667
2475.16799999995473
2475.64299999995468
2475.93599999995465
2476.3429999999546
2477.20899999995451
2477.43299999995448
2477.71099999995445
2479.0809999999543
2479.36099999995427
2479.74499999995423
2480.09199999995419
2480.59999999995413
2480.71999999995412
2481.31899999995405
2481.61299999995402
2482.51899999995392
2485.86599999995355
2487.44899999995338
2488.10099999995331
2488.29399999995329
2489.23399999995318
2490.82799999995301
2507.70799999995115
2522.77999999994949
2551.05199999994637
2552.24599999994624
2553.06699999994615
2613.86099999993946
2614.69099999993937
2620.01399999993878
2622.06199999993855
2625.53399999993817
2709.41399999992893
2710.34999999992883
2711.45399999992871
2713.45199999992849
2714.10099999992842
2717.30099999992806
2719.02999999992787
2729.21599999992675
2731.84799999992646
2804.74499999991843
2810.5449999999178
3135.46099999988201
3138.10999999988172
3192.08899999987577
3193.30399999987564
3194.44999999987551
3197.21299999987521
3198.75199999987504
3199.61999999987494
3200.26899999987487
3233.67499999987119
3234.26599999987113
3235.16699999987103
3235.455999999871
3254.5129999998689
3254.81599999986887
3261.85299999986809
3262.84199999986798
3264.11599999986784
3295.84499999986435
3296.11899999986432
3297.92699999986412
3298.49099999986406
3298.85899999986402
3299.75099999986392
3300.20699999986387
3304.87099999986335
3305.06299999986333
3305.65799999986327
3305.77599999986325
3306.93099999986313
3315.02699999986223
3316.05399999986212
3317.28699999986199
3319.59999999986173
3321.38499999986153
3321.7219999998615
3321.99499999986147
3323.23299999986133
3323.40599999986131
3324.78499999986116
3325.39699999986109
3326.249999999861
3327.71099999986084
3329.99199999986059
3330.49199999986053
3333.4619999998602
3354.32299999985791
3355.69599999985776
3356.2279999998577
3358.0439999998575
3359.56099999985733
3360.86799999985719
3361.44699999985712
3393.18699999985363
3396.41599999985327
3404.49599999985238
3406.57299999985215
3448.99399999984748
3450.6279999998473
3553.53299999983597
3555.29099999983577
3555.90799999983571
3556.27799999983566
3556.48799999983564
3560.87299999983516
3561.68599999983507
3563.1889999998349
3564.28299999983478
3601.08899999983073
3601.76399999983066
3604.23699999983038
3604.84399999983032
3605.33899999983026
3610.78199999982966
3617.7429999998289
3619.10099999982875
3619.65499999982868
3623.55899999982825
3624.36699999982817
3631.65699999982736
3653.58099999982495
3654.77199999982482
3659.31299999982432
3661.15199999982411
3675.29499999982256
3679.18199999982213
3680.23899999982201
3680.69399999982196
3681.2879999998219
3688.71099999982108
3689.35599999982101
3690.48299999982088
3691.14899999982081
3691.77299999982074
3711.98399999981852
3718.18699999981783
3718.5239999998178
3720.90399999981753
3721.47599999981747
3721.93299999981742
3723.42399999981726
3723.78599999981722
3724.94799999981709
3725.751999999817
3734.23599999981606
3735.91599999981588
3736.86299999981578
3737.26799999981573
3739.18299999981552
3739.44199999981549
3740.02799999981543
3741.64799999981525
3743.06599999981509
3744.02899999981499
3744.64699999981492
3745.65099999981481
3746.54599999981471
3747.65999999981459
3750.2879999998143
3750.89299999981423
3753.19899999981398
3754.8049999998138
3757.19799999981354
3757.74099999981348
3758.87499999981335
3762.105999999813
3763.02199999981289
3770.30099999981209
3770.98599999981202
3774.19199999981166
3774.94599999981158
3775.25599999981155
3775.44399999981153
3778.99899999981114
3833.49699999980513
3891.8739999997987
5235.36899999965074
5246.99599999964946
5317.97599999964164
23
-1
10.1640000000000002
46.2569999999999994
61.9940000000000134
106.4130000000000529
123.1410000000000677
157.835000000000099
186.573000000000124
221.642000000000155
258.764000000000188
316.213000000000239
375.993000000000292
481.968000000000386
635.132000000000522
856.028000000000719
1108.90000000000094
1245.29400000000106
1361.43300000000117
1809.54300000000157
1933.64600000000168
2089.51099999999721
2434.6139999999592
3235.16799999987103
3631.65799999982736
0
0
5000
0
0
0
0
7200
0
0
0
0
0
24
0
5431.75899999962911
1800.00000000000156
1800
0
70
0
1
4
7
10
13
16
19
22
25
28
31
34
37
40
43
46
49
52
55
58
61
64
67
70
73
76
79
82
85
88
91
94
97
100
103
106
109
112
115
118
121
124
127
130
133
136
139
142
145
148
151
154
157
160
163
166
169
172
175
178
181
184
187
190
193
196
199
202
205
208
211
214
217
220
223
226
229
232
235
238
241
244
247
250
253
256
259
262
265
268
271
274
277
280
283
286
289
292
295
298
301
304
307
310
313
316
319
322
325
328
331
334
337
340
343
346
349
352
355
358
361
364
367
370
373
376
379
382
385
388
391
394
397
400
403
406
409
412
415
418
421
424
427
430
433
436
439
442
445
448
451
454
457
460
463
466
469
472
475
478
481
484
487
490
493
496
499
502
505
508
511
514
517
520
523
526
529
532
535
538
541
544
547
550
