11
27
19
11
27
19
cPPR1.10
PR3_day3
0
4
8
44
16
10
45
41
23
3
.3
1
1550
1
33
1
1
1
1
1
1
1
1
1
1
1
1
1
1
1
1
1
1
1
1
1
184
1549
-1
0.98200000000000001
13.23200000000000026
13.78500000000000027
14.52400000000000029
15.0000000000000003
15.78400000000000032
24.5269999999999931
25.3529999999999924
25.9549999999999919
26.9419999999999911
27.2459999999999908
27.6119999999999905
30.1539999999999883
33.406999999999988
33.5799999999999882
48.040000000000001
48.1750000000000011
48.5710000000000015
49.2040000000000021
50.1720000000000029
50.4090000000000031
51.5590000000000041
53.8360000000000062
55.1060000000000073
55.2830000000000075
87.377000000000036
91.6590000000000398
92.2340000000000403
92.4040000000000404
93.2630000000000412
93.4750000000000414
95.0290000000000428
96.5510000000000441
97.1940000000000447
97.4920000000000449
129.699000000000074
130.191000000000074
131.357000000000075
137.702000000000081
138.090000000000081
138.622000000000081
139.441000000000082
139.953000000000083
140.453000000000083
140.739000000000083
141.899000000000084
143.251000000000086
143.508000000000086
145.744000000000088
146.000000000000088
163.452000000000104
164.284000000000104
164.781000000000105
165.278000000000105
171.789000000000111
172.792000000000112
179.414000000000118
180.713000000000119
183.403000000000121
196.875000000000133
197.929000000000134
203.635000000000139
204.32500000000014
204.67700000000014
205.571000000000141
206.250000000000142
207.254000000000142
211.476000000000146
211.834000000000146
212.269000000000147
258.889000000000188
260.228000000000189
262.171000000000191
269.429000000000198
276.093000000000204
276.671000000000204
280.520000000000207
281.664000000000209
282.296000000000209
282.79100000000021
283.67900000000021
283.939000000000211
286.958000000000213
287.760000000000214
292.880000000000218
294.53500000000022
299.766000000000225
302.375000000000227
303.064000000000228
305.50900000000023
306.700000000000231
307.283000000000231
308.397000000000232
309.468000000000233
311.603000000000235
324.706000000000247
327.756000000000249
328.40800000000025
330.530000000000252
332.155000000000253
333.206000000000254
334.078000000000255
335.964000000000257
336.959000000000258
338.425000000000259
340.294000000000261
348.919000000000268
350.236000000000269
350.74700000000027
351.581000000000271
355.056000000000274
356.235000000000275
359.453000000000278
360.193000000000278
364.041000000000282
370.181000000000287
373.20800000000029
374.062000000000291
375.520000000000292
377.763000000000294
378.174000000000294
387.103000000000302
387.832000000000303
388.679000000000304
389.320000000000304
390.013000000000305
391.182000000000306
393.377000000000308
393.612000000000308
394.633000000000309
395.69900000000031
396.636000000000311
397.268000000000311
399.200000000000313
400.011000000000314
401.212000000000315
402.391000000000316
426.994000000000338
428.860000000000339
429.81100000000034
431.417000000000342
432.121000000000342
432.559000000000343
433.048000000000343
433.834000000000344
434.672000000000344
435.076000000000345
435.744000000000345
439.823000000000349
449.029000000000357
449.927000000000358
453.071000000000361
453.919000000000362
454.609000000000362
455.333000000000363
457.727000000000365
458.385000000000365
461.702000000000368
463.70200000000037
463.99000000000037
465.117000000000371
468.099000000000374
468.704000000000375
470.867000000000377
471.436000000000377
472.038000000000378
473.011000000000378
473.512000000000379
477.417000000000382
480.385000000000385
484.171000000000388
488.262000000000392
491.533000000000395
493.181000000000396
494.229000000000397
499.317000000000402
503.616000000000406
504.879000000000407
507.295000000000409
508.39800000000041
514.974000000000416
515.596000000000416
518.348000000000419
519.49800000000042
525.072000000000425
525.548000000000425
530.084000000000429
530.99400000000043
531.829000000000431
532.751000000000432
533.506000000000432
534.168000000000433
534.600000000000433
536.147000000000434
537.322000000000436
541.78000000000044
576.28700000000047
578.187000000000472
581.148000000000474
583.327000000000476
584.734000000000478
588.701000000000481
590.751000000000483
592.764000000000485
596.661000000000488
599.297000000000491
602.043000000000493
603.880000000000495
604.506000000000495
605.095000000000496
605.738000000000496
609.046000000000499
609.5700000000005
619.652000000000509
625.502000000000514
627.677000000000516
628.387000000000516
629.685000000000518
630.805000000000519
633.180000000000521
633.908000000000521
634.743000000000522
645.382000000000532
646.540000000000533
647.882000000000534
649.135000000000535
649.789000000000535
650.790000000000536
651.065000000000537
651.459000000000537
654.088000000000539
656.261000000000541
659.778000000000544
660.674000000000545
665.80000000000055
667.550000000000551
675.584000000000558
689.31000000000057
690.299000000000571
691.033000000000572
692.176000000000573
692.805000000000574
694.084000000000575
694.799000000000575
699.068000000000579
700.601000000000581
701.331000000000581
702.128000000000582
703.880000000000584
705.024000000000584
705.973000000000585
721.031000000000599
721.583000000000599
722.3030000000006
723.536000000000601
726.064000000000603
728.545000000000605
729.292000000000606
730.467000000000607
733.95900000000061
734.917000000000611
735.771000000000612
736.499000000000612
738.195000000000614
739.205000000000615
744.232000000000619
756.35000000000063
758.177000000000632
760.597000000000634
761.610000000000635
765.752000000000638
767.35900000000064
769.748000000000642
774.338000000000646
776.148000000000648
778.51900000000065
780.203000000000651
781.382000000000652
784.908000000000655
788.745000000000659
793.935000000000663
802.490000000000671
804.450000000000673
805.163000000000674
806.007000000000674
807.329000000000675
812.07500000000068
818.542000000000685
819.725000000000686
821.253000000000688
826.070000000000692
836.145000000000701
838.227000000000703
839.105000000000704
841.420000000000706
842.273000000000706
842.958000000000707
847.692000000000711
848.472000000000712
851.420000000000714
852.294000000000715
856.007000000000719
868.012000000000729
868.76500000000073
869.709000000000731
872.521000000000733
874.561000000000735
875.326000000000736
876.666000000000737
877.368000000000738
878.577000000000739
901.347000000000759
901.865000000000759
902.23300000000076
903.08700000000076
907.000000000000764
908.216000000000765
909.645000000000766
912.658000000000769
915.745000000000772
918.572000000000774
922.764000000000778
926.521000000000781
931.935000000000786
933.604000000000788
955.485000000000807
957.362000000000809
961.944000000000813
963.599000000000814
964.646000000000815
966.471000000000817
968.504000000000818
969.383000000000819
970.793000000000821
980.345000000000829
992.20800000000084
993.887000000000841
995.502000000000842
1000.120000000000847
1000.731000000000847
1001.506000000000848
1004.30400000000085
1005.071000000000851
1005.775000000000852
1007.077000000000853
1008.006000000000854
1008.665000000000854
1042.06100000000088
1044.42100000000089
1048.39800000000089
1049.48100000000089
1052.11600000000089
1054.52700000000089
1055.3720000000009
1056.3150000000009
1059.4880000000009
1060.7550000000009
1062.0150000000009
1063.2010000000009
1063.7390000000009
1064.6310000000009
1069.72800000000091
1070.84000000000091
1077.67500000000092
1087.44200000000092
1095.24900000000093
1096.36400000000093
1097.39500000000093
1100.64000000000094
1109.71700000000094
1144.54500000000097
1149.38300000000098
1151.45800000000098
1160.91400000000099
1173.659000000001
1177.583000000001
1187.07900000000101
1193.13600000000102
1201.69100000000103
1231.04000000000105
1247.20900000000107
1255.78600000000107
1260.74600000000108
1262.60600000000108
1263.56000000000108
1266.71700000000108
1267.55600000000108
1268.96200000000109
1271.11400000000109
1295.53500000000111
1298.77300000000111
1303.60400000000112
1313.59800000000112
1320.22500000000113
1324.03000000000113
1326.44500000000114
1327.49900000000114
1329.83000000000114
1331.42900000000114
1336.67000000000115
1341.08600000000115
1350.24800000000116
1353.74600000000116
1358.47400000000116
1359.69500000000117
1360.58300000000117
1362.07700000000117
1368.66800000000117
1369.80700000000117
1370.56500000000118
1371.44600000000118
1371.88100000000118
1372.84300000000118
1373.62600000000118
1374.25600000000118
1375.95000000000118
1377.10000000000118
1381.84700000000119
1399.3170000000012
1402.9820000000012
1410.80700000000121
1412.26200000000121
1415.83500000000122
1419.41000000000122
1419.98500000000122
1422.80800000000122
1423.56400000000122
1424.04500000000122
1424.79000000000122
1443.03300000000124
1443.68200000000124
1448.24800000000124
1452.34100000000125
1455.40500000000125
1482.60100000000128
1483.52800000000128
1484.17100000000128
1485.38000000000128
1486.63600000000128
1487.78500000000128
1493.80200000000128
1494.90200000000129
1498.22300000000129
1502.82700000000129
1504.9920000000013
1505.7640000000013
1506.8460000000013
1509.2690000000013
1509.9430000000013
1510.5700000000013
1513.9400000000013
1515.5040000000013
1518.50100000000131
1522.71200000000131
1524.48600000000131
1530.85700000000132
1531.78000000000132
1532.86800000000132
1538.36800000000132
1543.34400000000133
1544.42000000000133
1579.68500000000136
1583.04200000000136
1583.97200000000137
1585.25100000000137
1586.29400000000137
1593.99100000000137
1595.18500000000138
1595.91900000000138
1596.92000000000138
1597.39700000000138
1625.7460000000014
1627.7440000000014
1632.10900000000141
1633.62600000000141
1634.97300000000141
1635.76400000000141
1636.57800000000141
1646.31700000000142
1650.83800000000142
1652.38700000000143
1663.39900000000144
1665.76800000000144
1690.32100000000146
1696.30700000000146
1704.20200000000147
1706.51800000000147
1707.83100000000148
1713.63300000000148
1719.98600000000149
1720.78200000000149
1721.57400000000149
1732.5880000000015
1734.5490000000015
1739.9430000000015
1742.18600000000151
1744.83700000000151
1746.23100000000151
1747.36500000000151
1749.18600000000151
1750.39000000000151
1761.12300000000152
1762.03900000000152
1769.61500000000153
1770.73700000000153
1772.52500000000153
1773.22700000000153
1774.32100000000153
1780.69300000000154
1782.30900000000154
1786.22000000000154
1787.33400000000155
1788.94000000000155
1820.04400000000157
1821.71300000000158
1822.34200000000158
1822.81300000000158
1824.17300000000158
1827.17900000000158
1829.62700000000158
1840.86400000000159
1845.0370000000016
1866.43200000000162
1867.29000000000162
1868.16100000000162
1872.82300000000162
1874.29200000000162
1876.48900000000162
1878.35200000000163
1885.24900000000163
1895.58700000000164
1898.69600000000164
1901.59700000000165
1903.12800000000165
1905.26300000000165
1908.55000000000165
1935.26200000000168
1941.20400000000168
1942.43700000000168
1950.16600000000169
1951.27800000000169
1953.54700000000169
1957.3410000000017
1958.5820000000017
1959.0270000000017
1982.19800000000172
1984.67800000000172
1986.79700000000172
1987.94600000000172
2004.12300000000174
2010.63900000000174
2012.17800000000175
2033.12500000000176
2038.63200000000177
2040.18000000000177
2043.13400000000177
2052.3380000000013
2063.94900000000002
2071.4309999999992
2072.69699999999906
2074.78599999999883
2079.64499999999829
2080.22699999999823
2081.68499999999807
2083.13199999999791
2092.89399999999683
2104.90499999999551
2118.605999999994
2122.84999999999353
2126.71599999999311
2147.90699999999077
2150.71399999999046
2151.55899999999037
2160.15899999998942
2190.3859999999861
2194.36199999998566
2197.71199999998529
2205.64499999998442
2216.74999999998319
2222.91299999998251
2230.85799999998164
2232.53699999998145
2235.13199999998117
2240.12999999998062
2243.16999999998028
2245.30299999998005
2254.47299999997904
2271.75199999997713
2277.67999999997648
2278.58599999997638
2279.77299999997625
2283.73199999997582
2373.12399999996597
2376.4629999999656
2386.51999999996449
2388.88899999996423
2395.01799999996356
2396.27999999996342
2397.47199999996329
2398.46499999996318
2402.15599999996277
2409.40199999996197
2416.68399999996117
2419.85699999996082
2421.48499999996064
2423.54199999996042
2427.34499999996
2427.87299999995994
2429.41499999995977
2433.95999999995927
2444.18999999995814
2445.532999999958
2447.19999999995781
2448.80599999995763
2449.93299999995751
2450.43699999995746
2452.07899999995727
2461.88099999995619
2468.31299999995549
2469.69399999995533
2470.73399999995522
2525.57899999994918
2536.22599999994801
2540.42299999994754
2544.86199999994706
2546.69399999994685
2546.86399999994684
2557.00699999994572
2557.79399999994563
2559.16699999994548
2560.28299999994536
2563.65099999994499
2567.39599999994457
2579.20899999994327
2580.97199999994308
2584.61999999994268
2586.04299999994252
2588.29199999994227
2591.59499999994191
2597.42999999994127
2617.28199999993908
2619.65199999993882
2622.37899999993852
2631.34499999993753
2668.32999999993346
2669.87099999993329
2671.02099999993316
2674.58399999993277
2676.1259999999326
2678.8029999999323
2679.56399999993222
2681.587999999932
2682.95599999993185
2684.42799999993168
2686.53499999993145
2709.00099999992898
2712.94099999992854
2713.86899999992844
2714.80899999992834
2715.61499999992825
2742.18599999992532
2745.86299999992492
2749.6919999999245
2752.3429999999242
2760.24199999992334
2776.27399999992157
2777.7779999999214
2778.46199999992133
2780.39499999992112
2781.15899999992103
2830.19299999991563
2832.3249999999154
2835.55399999991504
2837.88399999991478
2840.05799999991454
2842.05099999991432
2843.45799999991417
2847.85799999991369
2855.33599999991286
2863.57099999991196
2865.36899999991176
2868.37499999991143
2871.26399999991111
2873.74799999991083
2877.44199999991043
2890.07199999990904
2911.10399999990672
2912.90099999990652
2918.30999999990593
2919.15299999990583
2919.88599999990575
2925.12099999990518
2926.93799999990498
2927.57499999990491
2942.84299999990322
2948.88299999990256
2950.3639999999024
2951.51599999990227
2952.53899999990216
2954.33099999990196
2956.20299999990175
2967.32999999990053
2972.20699999989999
2974.01499999989979
2978.85299999989926
2980.84899999989904
2982.0849999998989
2983.14299999989879
2983.85299999989871
2987.5859999998983
2988.4399999998982
2989.26099999989811
3027.68999999989388
3029.16299999989372
3030.07899999989362
3106.78299999988517
3108.66299999988496
3109.58599999988486
3111.25499999988468
3124.32499999988324
3132.14099999988238
3165.10999999987875
3167.3409999998785
3172.32699999987795
3174.43999999987772
3199.56699999987495
3201.59399999987473
3202.13399999987467
3206.54599999987418
3213.90199999987337
3220.58099999987264
3224.33399999987222
3227.17599999987191
3233.6049999998712
3240.48399999987044
3241.50199999987033
3241.86699999987029
3245.77499999986986
3259.48499999986835
3261.23399999986816
3261.82599999986809
3263.21599999986794
3283.03399999986576
3284.17999999986563
3286.64599999986536
3290.23299999986496
3293.05899999986465
3295.13499999986442
3297.81899999986413
3300.05999999986388
3301.95499999986367
3302.6439999998636
3306.88099999986313
3307.70499999986304
3315.09299999986223
3317.74299999986194
3344.59899999985898
3345.66799999985886
3346.91899999985872
3347.29599999985868
3349.95599999985839
3352.31999999985813
3353.516999999858
3353.94099999985795
3355.17799999985781
3356.91899999985762
3366.53599999985656
3367.30599999985648
3369.58199999985623
3373.16499999985583
3380.21799999985505
3381.07099999985496
3382.07799999985485
3387.12399999985429
3403.17099999985253
3410.18899999985175
3411.43599999985162
3413.57699999985138
3414.78299999985125
3416.84999999985102
3417.85099999985091
3418.92299999985079
3421.23099999985054
3422.00199999985045
3422.97499999985035
3424.08799999985022
3442.29099999984822
3455.68099999984674
3472.3809999998449
3473.10499999984482
3474.36999999984469
3474.95999999984462
3476.9939999998444
3478.21599999984426
3481.20199999984393
3483.64299999984366
3485.36499999984347
3486.77299999984332
3487.36099999984325
3491.70799999984278
3493.3319999998426
3496.61699999984224
3501.91299999984165
3503.54899999984147
3507.98899999984098
3513.34999999984039
3520.22599999983964
3523.81099999983924
3524.65999999983915
3525.26399999983908
3539.44599999983752
3540.77799999983737
3542.76299999983715
3546.24199999983677
3550.05199999983635
3551.23199999983622
3554.94099999983581
3558.99599999983536
3561.77999999983506
3569.67099999983419
3573.66599999983375
3575.72499999983352
3577.39999999983334
3579.20399999983314
3606.91999999983009
3615.10599999982919
3617.48599999982892
3619.19899999982873
3622.89599999982833
3625.03699999982809
3625.78099999982801
3626.08999999982798
3629.13699999982764
3632.27399999982729
3633.18099999982719
3645.35799999982585
3646.28999999982575
3647.53299999982561
3648.5759999998255
3650.25799999982531
3652.58099999982506
3654.0099999998249
3655.8769999998247
3658.38199999982442
3659.38299999982431
3666.07299999982357
3676.57499999982242
3678.32699999982222
3681.00299999982193
3683.59899999982164
3691.50399999982077
3694.34299999982046
3698.75099999981997
3702.1699999998196
3703.68399999981943
3707.92999999981896
3719.90999999981764
3720.98799999981752
3726.84699999981688
3727.40499999981682
3727.85499999981677
3729.05599999981664
3729.56899999981658
3732.89599999981621
3740.59899999981536
3741.1439999998153
3746.58199999981471
3747.5309999998146
3748.63499999981448
3749.95199999981433
3753.77699999981391
3755.05599999981377
3759.46299999981329
3773.23699999981177
3774.60499999981162
3778.21699999981122
3782.13499999981079
3782.58799999981074
3783.71199999981062
3791.38999999980977
3794.31199999980945
3795.6789999998093
3797.33399999980912
3797.74199999980907
3798.20899999980902
3798.88799999980894
3799.63899999980886
3800.41099999980878
3803.47099999980844
3806.5899999998081
3806.85899999980807
3807.18199999980803
3807.78999999980796
3812.47199999980745
3814.09499999980727
3815.23099999980714
3816.541999999807
3817.67999999980688
3834.37099999980504
3834.89899999980498
3840.90999999980432
3846.13999999980374
3847.60799999980358
3849.69199999980335
3850.01899999980331
3850.44099999980327
3850.84599999980322
3851.52199999980315
3859.37299999980228
3860.49699999980216
3861.31899999980207
3861.80799999980202
3862.48599999980194
3867.56899999980138
3868.39699999980129
3869.49899999980117
3895.46099999979831
3896.4349999997982
3898.51499999979797
3898.99499999979792
3940.54199999979334
3942.12699999979317
3948.80099999979243
3948.97899999979241
3949.62099999979234
3950.08599999979229
3950.73099999979222
3951.23599999979217
3952.34399999979204
3958.45699999979137
3992.08199999978767
3992.51299999978762
3993.12499999978755
3994.95099999978735
3995.47099999978729
3996.3209999997872
4000.37299999978675
4006.98699999978603
4008.90199999978582
4016.50999999978498
4020.27499999978456
4020.76199999978451
4021.23999999978446
4027.00899999978382
4028.92899999978361
4031.12699999978337
4031.32499999978335
4032.04299999978327
4035.3339999997829
4035.85199999978285
4037.50099999978267
4039.9359999997824
4040.37599999978235
4042.09599999978216
4043.91099999978196
4047.68799999978154
4047.95199999978151
4057.93299999978042
4063.16599999977984
4063.44299999977981
4064.11999999977973
4064.92799999977964
4066.64699999977946
4069.34399999977916
4069.92499999977909
4070.16999999977907
4071.16699999977896
4071.63999999977891
4086.35699999977728
4087.1059999997772
4088.0369999997771
4123.55299999977319
4129.48099999977254
4132.13099999977224
4134.59899999977197
4135.07699999977192
4138.29799999977156
4138.95299999977149
4139.60499999977142
4142.69199999977108
4148.50699999977044
4155.74599999976964
4162.20399999976893
4166.0949999997685
4167.99899999976829
4168.37599999976825
4170.42199999976803
4171.91399999976786
4172.54899999976779
4176.46499999976736
4176.91399999976731
4177.75399999976722
4185.69799999976634
4187.76599999976612
4197.29699999976507
4198.92499999976489
4205.74899999976414
4206.80099999976402
4211.4929999997635
4212.67599999976337
4215.52099999976306
4216.71099999976293
4217.31599999976286
4217.67699999976282
4218.53399999976273
4236.43799999976076
4237.8299999997606
4239.31999999976044
4239.87099999976038
4241.80599999976016
4247.05999999975959
4248.7499999997594
4249.10799999975936
4250.02399999975926
4251.12599999975914
4256.9229999997585
4267.07299999975738
4269.12999999975716
4270.16699999975704
4270.512999999757
4273.61799999975666
4275.28099999975648
4275.86999999975641
4276.62699999975633
4277.7819999997562
4299.88399999975377
4301.4319999997536
4302.66099999975346
4303.33099999975339
4304.59499999975325
4305.68799999975313
4308.79899999975279
4312.24099999975241
4312.96899999975233
4328.71999999975059
4331.02599999975034
4333.76599999975004
4334.34699999974997
4336.56899999974973
4339.14599999974944
4344.47999999974886
4345.12399999974879
4346.17299999974867
4348.20199999974845
4359.38799999974721
4361.44199999974699
4366.34599999974645
4367.34899999974634
4368.20899999974624
4392.12499999974361
4392.94699999974352
4394.23399999974338
4394.50899999974335
4395.22499999974327
4399.13899999974284
4399.81299999974276
4400.50299999974269
4403.69999999974233
4404.0199999997423
4405.01299999974219
4405.91499999974209
4406.39499999974204
4408.81099999974177
4410.02499999974164
4412.77299999974134
4413.39199999974127
4414.13399999974119
4414.9489999997411
4418.06799999974075
4419.4699999997406
4419.98399999974054
4434.26899999973897
4449.49999999973729
4454.77199999973671
4458.34799999973632
4460.99899999973602
4462.86399999973582
4468.24299999973523
4469.3409999997351
4470.18499999973501
4472.1259999997348
4478.15999999973413
4479.50599999973399
4480.65099999973386
4500.03199999973172
4518.48999999972969
4530.2159999997284
4535.39899999972783
4536.07099999972776
4545.41199999972673
4554.16399999972576
4555.08099999972566
4565.84399999972448
4567.19999999972433
4569.84399999972404
4572.83799999972371
4578.3669999997231
4579.59799999972296
4583.69199999972251
4584.7289999997224
4588.24499999972201
4590.33599999972178
4590.89899999972172
4591.79399999972162
4592.30299999972156
4597.25499999972102
4598.14599999972092
4606.02899999972005
4606.62099999971999
4615.49999999971901
4624.75199999971799
4626.05299999971785
4626.70299999971777
4630.9859999997173
4634.6389999997169
4640.1219999997163
4642.76399999971601
4646.68799999971557
4649.1769999997153
4653.02199999971488
4657.62699999971437
4659.04399999971421
4670.19399999971298
4694.77199999971028
4700.29499999970967
4704.5259999997092
4705.65599999970908
4707.47999999970888
4710.45899999970855
4719.79099999970752
4727.2389999997067
4754.95399999970365
4758.67299999970324
4768.60699999970215
4773.89099999970156
4776.53299999970127
4778.32299999970108
4784.92799999970035
4788.46199999969996
4807.63599999969785
4812.46499999969732
4817.71199999969674
4820.16499999969647
4821.84099999969628
4827.72599999969563
4829.21199999969547
4844.23099999969382
4848.44599999969335
4870.11299999969097
4874.20399999969052
4890.32399999968874
4891.66399999968859
4908.33399999968676
4912.82199999968626
4915.64899999968595
4922.90399999968515
4964.63499999968056
5007.13899999967588
5007.93299999967579
5009.94499999967557
5010.73499999967548
5028.00899999967358
5028.88099999967348
5051.20199999967102
5052.63699999967086
5056.08699999967048
5075.14099999966839
5075.9579999996683
5076.65699999966822
5082.2579999996676
5083.57099999966746
5085.82599999966721
5086.41499999966714
5098.31999999966583
5104.18499999966519
5104.68399999966513
5106.25199999966496
5106.97099999966488
5108.6239999996647
5110.3789999996645
5111.06999999966443
5114.22199999966408
5116.7339999996638
5117.39299999966373
5118.72999999966358
5120.04399999966344
5120.73499999966336
5121.46399999966328
5127.24399999966265
5128.33499999966253
5129.25899999966243
5134.31199999966187
5135.12499999966178
5136.39499999966164
5137.56599999966151
5142.04199999966102
5142.79899999966093
5143.76099999966083
5144.9609999996607
5145.75599999966061
5151.91999999965993
5153.1339999996598
5154.52099999965964
5156.06999999965947
5160.356999999659
5161.05799999965892
5197.79099999965488
5198.78999999965477
5199.65399999965467
5201.79699999965444
5203.57899999965424
5206.02599999965397
5206.61499999965391
5210.17599999965351
5211.37899999965338
5214.91299999965299
5219.56599999965248
5222.67399999965214
5223.83799999965201
5224.36099999965195
5224.77699999965191
5225.55699999965182
5226.86799999965168
5229.14399999965142
5231.48999999965117
5232.84699999965102
5236.89399999965057
5238.77899999965036
5239.3579999996503
5239.64699999965027
5339.29999999963929
5340.81099999963913
5368.15699999963611
5368.85799999963604
5379.08599999963491
5379.86299999963483
5400.19399999963259
5413.44099999963113
5416.99099999963074
5417.40299999963069
5417.98999999963063
5419.38199999963047
5420.0759999996304
5420.40299999963036
5423.52399999963002
5424.91299999962986
5425.54799999962979
5430.53199999962924
5432.51499999962903
5494.4739999996222
5497.06299999962192
5513.08299999962015
5515.30199999961991
5517.48699999961967
5518.9969999996195
5520.00599999961939
5523.19599999961904
5534.39799999961781
5535.95999999961763
5537.59199999961745
5539.28399999961727
5540.7649999996171
5541.90699999961698
5545.60899999961657
5546.83599999961644
5548.60699999961624
5549.64199999961613
5562.66399999961469
5564.15199999961453
5567.77199999961413
5572.08699999961366
5574.81699999961335
5575.80399999961325
5577.91499999961301
5626.55399999960766
5635.17899999960671
5636.32899999960658
5637.10699999960649
5639.01399999960628
5643.58499999960578
5644.74199999960565
5646.59599999960545
5647.16599999960539
5649.22999999960516
5655.72799999960444
5656.84599999960432
5657.48199999960425
5661.03499999960386
5662.24999999960372
5665.1799999996034
5665.70199999960334
5666.52299999960325
5667.66699999960313
5670.50399999960282
5672.35199999960261
5737.05099999959549
5738.52899999959532
5744.1939999995947
5745.43799999959456
5746.47399999959445
5747.07899999959438
5752.3639999995938
5753.40599999959369
5754.96399999959351
5755.91199999959341
5756.48099999959335
5758.22799999959315
5758.45699999959313
5759.17699999959305
5761.19699999959283
5763.00199999959263
5791.3969999995895
5792.93199999958933
5799.36299999958862
5816.11699999958678
5818.51899999958651
5819.15299999958644
5820.11499999958634
5821.3389999995862
5828.72299999958539
5835.53899999958464
5838.69699999958429
5839.92599999958416
5841.62799999958397
5863.22299999958159
5864.48299999958145
5872.66399999958055
5890.83399999957855
5893.00499999957831
5894.37399999957816
5896.89499999957788
5900.45699999957749
5902.02699999957732
5904.53899999957704
5905.20999999957697
5931.59199999957406
5951.93599999957182
5952.89899999957171
5954.22599999957157
5976.39699999956913
5982.19499999956849
5983.20199999956838
5992.9749999995673
5994.89999999956709
5997.38299999956682
6004.07399999956608
6006.37999999956582
6008.76399999956556
6009.46299999956548
6012.40399999956516
6013.41199999956505
6037.32499999956242
6038.44899999956229
6038.87599999956225
6049.49699999956108
6051.59399999956084
6052.64299999956073
6057.96099999956014
6059.77899999955994
6060.42999999955987
6063.90899999955949
6065.6359999995593
6067.4289999995591
6068.12299999955902
6113.47399999955403
6114.18299999955395
6117.14399999955363
6119.71599999955334
6120.72999999955323
6122.29299999955306
6123.03599999955298
6123.61599999955291
6127.3349999995525
6142.27499999955086
6143.03299999955077
6144.22699999955064
6144.87699999955057
6161.03699999954879
6162.04599999954868
6172.02699999954758
6172.96299999954748
6176.92399999954704
6181.95399999954649
6189.75299999954563
6194.12099999954515
6195.14299999954504
6205.73999999954387
6206.50599999954378
6215.4329999995428
6218.21799999954249
6219.29399999954238
6220.21299999954227
6224.5339999995418
6226.07799999954163
6234.93899999954065
6242.58799999953981
6243.12899999953975
6247.2649999995393
6248.95399999953911
6259.53999999953794
6296.63699999953386
6302.29799999953323
6303.88299999953306
6307.38899999953267
6308.62399999953254
6309.69499999953242
6329.00599999953029
6342.35399999952882
6343.38699999952871
6345.98899999952842
6348.54699999952814
6349.56399999952803
6352.14599999952774
6363.26199999952652
6365.67399999952625
6441.34399999951792
6443.66699999951766
6445.42599999951747
6457.34699999951616
6459.26799999951595
6460.86999999951577
6464.33899999951539
6474.42299999951428
6480.91899999951356
6485.95699999951301
6487.36399999951285
6490.69999999951248
6492.13499999951233
6501.4419999995113
6514.24399999950989
6529.95699999950816
6530.84799999950806
6551.4039999995058
6552.2939999995057
6557.50999999950513
6558.16299999950505
6561.00299999950474
6581.53199999950248
6582.50199999950237
6583.42599999950227
6586.85999999950189
6590.09799999950154
6598.03599999950066
6609.24599999949943
6615.40499999949875
6616.65599999949861
6618.01999999949846
6653.0759999994946
6656.46499999949423
6657.47499999949412
6658.98599999949395
6660.56799999949378
6662.75399999949354
6671.83199999949254
6678.67199999949178
6688.09699999949074
6734.46799999948564
6736.45899999948542
6737.28099999948533
6741.69399999948484
6757.44399999948311
6763.8339999994824
6765.30499999948224
6767.44199999948201
6774.60999999948122
6792.59099999947924
6793.24599999947916
6793.8409999994791
6795.6119999994789
6797.85599999947866
6800.00299999947842
6801.1119999994783
6804.52199999947792
6805.25899999947784
6822.44399999947595
6829.31999999947519
6842.47699999947374
6846.76799999947327
6847.61699999947318
6851.35599999947276
6852.31199999947266
6852.95599999947259
6857.61099999947208
6859.31799999947189
6864.15499999947135
6904.45299999946692
6909.19199999946639
6912.61299999946602
6913.38399999946593
6917.00899999946553
6923.04899999946487
6925.92799999946455
6926.95299999946444
6927.89899999946433
6932.00499999946388
6946.58199999946228
6947.63599999946216
6949.24599999946198
6949.91299999946191
6954.00599999946146
6960.41099999946075
6962.00899999946058
6962.48399999946052
6972.30399999945944
6973.78999999945928
6977.97899999945882
6978.93899999945871
6979.84799999945861
6981.62199999945842
6989.40499999945756
6991.05499999945738
6992.7109999994572
6996.11199999945682
7000.40599999945635
7000.90699999945629
7003.87099999945597
7004.39399999945591
7005.3629999994558
7005.94699999945574
7012.15599999945505
7012.99099999945496
7013.64099999945489
7039.46199999945205
7045.68299999945136
7061.62699999944961
7069.12599999944878
7069.80399999944871
7070.52499999944863
7071.57199999944851
7072.18399999944844
7076.48599999944797
7077.1059999994479
7077.72699999944783
7112.33899999944402
7117.37199999944347
7120.03599999944317
7121.50499999944301
7122.93099999944285
7138.22599999944117
7140.34899999944094
7146.52399999944026
7150.37299999943983
7153.89799999943944
7159.17899999943886
7186.57499999943584
7190.87499999943537
7192.50999999943519
7194.48799999943497
7195.46799999943487
32
-1
0.98300000000000001
15.0010000000000003
30.1549999999999883
55.2840000000000075
131.358000000000075
165.279000000000105
262.172000000000191
311.604000000000235
377.764000000000294
439.824000000000349
508.39900000000041
619.653000000000509
705.974000000000585
826.071000000000692
970.79400000000082
1231.04100000000105
1424.79100000000122
1652.38800000000143
1908.55100000000165
2376.4639999999656
2686.53599999993145
3111.25599999988468
3424.08899999985022
3707.93099999981896
3952.34499999979204
4218.53499999976273
4480.65199999973386
5056.08799999967048
5497.06399999962192
5954.22699999957157
6514.24499999950989
7045.68399999945136
0
0
5000
0
0
0
0
7200
0
0
0
0
0
33
0
7200.00099999943437
154.417000000000096
1800
0
97
0
1
4
7
10
13
16
19
22
25
28
31
34
37
40
43
46
49
52
55
58
61
64
67
70
73
76
79
82
85
88
91
94
97
100
103
106
109
112
115
118
121
124
127
130
133
136
139
142
145
148
151
154
157
160
163
166
169
172
175
178
181
184
187
190
193
196
199
202
205
208
211
214
217
220
223
226
229
232
235
238
241
244
247
250
253
256
259
262
265
268
271
274
277
280
283
286
289
292
295
298
301
304
307
310
313
316
319
322
325
328
331
334
337
340
343
346
349
352
355
358
361
364
367
370
373
376
379
382
385
388
391
394
397
400
403
406
409
412
415
418
421
424
427
430
433
436
439
442
445
448
451
454
457
460
463
466
469
472
475
478
481
484
487
490
493
496
499
502
505
508
511
514
517
520
523
526
529
532
535
538
541
544
547
550
