11
12
19
11
12
19
cPPR1.10
FR2_day2
0
4
9
42
25
10
06
58
24
2
.3
1
287
1
101
1
1
1
1
1
1
1
1
1
1
1
1
1
1
1
1
1
1
1
1
1
1
286
-1
49.195000000000002
52.0700000000000046
55.5410000000000077
56.2870000000000083
57.4550000000000094
58.6620000000000105
62.1300000000000135
63.2060000000000145
64.954000000000016
66.073000000000017
68.4020000000000191
98.0760000000000455
99.4380000000000467
106.547000000000053
109.5800000000000557
111.5380000000000574
111.9890000000000578
113.8370000000000595
115.3960000000000608
116.705000000000062
120.8560000000000657
121.3160000000000661
122.7620000000000674
124.1750000000000686
127.4700000000000716
128.868000000000073
129.060000000000073
131.441000000000075
132.866000000000076
146.663000000000089
147.542000000000089
150.401000000000092
151.284000000000093
151.642000000000093
152.195000000000094
153.289000000000094
156.267000000000097
160.094000000000101
160.752000000000101
161.903000000000102
162.442000000000103
167.233000000000107
170.66400000000011
170.84500000000011
175.572000000000114
179.165000000000117
179.885000000000118
181.97500000000012
182.852000000000121
184.047000000000122
185.569000000000123
187.162000000000125
188.468000000000126
190.675000000000128
192.71000000000013
204.61100000000014
209.476000000000144
211.343000000000146
213.658000000000148
216.856000000000151
219.810000000000154
221.151000000000155
225.327000000000158
227.33300000000016
228.107000000000161
230.569000000000163
231.184000000000164
232.814000000000165
234.328000000000166
235.383000000000167
241.837000000000173
243.648000000000175
248.901000000000179
254.573000000000184
260.81700000000019
262.007000000000191
264.837000000000194
266.122000000000195
267.465000000000196
273.750000000000201
276.719000000000204
277.318000000000205
278.672000000000206
280.182000000000207
281.853000000000209
287.000000000000213
288.653000000000215
289.154000000000215
291.287000000000217
291.982000000000218
292.890000000000218
293.423000000000219
300.383000000000225
301.410000000000226
312.252000000000236
315.833000000000239
331.931000000000253
343.865000000000264
355.277000000000274
356.208000000000275
358.930000000000277
360.884000000000279
362.19900000000028
363.001000000000281
371.585000000000288
376.137000000000292
380.974000000000297
385.1300000000003
386.110000000000301
386.853000000000302
388.591000000000303
389.349000000000304
392.781000000000307
394.961000000000309
395.71800000000031
397.600000000000312
430.406000000000341
432.383000000000342
435.640000000000345
436.498000000000346
441.690000000000351
445.604000000000354
449.489000000000358
451.371000000000359
452.69500000000036
457.307000000000364
461.010000000000368
465.202000000000372
469.948000000000376
474.56000000000038
476.105000000000381
481.081000000000386
482.288000000000387
483.594000000000388
488.931000000000393
491.165000000000395
498.747000000000401
499.880000000000402
507.264000000000409
511.118000000000412
516.126000000000417
517.368000000000418
520.731000000000421
521.146000000000421
524.642000000000424
526.138000000000426
532.294000000000431
536.839000000000435
537.306000000000436
538.408000000000436
540.832000000000439
549.215000000000446
554.360000000000451
559.545000000000455
560.463000000000456
563.224000000000459
569.526000000000464
571.658000000000466
575.99300000000047
577.480000000000471
580.170000000000474
581.433000000000475
584.299000000000477
585.144000000000478
586.540000000000479
589.239000000000482
591.817000000000484
592.975000000000485
595.630000000000487
597.433000000000489
599.584000000000491
600.623000000000492
605.680000000000496
606.382000000000497
610.557000000000501
611.100000000000501
612.901000000000503
614.770000000000504
622.309000000000511
626.301000000000515
651.385000000000537
653.141000000000538
659.136000000000544
664.948000000000549
671.574000000000555
675.729000000000558
684.759000000000566
687.088000000000569
697.635000000000578
703.077000000000583
708.764000000000588
710.89000000000059
720.186000000000598
721.390000000000599
728.775000000000606
730.200000000000607
736.732000000000613
738.048000000000614
745.33700000000062
746.773000000000622
757.850000000000631
759.178000000000633
764.258000000000637
765.385000000000638
765.984000000000639
772.622000000000645
775.599000000000647
781.346000000000652
782.609000000000653
789.59400000000066
790.891000000000661
798.675000000000668
799.533000000000668
806.874000000000675
809.453000000000677
828.635000000000694
835.3810000000007
841.507000000000706
842.689000000000707
848.550000000000712
852.344000000000715
852.774000000000716
856.811000000000719
857.08700000000072
857.90600000000072
860.475000000000723
872.423000000000733
873.214000000000734
878.596000000000739
879.65600000000074
882.491000000000742
883.063000000000743
884.427000000000744
887.048000000000746
887.821000000000747
1101.50200000000094
1102.27500000000094
1111.38900000000095
1116.39100000000095
1123.30100000000096
1124.09100000000096
1134.64500000000097
1136.93100000000097
1147.49700000000098
1149.34600000000098
1155.18400000000098
1156.62800000000099
1156.99400000000099
1160.22300000000099
1162.32300000000099
1170.544000000001
1175.210000000001
1176.318000000001
1179.83600000000101
1180.20600000000101
1189.51000000000101
1190.36400000000102
1205.72700000000103
1206.35300000000103
1212.07400000000103
1213.29200000000104
1219.59500000000104
1223.84800000000105
1230.63800000000105
1231.86200000000105
1232.74200000000105
1243.79700000000106
1245.17300000000106
1245.79200000000106
1251.14800000000107
1253.14200000000107
1260.06400000000108
1260.88300000000108
1266.77400000000108
1267.29000000000108
1276.91600000000109
1277.73200000000109
1284.2030000000011
1289.1090000000011
1294.63100000000111
1296.00200000000111
1296.48900000000111
1303.78100000000112
1304.96500000000112
1311.84200000000112
1312.59000000000112
100
-1
52.0700000000000046
58.6620000000000105
66.073000000000017
99.4380000000000467
109.5800000000000557
116.705000000000062
124.1750000000000686
132.866000000000076
147.542000000000089
156.267000000000097
162.442000000000103
170.84500000000011
179.885000000000118
187.162000000000125
204.61100000000014
213.658000000000148
221.151000000000155
228.107000000000161
235.383000000000167
243.648000000000175
254.573000000000184
262.007000000000191
273.750000000000201
281.853000000000209
289.154000000000215
301.410000000000226
315.833000000000239
343.865000000000264
356.208000000000275
363.001000000000281
376.137000000000292
386.110000000000301
394.961000000000309
432.383000000000342
445.604000000000354
452.69500000000036
465.202000000000372
476.105000000000381
483.594000000000388
491.165000000000395
499.880000000000402
511.118000000000412
520.731000000000421
532.294000000000431
540.832000000000439
554.360000000000451
563.224000000000459
571.658000000000466
580.170000000000474
589.239000000000482
597.433000000000489
606.382000000000497
614.770000000000504
626.301000000000515
653.141000000000538
664.948000000000549
675.729000000000558
687.088000000000569
703.077000000000583
710.89000000000059
721.390000000000599
730.200000000000607
738.048000000000614
746.773000000000622
759.178000000000633
765.984000000000639
775.599000000000647
782.609000000000653
790.891000000000661
799.533000000000668
809.453000000000677
835.3810000000007
842.689000000000707
852.344000000000715
860.475000000000723
873.214000000000734
879.65600000000074
887.821000000000747
1102.27500000000094
1116.39100000000095
1124.09100000000096
1136.93100000000097
1149.34600000000098
1156.62800000000099
1170.544000000001
1179.83600000000101
1190.36400000000102
1206.35300000000103
1213.29200000000104
1223.84800000000105
1231.86200000000105
1245.17300000000106
1253.14200000000107
1260.88300000000108
1267.29000000000108
1277.73200000000109
1289.1090000000011
1296.00200000000111
1304.96500000000112
1312.59000000000112
2
0
5000
0
0
0
0
2700
99
0
0
0
0
0
0
1312.59000000000112
0
0
0
0
0
0
