12
13
19
12
13
19
cPPR1.13
PR3_day2.5
0
3
11
01
27
11
43
05
23
3
.3
1
95
1
9
1
1
1
1
1
1
1
1
1
1
1
1
1
1
1
1
1
1
1
1
1
184
94
-1
21.3479999999999958
25.0229999999999927
26.984999999999991
28.3469999999999899
71.3930000000000218
71.8780000000000222
77.1740000000000269
81.3750000000000306
81.6640000000000309
81.9980000000000312
82.3210000000000315
84.070000000000033
84.3950000000000333
89.1610000000000375
91.2970000000000394
92.0130000000000401
92.6480000000000406
93.9760000000000418
94.2790000000000421
96.9720000000000445
97.2100000000000447
97.4760000000000449
97.7800000000000452
101.9430000000000489
133.915000000000077
134.875000000000078
135.599000000000079
138.327000000000081
138.692000000000082
139.003000000000082
140.222000000000083
141.693000000000084
141.920000000000084
142.218000000000085
142.484000000000085
142.762000000000085
145.351000000000087
188.358000000000126
191.937000000000129
192.250000000000129
192.515000000000129
192.86900000000013
193.22600000000013
193.51000000000013
193.945000000000131
194.234000000000131
194.716000000000131
196.979000000000133
197.282000000000134
197.619000000000134
197.902000000000134
200.371000000000136
200.783000000000137
217.419000000000151
559.682000000000455
560.233000000000456
560.833000000000456
561.153000000000457
563.739000000000459
564.53800000000046
564.81000000000046
565.26600000000046
565.526000000000461
565.825000000000461
568.150000000000463
568.493000000000463
568.783000000000463
569.381000000000464
569.688000000000464
570.305000000000465
570.498000000000465
572.170000000000466
598.81200000000049
599.654000000000491
599.946000000000491
601.044000000000492
601.333000000000492
601.643000000000493
601.919000000000493
602.281000000000493
604.312000000000495
604.591000000000495
604.883000000000496
606.415000000000497
606.721000000000497
607.152000000000498
607.435000000000498
607.963000000000498
610.3080000000005
610.761000000000501
611.133000000000501
611.440000000000501
611.799000000000502
612.718000000000502
8
-1
21.3489999999999958
71.8790000000000222
84.3960000000000333
101.9440000000000489
145.352000000000087
200.784000000000137
572.171000000000466
612.719000000000502
0
0
5000
0
0
0
0
7200
0
0
0
0
0
9
0
2412.8199999999616
1800.00000000000156
1800
0
25
0
1
4
7
10
13
16
19
22
25
28
31
34
37
40
43
46
49
52
55
58
61
64
67
70
73
76
79
82
85
88
91
94
97
100
103
106
109
112
115
118
121
124
127
130
133
136
139
142
145
148
151
154
157
160
163
166
169
172
175
178
181
184
187
190
193
196
199
202
205
208
211
214
217
220
223
226
229
232
235
238
241
244
247
250
253
256
259
262
265
268
271
274
277
280
283
286
289
292
295
298
301
304
307
310
313
316
319
322
325
328
331
334
337
340
343
346
349
352
355
358
361
364
367
370
373
376
379
382
385
388
391
394
397
400
403
406
409
412
415
418
421
424
427
430
433
436
439
442
445
448
451
454
457
460
463
466
469
472
475
478
481
484
487
490
493
496
499
502
505
508
511
514
517
520
523
526
529
532
535
538
541
544
547
550
