11
27
19
11
27
19
cPPR1.15
PR3_day3
0
1
13
16
22
14
17
36
23
3
.3
1
2304
1
40
1
1
1
1
1
1
1
1
1
1
1
1
1
1
1
1
1
1
1
1
1
184
2303
-1
6.80700000000000013
18.2139999999999984
18.2799999999999984
19.6879999999999972
19.8279999999999971
19.9839999999999969
21.7059999999999955
22.0679999999999952
23.2759999999999942
23.9319999999999936
24.1259999999999934
24.4039999999999932
24.593999999999993
24.7739999999999929
25.806999999999992
26.0219999999999918
27.8039999999999903
27.9619999999999902
28.14099999999999
28.3629999999999899
28.6349999999999896
38.1529999999999922
38.2999999999999924
38.4789999999999925
38.6599999999999927
38.8589999999999929
39.4909999999999934
39.6529999999999936
39.8359999999999937
40.0099999999999939
40.166999999999994
40.3829999999999942
44.2019999999999976
44.4249999999999978
45.3039999999999986
45.6039999999999989
45.8569999999999991
45.9999999999999992
46.1759999999999994
46.3609999999999995
47.0020000000000001
47.2630000000000003
48.3830000000000013
48.7410000000000016
50.4880000000000032
50.6430000000000033
51.1680000000000038
51.5660000000000042
57.3130000000000093
57.5010000000000094
58.0850000000000099
58.3460000000000102
58.5090000000000103
58.6580000000000105
59.310000000000011
59.8310000000000115
60.1920000000000118
60.364000000000012
60.5310000000000121
60.6900000000000123
60.8760000000000124
61.0620000000000126
61.2360000000000127
61.8600000000000133
67.176000000000018
67.4120000000000182
67.5670000000000184
68.4670000000000192
68.6840000000000194
68.8510000000000195
69.0140000000000196
69.2280000000000198
71.3410000000000217
71.4910000000000218
71.659000000000022
71.9130000000000222
72.0850000000000224
72.4140000000000227
72.822000000000023
73.2090000000000234
73.4930000000000236
73.7670000000000239
73.928000000000024
83.1560000000000322
83.3760000000000324
83.5880000000000326
83.7540000000000327
84.3180000000000332
84.4720000000000334
84.6290000000000335
84.7950000000000337
84.9940000000000338
85.2540000000000341
85.4480000000000342
85.6190000000000344
85.7800000000000345
86.8300000000000355
87.0670000000000357
87.2540000000000359
87.468000000000036
91.1670000000000393
91.3540000000000395
91.5300000000000396
91.7100000000000398
92.0290000000000401
102.3300000000000492
102.4790000000000494
102.8020000000000497
103.3900000000000502
103.5520000000000503
103.7220000000000505
103.8860000000000506
104.0990000000000508
105.5040000000000521
105.7110000000000522
105.9010000000000524
106.0680000000000526
106.2170000000000527
106.8100000000000532
108.4940000000000547
108.6580000000000549
109.4860000000000556
109.6770000000000558
109.8340000000000559
110.0070000000000561
110.2320000000000563
112.0900000000000579
112.6860000000000584
112.8600000000000586
112.9700000000000587
113.0450000000000588
115.3260000000000608
115.8890000000000613
116.5280000000000618
117.1100000000000624
117.3990000000000626
117.6010000000000628
117.793000000000063
117.9730000000000631
118.1570000000000633
118.3390000000000635
118.6090000000000637
118.7880000000000639
118.984000000000064
119.1880000000000642
119.3740000000000644
119.8100000000000648
120.7970000000000656
121.0370000000000658
121.6170000000000664
121.7750000000000665
121.9430000000000667
122.0900000000000668
122.315000000000067
122.5110000000000672
122.7720000000000674
122.9990000000000676
123.1840000000000678
123.6350000000000682
124.4440000000000689
124.597000000000069
124.7650000000000692
124.9920000000000694
125.1480000000000695
125.3150000000000696
125.71500000000007
125.9620000000000702
126.9680000000000711
136.357000000000079
137.01800000000008
137.31400000000008
137.46500000000008
137.682000000000081
137.855000000000081
138.028000000000081
138.481000000000081
138.965000000000082
139.195000000000082
139.576000000000082
140.077000000000083
141.103000000000084
141.346000000000084
141.520000000000084
141.714000000000084
141.876000000000084
142.082000000000085
142.252000000000085
142.530000000000085
142.711000000000085
142.891000000000085
143.295000000000086
145.989000000000088
146.183000000000088
146.349000000000088
146.849000000000089
147.021000000000089
147.156000000000089
147.327000000000089
147.547000000000089
159.4090000000001
159.6350000000001
160.183000000000101
160.267000000000101
160.438000000000101
160.621000000000101
161.810000000000102
162.098000000000102
162.765000000000103
163.073000000000103
163.689000000000104
164.010000000000104
164.167000000000104
164.342000000000104
164.528000000000104
164.668000000000105
164.887000000000105
166.096000000000106
166.418000000000106
168.538000000000108
168.825000000000108
169.010000000000108
169.193000000000109
169.361000000000109
170.155000000000109
170.69000000000011
170.85400000000011
171.01600000000011
171.19300000000011
171.355000000000111
171.509000000000111
171.762000000000111
171.990000000000111
172.336000000000111
178.080000000000117
178.347000000000117
178.440000000000117
178.940000000000117
179.920000000000118
180.228000000000118
180.428000000000119
180.584000000000119
180.755000000000119
180.902000000000119
181.136000000000119
181.329000000000119
181.56300000000012
181.74000000000012
182.31800000000012
182.49200000000012
182.667000000000121
182.858000000000121
183.103000000000121
183.267000000000121
183.438000000000121
183.614000000000121
183.882000000000122
184.723000000000122
185.292000000000123
185.604000000000123
185.817000000000123
186.039000000000124
186.762000000000124
187.023000000000124
188.260000000000126
188.593000000000126
188.769000000000126
188.917000000000126
189.403000000000127
189.803000000000127
190.321000000000127
190.615000000000128
204.04500000000014
204.25500000000014
204.49300000000014
205.215000000000141
205.364000000000141
205.607000000000141
205.763000000000141
206.022000000000141
207.630000000000143
207.976000000000143
208.165000000000143
208.381000000000143
208.587000000000144
209.538000000000144
211.074000000000146
211.446000000000146
211.637000000000146
211.966000000000147
212.212000000000147
212.790000000000147
212.973000000000148
213.147000000000148
213.392000000000148
213.598000000000148
213.779000000000148
214.047000000000148
214.260000000000149
214.445000000000149
214.702000000000149
214.934000000000149
215.45700000000015
215.79100000000015
217.783000000000152
218.000000000000152
218.146000000000152
218.544000000000152
218.751000000000153
218.905000000000153
219.291000000000153
219.477000000000153
230.625000000000163
230.818000000000163
232.285000000000165
232.441000000000165
232.604000000000165
232.781000000000165
232.956000000000165
233.138000000000165
233.309000000000166
233.493000000000166
233.730000000000166
233.843000000000166
234.012000000000166
234.205000000000166
234.454000000000167
234.898000000000167
235.235000000000167
235.404000000000167
236.772000000000169
236.911000000000169
237.097000000000169
237.223000000000169
237.428000000000169
237.618000000000169
238.11100000000017
238.62500000000017
238.79100000000017
238.954000000000171
240.167000000000172
240.414000000000172
240.572000000000172
240.770000000000172
240.951000000000172
241.149000000000173
241.570000000000173
241.857000000000173
242.152000000000173
242.487000000000174
243.119000000000174
243.295000000000174
244.657000000000176
245.295000000000176
247.029000000000178
247.256000000000178
273.455000000000201
273.830000000000202
274.301000000000202
274.535000000000202
274.703000000000202
275.050000000000203
275.585000000000203
275.998000000000203
276.148000000000204
276.333000000000204
276.563000000000204
276.905000000000204
278.525000000000206
279.550000000000207
279.743000000000207
279.910000000000207
280.068000000000207
280.568000000000208
281.039000000000208
281.192000000000208
281.401000000000208
281.812000000000209
282.141000000000209
282.302000000000209
282.453000000000209
282.677000000000209
282.87400000000021
283.09300000000021
283.62600000000021
284.065000000000211
284.365000000000211
285.162000000000212
285.485000000000212
286.467000000000213
286.713000000000213
286.928000000000213
287.610000000000214
287.776000000000214
287.940000000000214
288.265000000000214
288.530000000000215
289.371000000000215
291.263000000000217
292.102000000000218
292.623000000000218
292.932000000000218
293.087000000000219
307.822000000000232
307.983000000000232
308.579000000000232
308.729000000000233
308.890000000000233
309.022000000000233
309.184000000000233
309.315000000000233
309.474000000000233
309.863000000000234
310.151000000000234
310.445000000000234
311.289000000000235
311.862000000000235
314.083000000000237
314.369000000000238
314.681000000000238
314.817000000000238
315.025000000000238
315.164000000000238
315.383000000000238
315.569000000000239
315.726000000000239
315.895000000000239
316.138000000000239
316.313000000000239
316.502000000000239
317.01600000000024
318.277000000000241
319.259000000000242
319.604000000000242
319.806000000000242
320.011000000000243
320.191000000000243
320.387000000000243
320.621000000000243
320.773000000000243
320.965000000000243
321.134000000000244
321.908000000000244
322.277000000000245
322.639000000000245
322.793000000000245
323.045000000000245
323.255000000000245
323.809000000000246
325.393000000000247
325.612000000000248
325.823000000000248
326.058000000000248
330.110000000000252
330.451000000000252
330.693000000000252
330.876000000000252
331.543000000000253
331.733000000000253
332.140000000000253
332.277000000000253
332.674000000000254
333.069000000000254
333.860000000000255
334.228000000000255
334.489000000000255
335.049000000000256
335.285000000000256
335.412000000000256
335.601000000000256
336.650000000000257
337.649000000000258
337.896000000000258
339.98500000000026
340.455000000000261
340.631000000000261
340.912000000000261
341.066000000000261
342.555000000000263
343.138000000000263
344.375000000000264
346.272000000000266
346.465000000000266
346.625000000000266
346.790000000000266
347.108000000000267
347.246000000000267
348.288000000000268
348.429000000000268
348.617000000000268
348.980000000000268
349.130000000000268
349.310000000000269
349.421000000000269
349.711000000000269
349.903000000000269
350.167000000000269
350.48800000000027
350.67300000000027
350.85700000000027
351.13300000000027
351.41200000000027
351.764000000000271
352.028000000000271
352.514000000000271
353.557000000000272
353.876000000000273
354.045000000000273
354.205000000000273
359.782000000000278
360.099000000000278
363.402000000000281
363.772000000000281
364.698000000000282
364.835000000000282
365.920000000000283
366.136000000000284
377.896000000000294
378.656000000000295
378.953000000000295
379.083000000000295
379.285000000000295
379.414000000000295
379.619000000000296
379.807000000000296
380.566000000000296
381.167000000000297
381.347000000000297
381.526000000000297
381.645000000000297
381.796000000000297
381.939000000000298
382.090000000000298
382.273000000000298
383.060000000000299
383.850000000000299
385.0500000000003
385.351000000000301
385.534000000000301
385.822000000000301
385.963000000000301
386.239000000000301
386.541000000000302
386.704000000000302
386.826000000000302
386.906000000000302
387.805000000000303
388.329000000000303
388.983000000000304
389.592000000000304
389.780000000000305
391.227000000000306
391.410000000000306
391.564000000000306
391.778000000000306
392.754000000000307
392.963000000000307
393.569000000000308
393.746000000000308
393.925000000000308
394.135000000000308
394.295000000000309
394.613000000000309
395.96400000000031
401.196000000000315
401.524000000000315
401.835000000000315
402.649000000000316
403.344000000000317
404.010000000000317
404.195000000000317
404.429000000000318
404.556000000000318
404.855000000000318
405.046000000000318
405.367000000000318
405.556000000000319
406.98800000000032
407.32300000000032
407.50200000000032
407.69100000000032
408.763000000000321
409.023000000000322
409.357000000000322
410.482000000000323
411.047000000000323
411.217000000000324
411.637000000000324
411.808000000000324
411.957000000000324
412.221000000000324
412.424000000000325
412.673000000000325
412.864000000000325
413.405000000000326
413.709000000000326
414.544000000000327
414.725000000000327
415.389000000000327
416.078000000000328
416.286000000000328
416.482000000000328
418.50100000000033
418.98000000000033
419.188000000000331
419.382000000000331
420.476000000000332
420.756000000000332
421.054000000000332
421.217000000000332
421.398000000000333
422.711000000000334
423.080000000000334
423.279000000000334
423.495000000000334
423.690000000000335
423.843000000000335
423.982000000000335
424.095000000000335
424.294000000000335
424.655000000000336
424.857000000000336
425.153000000000336
431.910000000000342
432.216000000000342
432.553000000000342
433.174000000000343
434.444000000000344
434.489000000000344
435.181000000000345
435.330000000000345
435.546000000000345
435.717000000000345
435.872000000000345
436.015000000000346
436.224000000000346
436.448000000000346
436.662000000000346
437.178000000000347
437.382000000000347
438.263000000000348
438.436000000000348
438.616000000000348
438.933000000000348
440.49900000000035
442.969000000000352
443.175000000000352
443.605000000000352
443.724000000000352
444.006000000000353
444.147000000000353
444.372000000000353
444.559000000000353
444.840000000000353
447.201000000000356
447.515000000000356
447.670000000000356
447.873000000000356
448.040000000000356
448.224000000000356
448.477000000000357
448.713000000000357
449.196000000000357
449.394000000000358
450.331000000000358
450.553000000000358
450.713000000000359
451.510000000000359
452.28400000000036
452.58000000000036
452.76700000000036
452.964000000000361
453.181000000000361
453.438000000000361
453.631000000000361
453.830000000000361
454.275000000000362
454.444000000000362
454.625000000000362
455.520000000000363
457.343000000000365
457.838000000000365
458.442000000000366
458.774000000000366
458.932000000000366
477.524000000000382
477.763000000000383
480.660000000000385
480.867000000000385
481.299000000000386
481.490000000000386
481.633000000000386
481.926000000000386
482.089000000000387
483.323000000000388
483.769000000000388
483.962000000000388
485.121000000000389
485.352000000000389
486.20700000000039
486.830000000000391
487.038000000000391
487.276000000000391
487.433000000000391
487.591000000000391
487.849000000000392
488.024000000000392
488.165000000000392
488.465000000000392
489.269000000000393
489.816000000000393
489.957000000000394
490.195000000000394
490.368000000000394
491.014000000000394
491.194000000000395
491.445000000000395
491.610000000000395
491.748000000000395
491.931000000000395
492.124000000000395
492.306000000000396
492.509000000000396
492.787000000000396
492.968000000000396
493.213000000000396
494.054000000000397
494.291000000000397
496.297000000000399
496.495000000000399
497.3380000000004
497.7820000000004
498.372000000000401
498.676000000000401
498.917000000000401
499.043000000000402
499.203000000000402
499.347000000000402
499.483000000000402
499.688000000000402
503.889000000000406
504.185000000000406
504.388000000000406
504.555000000000406
504.699000000000407
504.983000000000407
505.294000000000407
505.630000000000407
506.122000000000408
506.437000000000408
514.916000000000416
517.064000000000418
517.381000000000418
517.593000000000418
517.841000000000418
517.998000000000418
518.296000000000419
518.450000000000419
518.617000000000419
518.819000000000419
519.072000000000419
519.24900000000042
519.50500000000042
521.421000000000421
521.622000000000422
521.787000000000422
521.958000000000422
522.087000000000422
522.380000000000422
522.514000000000422
522.680000000000423
522.850000000000423
522.973000000000423
523.176000000000423
523.384000000000423
523.788000000000424
524.164000000000424
524.801000000000424
524.967000000000425
525.353000000000425
525.594000000000425
525.778000000000425
526.802000000000426
527.025000000000426
527.456000000000427
536.119000000000434
536.753000000000435
536.980000000000435
537.708000000000436
537.869000000000436
538.604000000000437
539.008000000000437
539.264000000000437
539.429000000000437
539.689000000000438
539.921000000000438
540.508000000000438
541.734000000000439
543.751000000000441
543.920000000000441
544.139000000000442
544.263000000000442
544.424000000000442
544.673000000000442
544.936000000000442
545.150000000000442
545.633000000000443
547.741000000000445
548.013000000000445
548.154000000000445
548.789000000000446
548.957000000000446
549.712000000000447
549.999000000000447
550.314000000000447
550.497000000000447
550.632000000000447
550.878000000000448
555.040000000000451
555.506000000000452
556.593000000000453
556.908000000000453
557.113000000000453
557.256000000000453
557.394000000000453
557.547000000000454
557.851000000000454
558.047000000000454
558.244000000000454
558.388000000000454
558.577000000000454
558.776000000000455
559.050000000000455
559.240000000000455
559.414000000000455
559.729000000000455
559.888000000000456
560.043000000000456
560.899000000000456
561.456000000000457
561.644000000000457
561.790000000000457
561.999000000000457
562.140000000000458
562.396000000000458
563.341000000000459
563.648000000000459
563.835000000000459
564.29500000000046
564.99200000000046
565.696000000000461
565.876000000000461
566.054000000000461
566.334000000000461
566.530000000000462
566.912000000000462
567.018000000000462
567.201000000000462
567.315000000000462
567.434000000000462
567.612000000000462
567.933000000000463
568.793000000000464
569.015000000000464
569.196000000000464
569.371000000000464
569.555000000000464
570.290000000000465
571.492000000000466
571.832000000000466
573.694000000000468
573.949000000000468
574.138000000000468
574.300000000000468
574.544000000000469
574.704000000000469
574.994000000000469
575.170000000000469
575.515000000000469
576.17600000000047
577.182000000000471
577.929000000000472
578.146000000000472
578.479000000000472
579.247000000000473
580.378000000000474
580.690000000000474
580.950000000000474
581.104000000000474
581.256000000000475
581.436000000000475
604.241000000000495
605.852000000000496
606.162000000000497
606.437000000000497
606.606000000000497
606.749000000000497
607.379000000000498
609.8090000000005
610.0250000000005
610.3670000000005
610.603000000000501
611.230000000000501
611.557000000000501
612.061000000000502
612.320000000000502
612.473000000000502
612.900000000000503
613.154000000000503
613.404000000000503
613.924000000000504
614.039000000000504
614.507000000000504
614.808000000000504
615.035000000000505
615.206000000000505
615.401000000000505
615.637000000000505
616.015000000000505
616.547000000000506
619.316000000000508
619.521000000000509
619.673000000000509
619.869000000000509
620.022000000000509
620.202000000000509
620.84400000000051
621.70900000000051
622.000000000000511
622.194000000000511
622.330000000000511
622.496000000000511
622.682000000000511
622.830000000000512
623.019000000000512
623.308000000000512
623.666000000000512
623.864000000000512
624.179000000000513
624.395000000000513
624.762000000000513
625.024000000000513
625.385000000000514
625.633000000000514
625.836000000000514
627.443000000000516
627.777000000000516
627.941000000000516
628.114000000000516
628.289000000000516
628.407000000000516
628.544000000000517
628.801000000000517
628.981000000000517
629.267000000000517
629.552000000000518
629.730000000000518
630.393000000000518
630.889000000000519
631.81600000000052
633.898000000000521
634.082000000000522
635.486000000000523
635.743000000000523
642.115000000000529
642.474000000000529
644.07500000000053
644.475000000000531
644.619000000000531
644.791000000000531
645.094000000000531
646.263000000000532
646.430000000000532
646.522000000000533
646.666000000000533
647.082000000000533
647.319000000000533
647.702000000000534
647.909000000000534
648.097000000000534
648.283000000000534
648.517000000000534
648.995000000000535
649.366000000000535
649.650000000000535
649.993000000000536
650.164000000000536
650.541000000000536
650.660000000000536
650.975000000000536
651.173000000000537
651.308000000000537
651.585000000000537
651.736000000000537
653.005000000000538
653.340000000000539
653.715000000000539
653.893000000000539
654.064000000000539
654.34000000000054
655.821000000000541
656.113000000000541
656.246000000000541
656.417000000000541
656.725000000000542
656.838000000000542
656.948000000000542
657.159000000000542
657.326000000000542
657.596000000000542
658.192000000000543
658.625000000000543
658.843000000000544
659.743000000000544
660.090000000000545
660.280000000000545
660.710000000000545
661.191000000000546
662.791000000000547
663.128000000000547
663.293000000000547
663.496000000000548
663.663000000000548
663.795000000000548
664.034000000000548
664.892000000000549
665.216000000000549
666.05900000000055
667.999000000000552
668.387000000000552
668.630000000000552
668.864000000000552
669.194000000000553
669.335000000000553
669.586000000000553
669.777000000000553
669.911000000000553
670.002000000000553
670.213000000000554
670.371000000000554
670.446000000000554
705.147000000000585
706.543000000000586
707.360000000000587
707.700000000000587
707.992000000000587
708.324000000000587
709.182000000000588
709.928000000000589
710.069000000000589
710.226000000000589
710.442000000000589
710.68800000000059
710.96400000000059
711.24400000000059
711.845000000000591
712.245000000000591
712.906000000000592
713.097000000000592
713.252000000000592
713.507000000000592
714.579000000000593
715.226000000000594
715.490000000000594
715.704000000000594
715.863000000000594
717.384000000000595
717.831000000000596
719.850000000000598
720.686000000000598
720.854000000000599
721.013000000000599
721.305000000000599
722.1700000000006
722.5680000000006
723.697000000000601
723.970000000000601
724.282000000000602
724.614000000000602
725.111000000000602
725.306000000000602
725.480000000000603
725.746000000000603
726.008000000000603
726.163000000000603
726.323000000000603
726.618000000000604
726.924000000000604
728.346000000000605
729.008000000000606
729.183000000000606
729.409000000000606
729.599000000000606
729.766000000000606
730.031000000000607
730.287000000000607
730.513000000000607
731.614000000000608
731.947000000000608
732.179000000000609
732.394000000000609
732.571000000000609
732.764000000000609
732.956000000000609
733.123000000000609
733.59800000000061
734.08500000000061
734.905000000000611
735.340000000000611
735.504000000000612
735.847000000000612
736.130000000000612
737.331000000000613
737.662000000000614
737.947000000000614
738.196000000000614
738.454000000000614
738.948000000000615
739.278000000000615
740.232000000000616
749.443000000000624
750.516000000000625
752.052000000000626
752.246000000000626
753.230000000000627
753.398000000000628
753.675000000000628
753.837000000000628
754.760000000000629
755.144000000000629
755.314000000000629
755.501000000000629
755.77200000000063
755.90300000000063
756.00500000000063
756.26100000000063
757.040000000000631
757.830000000000631
758.950000000000632
759.610000000000633
759.746000000000633
759.899000000000633
760.021000000000633
760.296000000000634
760.553000000000634
760.711000000000634
760.933000000000634
761.117000000000634
761.379000000000635
761.612000000000635
761.967000000000635
762.296000000000635
762.503000000000636
763.161000000000636
764.212000000000637
764.542000000000637
764.836000000000638
765.431000000000638
765.611000000000638
766.360000000000639
766.637000000000639
766.831000000000639
767.08900000000064
768.168000000000641
769.336000000000642
771.483000000000644
771.720000000000644
771.849000000000644
772.069000000000644
772.350000000000644
773.517000000000645
774.144000000000646
775.304000000000647
775.480000000000647
775.767000000000647
775.969000000000648
776.505000000000648
776.954000000000648
777.145000000000649
777.308000000000649
777.600000000000649
777.749000000000649
777.927000000000649
778.21500000000065
781.608000000000652
782.819000000000654
783.040000000000654
783.259000000000654
783.415000000000654
783.595000000000654
783.714000000000654
783.857000000000654
784.351000000000655
784.609000000000655
784.923000000000656
785.096000000000656
785.420000000000656
787.827000000000658
788.021000000000658
788.292000000000658
788.476000000000659
788.675000000000659
810.415000000000678
812.46400000000068
812.56800000000068
812.82200000000068
813.12600000000068
813.295000000000681
813.462000000000681
813.729000000000681
814.176000000000681
815.851000000000683
816.188000000000683
816.635000000000684
816.774000000000684
817.330000000000684
817.783000000000685
820.252000000000687
820.478000000000687
820.645000000000687
821.471000000000688
822.006000000000688
822.204000000000689
822.502000000000689
822.669000000000689
822.950000000000689
823.156000000000689
823.39400000000069
823.79900000000069
824.06300000000069
824.28100000000069
824.530000000000691
826.609000000000692
826.795000000000693
827.981000000000694
828.352000000000694
828.729000000000694
828.996000000000695
829.223000000000695
829.452000000000695
829.695000000000695
829.880000000000695
830.238000000000696
831.019000000000696
831.236000000000697
831.626000000000697
831.841000000000697
832.051000000000697
832.345000000000698
834.072000000000699
834.413000000000699
834.7220000000007
835.800000000000701
836.190000000000701
836.634000000000701
836.828000000000702
836.986000000000702
837.127000000000702
837.246000000000702
837.445000000000702
837.594000000000702
837.718000000000702
837.904000000000702
838.034000000000703
838.148000000000703
838.332000000000703
838.682000000000703
839.191000000000704
839.717000000000704
839.977000000000704
840.138000000000705
840.415000000000705
842.859000000000707
843.199000000000707
843.416000000000707
843.661000000000708
844.496000000000708
845.271000000000709
845.497000000000709
845.98700000000071
847.497000000000711
847.687000000000711
847.906000000000711
848.646000000000712
848.898000000000712
849.503000000000713
850.101000000000713
857.25300000000072
857.47700000000072
858.603000000000721
859.138000000000721
859.321000000000722
859.576000000000722
859.761000000000722
860.010000000000722
860.631000000000723
860.800000000000723
861.188000000000723
861.513000000000724
861.846000000000724
863.395000000000725
864.251000000000726
864.447000000000726
864.606000000000726
864.805000000000726
869.09900000000073
869.35500000000073
869.791000000000731
869.918000000000731
870.149000000000731
870.785000000000732
870.978000000000732
871.739000000000733
872.202000000000733
872.557000000000733
873.051000000000734
874.897000000000735
875.321000000000736
875.561000000000736
875.707000000000736
875.839000000000736
875.945000000000736
876.146000000000736
876.576000000000737
877.703000000000738
878.547000000000739
878.825000000000739
879.125000000000739
879.302000000000739
879.485000000000739
879.62800000000074
879.91000000000074
880.09200000000074
880.33600000000074
880.781000000000741
880.903000000000741
881.038000000000741
882.074000000000742
882.269000000000742
882.448000000000742
882.762000000000742
883.749000000000743
884.131000000000744
884.623000000000744
884.887000000000744
885.562000000000745
886.394000000000746
886.591000000000746
887.173000000000746
887.342000000000746
887.732000000000747
888.007000000000747
888.859000000000748
890.261000000000749
890.601000000000749
891.28400000000075
891.45300000000075
891.65500000000075
891.95200000000075
892.146000000000751
892.348000000000751
892.554000000000751
892.830000000000751
893.019000000000751
893.211000000000752
893.440000000000752
893.686000000000752
893.911000000000752
894.167000000000753
894.769000000000753
895.242000000000754
896.506000000000755
897.725000000000756
898.756000000000757
899.191000000000757
917.657000000000773
918.734000000000774
918.885000000000774
919.132000000000775
919.641000000000775
920.876000000000776
921.308000000000777
921.475000000000777
921.618000000000777
922.276000000000778
922.449000000000778
922.939000000000778
923.068000000000778
923.379000000000778
923.533000000000779
923.744000000000779
927.232000000000782
928.033000000000783
928.229000000000783
928.376000000000783
929.034000000000784
929.192000000000784
929.314000000000784
929.446000000000784
930.079000000000784
933.185000000000787
933.422000000000787
933.639000000000788
934.167000000000788
934.454000000000788
935.060000000000789
935.196000000000789
935.536000000000789
935.714000000000789
935.92100000000079
936.11000000000079
936.28000000000079
936.43100000000079
936.57800000000079
936.75900000000079
936.92500000000079
937.234000000000791
939.269000000000792
939.843000000000793
940.026000000000793
940.304000000000793
940.612000000000794
940.773000000000794
940.987000000000794
941.136000000000794
941.425000000000794
941.606000000000795
941.992000000000795
942.303000000000795
942.702000000000796
944.778000000000797
945.060000000000798
945.236000000000798
945.556000000000798
945.730000000000798
945.881000000000798
946.168000000000799
946.456000000000799
946.626000000000799
946.767000000000799
947.1310000000008
947.7620000000008
947.9480000000008
948.491000000000801
948.654000000000801
949.423000000000802
949.558000000000802
949.747000000000802
950.060000000000802
950.360000000000802
950.759000000000803
951.169000000000803
951.311000000000803
951.690000000000804
951.888000000000804
952.558000000000804
954.165000000000806
954.517000000000806
954.685000000000806
954.856000000000806
955.111000000000807
955.272000000000807
956.085000000000808
956.941000000000808
957.354000000000809
958.141000000000809
958.45700000000081
959.957000000000811
963.715000000000814
967.523000000000818
967.966000000000818
968.142000000000818
968.762000000000819
968.940000000000819
969.269000000000819
970.39800000000082
970.77300000000082
970.959000000000821
971.149000000000821
971.365000000000821
971.841000000000822
974.376000000000824
975.476000000000825
975.796000000000825
976.367000000000826
976.529000000000826
976.729000000000826
977.039000000000826
977.188000000000826
977.485000000000826
977.788000000000827
978.025000000000827
978.225000000000827
978.849000000000828
980.219000000000829
980.507000000000829
980.639000000000829
980.724000000000829
981.42800000000083
982.651000000000831
983.909000000000832
984.115000000000832
984.358000000000833
984.754000000000833
1014.94200000000086
1017.675000000000862
1017.894000000000862
1020.204000000000864
1022.052000000000866
1034.89700000000088
1035.28600000000088
1035.46100000000088
1035.75200000000088
1036.03900000000088
1037.11900000000088
1037.44400000000088
1037.68700000000088
1037.82900000000088
1038.16000000000088
1038.29300000000088
1038.42400000000088
1038.59500000000088
1039.25600000000088
1040.36600000000088
1040.92900000000088
1041.60500000000088
1041.82700000000088
1042.22000000000088
1042.38700000000088
1043.11600000000088
1043.34000000000088
1043.69300000000089
1044.76700000000089
1046.24200000000089
1046.53000000000089
1046.90800000000089
1047.68700000000089
1048.68300000000089
1048.86000000000089
1049.09400000000089
1049.23700000000089
1049.48700000000089
1049.68800000000089
1049.85200000000089
1050.07400000000089
1050.24800000000089
1050.90300000000089
1051.06400000000089
1051.36000000000089
1051.72000000000089
1051.88300000000089
1052.05800000000089
1052.52300000000089
1052.72500000000089
1052.94500000000089
1053.33100000000089
1054.22900000000089
1054.53000000000089
1055.6590000000009
1056.1940000000009
1056.4300000000009
1056.6120000000009
1094.17300000000093
1094.83700000000093
1095.85200000000093
1096.36500000000093
1096.48800000000093
1096.98100000000093
1097.24100000000093
1097.38500000000093
1097.52400000000093
1097.99700000000093
1098.14200000000093
1098.45000000000093
1098.60900000000093
1100.30200000000094
1102.96600000000094
1103.30600000000094
1103.66700000000094
1103.87700000000094
1104.30200000000094
1104.42400000000094
1104.66200000000094
1105.09900000000094
1105.28200000000094
1105.53600000000094
1105.68200000000094
1106.02100000000094
1107.94100000000094
1108.29200000000094
1108.47400000000094
1108.62900000000094
1108.75200000000094
1109.15100000000094
1109.39900000000094
1109.77700000000094
1110.06200000000094
1110.38000000000094
1110.61100000000094
1111.42900000000095
1111.61900000000095
1112.01200000000095
1112.14600000000095
1112.80200000000095
1113.77000000000095
1114.08100000000095
1116.83700000000095
1117.10400000000095
1117.62800000000095
1117.95300000000095
1118.28300000000095
1118.62700000000095
1118.88500000000095
1119.56000000000095
1119.97100000000095
1120.24200000000095
1120.46800000000095
1120.59800000000095
1120.89200000000095
1121.03600000000095
1121.19000000000095
1121.36100000000095
1121.48800000000095
1121.88900000000095
1122.13100000000095
1122.41300000000096
1123.69100000000096
1123.89200000000096
1124.60100000000096
1125.70100000000096
1126.35900000000096
1127.12300000000096
1127.69700000000096
1128.21900000000096
1128.46500000000096
1128.66100000000096
1128.80000000000096
1128.91600000000096
1129.08200000000096
1129.27400000000096
1130.45600000000096
1130.94900000000096
1131.14000000000096
1131.34800000000096
1131.69700000000096
1131.81000000000096
1131.96800000000096
1133.32200000000096
1133.84500000000097
1134.05600000000097
1134.29100000000097
1134.83100000000097
1135.13500000000097
1136.25700000000097
1136.42600000000097
1136.62100000000097
1136.79000000000097
1138.05700000000097
1139.32100000000097
1187.29200000000101
1187.37700000000101
1187.65200000000101
1189.09200000000101
1189.80800000000102
1190.50600000000102
1190.83000000000102
1191.44500000000102
1193.25200000000102
1193.64500000000102
1194.36800000000102
1271.17100000000109
1272.58500000000109
1272.81300000000109
1273.03700000000109
1273.58000000000109
1274.12500000000109
1274.65700000000109
1275.72300000000109
1275.96500000000109
1276.22400000000109
1276.44700000000109
1276.73600000000109
1277.33200000000109
1277.58400000000109
1277.85600000000109
1278.30600000000109
1278.51600000000109
1278.85400000000109
1279.28000000000109
1279.65800000000109
1280.4740000000011
1280.8430000000011
1280.9670000000011
1308.16800000000112
1308.72600000000112
1309.74100000000112
1310.46300000000112
1310.69800000000112
1310.95100000000112
1311.21900000000112
1311.85900000000112
1312.59600000000112
1313.79300000000113
1314.35100000000113
1315.02700000000113
1315.11700000000113
1315.47300000000113
1315.65800000000113
1316.00600000000113
1316.46100000000113
1316.71600000000113
1316.92100000000113
1317.07500000000113
1317.36900000000113
1317.70100000000113
1317.98900000000113
1318.18500000000113
1318.42100000000113
1318.63800000000113
1319.81200000000113
1320.28100000000113
1320.48600000000113
1320.81500000000113
1320.92500000000113
1321.97500000000113
1322.30300000000113
1323.04100000000113
1323.30200000000113
1323.43900000000113
1323.64000000000113
1323.88000000000113
1324.19700000000113
1324.68200000000113
1325.98600000000114
1326.51800000000114
1327.02400000000114
1327.11300000000114
1327.33400000000114
1328.02700000000114
1329.52700000000114
1329.70600000000114
1329.96600000000114
1330.12600000000114
1330.24500000000114
1330.45300000000114
1331.90100000000114
1332.70800000000114
1333.07900000000114
1333.24300000000114
1333.46000000000114
1333.60400000000114
1333.77100000000114
1334.05900000000114
1334.22800000000114
1334.40900000000114
1334.78600000000114
1335.09500000000114
1335.46700000000114
1335.76600000000114
1345.64300000000115
1347.29100000000115
1347.69900000000116
1348.78700000000116
1350.16100000000116
1350.37000000000116
1350.57700000000116
1351.22600000000116
1351.55100000000116
1351.83900000000116
1352.07000000000116
1352.28600000000116
1352.60000000000116
1352.78700000000116
1353.08000000000116
1353.26100000000116
1353.53000000000116
1353.74100000000116
1354.31100000000116
1354.60300000000116
1356.60000000000116
1356.88000000000116
1357.06800000000116
1357.24200000000116
1357.47200000000116
1357.67400000000116
1357.98900000000116
1361.24900000000117
1361.59600000000117
1361.82200000000117
1362.01600000000117
1362.31200000000117
1362.62700000000117
1362.96800000000117
1363.22500000000117
1363.41700000000117
1363.74400000000117
1363.99100000000117
1364.20100000000117
1364.42000000000117
1364.74000000000117
1364.96100000000117
1365.31500000000117
1365.59900000000117
1365.98700000000117
1366.71000000000117
1367.21400000000117
1367.43600000000117
1367.62000000000117
1368.11200000000117
1370.26600000000118
1370.58200000000118
1371.06400000000118
1371.24200000000118
1371.44400000000118
1371.57400000000118
1371.68400000000118
1371.88600000000118
1372.15800000000118
1372.36000000000118
1372.63200000000118
1372.88200000000118
1373.38300000000118
1373.57500000000118
1374.20000000000118
1374.73800000000118
1375.13800000000118
1375.57100000000118
1375.95500000000118
1376.16200000000118
1376.54000000000118
1376.88900000000118
1377.08400000000118
1377.72300000000118
1377.83700000000118
1378.03100000000118
1378.25300000000118
1378.43700000000118
1378.62600000000118
1379.05100000000118
1379.42800000000118
1379.58000000000118
1379.75200000000118
1379.95600000000118
1384.27800000000119
1384.69200000000119
1384.99600000000119
1385.16800000000119
1385.29600000000119
1385.47400000000119
1389.55900000000119
1390.22900000000119
1390.42600000000119
1390.97500000000119
1392.5580000000012
1393.0700000000012
1393.2530000000012
1393.4960000000012
1394.1430000000012
1394.7210000000012
1395.1220000000012
1395.3230000000012
1396.3430000000012
1410.64800000000121
1412.21800000000121
1413.89000000000121
1414.04600000000121
1414.17500000000121
1416.26000000000122
1416.79800000000122
1417.85400000000122
1419.67400000000122
1420.10700000000122
1421.52600000000122
1421.92100000000122
1422.38600000000122
1422.71300000000122
1423.33700000000122
1423.57200000000122
1423.73400000000122
1423.89200000000122
1425.07400000000122
1426.04200000000122
1426.22100000000122
1426.54100000000123
1426.72100000000123
1427.06700000000123
1427.67800000000123
1427.91600000000123
1428.21800000000123
1428.40400000000123
1429.10900000000123
1432.28900000000123
1432.38300000000123
1432.58100000000123
1433.24800000000123
1433.40900000000123
1433.72300000000123
1433.89500000000123
1434.17600000000123
1434.95900000000123
1435.17400000000123
1437.53300000000124
1437.71600000000124
1438.19000000000124
1438.99300000000124
1441.35900000000124
1441.47600000000124
1441.70900000000124
1441.93100000000124
1442.04900000000124
1442.21700000000124
1443.59200000000124
1443.72200000000124
1444.90700000000124
1446.90100000000124
1447.34400000000124
1447.51700000000124
1447.81800000000124
1447.98200000000124
1448.22800000000124
1448.38100000000124
1448.70300000000124
1449.20000000000125
1449.61200000000125
1449.83400000000125
1450.00800000000125
1450.25800000000125
1450.47400000000125
1450.69500000000125
1450.94600000000125
1451.40900000000125
1452.22400000000125
1453.29800000000125
1453.53200000000125
1454.08600000000125
1454.43200000000125
1454.79100000000125
1455.05200000000125
1455.56400000000125
1456.34600000000125
1457.63500000000125
1457.77000000000125
1457.99300000000125
1458.16200000000125
1458.62900000000125
1458.84100000000125
1463.01100000000126
1463.22800000000126
1463.52300000000126
1464.08400000000126
1464.61700000000126
1464.96700000000126
1465.08500000000126
1465.18200000000126
1465.38000000000126
1465.54100000000126
1465.65000000000126
1465.81300000000126
1466.01200000000126
1466.17300000000126
1467.60900000000126
1467.77500000000126
1468.43900000000126
1469.12800000000126
1469.54700000000126
1469.70800000000126
1470.11100000000126
1470.26600000000126
1509.1330000000013
1509.4600000000013
1509.6860000000013
1511.1840000000013
1511.2830000000013
1511.4460000000013
1512.3640000000013
1512.5290000000013
1513.1840000000013
1514.3250000000013
1515.2240000000013
1515.4610000000013
1515.6000000000013
1515.8440000000013
1516.0440000000013
1516.38500000000131
1516.63400000000131
1516.97500000000131
1517.48100000000131
1517.70500000000131
1518.12000000000131
1518.28100000000131
1518.43200000000131
1518.55100000000131
1518.72000000000131
1519.29000000000131
1519.48900000000131
1521.35300000000131
1521.68500000000131
1521.91500000000131
1522.12500000000131
1522.25400000000131
1522.40600000000131
1522.68300000000131
1522.87300000000131
1523.34600000000131
1523.98000000000131
1524.30300000000131
1524.43800000000131
1524.61500000000131
1524.81900000000131
1524.95500000000131
1525.32100000000131
1525.56000000000131
1526.51200000000131
1526.96400000000131
1527.14000000000131
1527.70100000000132
1527.91300000000132
1528.25200000000132
1528.34900000000132
1528.53900000000132
1528.80300000000132
1529.41100000000132
1530.02200000000132
1530.31400000000132
1530.54800000000132
1530.71600000000132
1530.88300000000132
1531.15200000000132
1531.35800000000132
1531.50100000000132
1531.59100000000132
1531.82700000000132
1532.45900000000132
1533.54200000000132
1534.05200000000132
1534.38200000000132
1534.67400000000132
1534.83700000000132
1535.07700000000132
1535.79600000000132
1536.38600000000132
1536.99200000000132
1537.67700000000132
1537.85800000000132
1538.02900000000132
1538.20100000000132
1538.35800000000132
1538.53100000000132
1538.65200000000132
1538.81200000000132
1539.07900000000133
1539.27500000000133
1539.59200000000133
1539.77500000000133
1539.96600000000133
1540.14400000000133
1541.70600000000133
1542.12400000000133
1542.31000000000133
1542.78000000000133
1543.05900000000133
1543.25100000000133
1544.09100000000133
1544.34400000000133
1544.53700000000133
1544.88600000000133
1545.18500000000133
1545.48200000000133
1545.69600000000133
1545.94800000000133
1546.25400000000133
1546.49500000000133
1546.69200000000133
1546.89500000000133
1547.07800000000133
1548.22800000000133
1549.06500000000133
1611.45500000000139
1614.07500000000139
1614.20700000000139
1614.50100000000139
1614.68200000000139
1615.24900000000139
1617.6640000000014
1617.9160000000014
1618.0830000000014
1618.4020000000014
1618.9160000000014
1619.5760000000014
1619.7710000000014
1620.1910000000014
1622.7410000000014
1623.1120000000014
1623.3020000000014
1623.4080000000014
1623.5670000000014
1624.3480000000014
1625.7730000000014
1626.0850000000014
1626.3140000000014
1626.4360000000014
1626.9220000000014
1627.1960000000014
1627.4920000000014
1627.8670000000014
1628.1960000000014
1628.3880000000014
1629.40200000000141
1630.70100000000141
1630.97000000000141
1631.32300000000141
1631.52200000000141
1631.70600000000141
1631.83600000000141
1632.01700000000141
1632.80600000000141
1633.60000000000141
1634.04900000000141
1634.23900000000141
1634.40300000000141
1634.68700000000141
1634.96500000000141
1635.27500000000141
1636.02400000000141
1636.89900000000141
1637.06800000000141
1637.70100000000141
1638.38500000000141
1639.39600000000141
1639.57300000000141
1639.72500000000141
1640.01300000000141
1640.36500000000142
1640.50700000000142
1640.78900000000142
1640.99300000000142
1641.25800000000142
1641.71400000000142
1641.89300000000142
1642.17900000000142
1643.81800000000142
1644.11200000000142
1644.32700000000142
1644.52500000000142
1644.64700000000142
1644.94400000000142
1645.30000000000142
1645.52800000000142
1657.71700000000143
1660.01500000000143
1660.32700000000143
1662.91300000000144
1663.11800000000144
1664.80200000000144
1667.04800000000144
1667.40400000000144
1667.70200000000144
1667.92600000000144
1668.07800000000144
1668.22300000000144
1668.35300000000144
1668.43900000000144
1668.64000000000144
1668.77600000000144
1668.89900000000144
1669.06500000000144
1669.27000000000144
1672.81400000000144
1674.51100000000145
1674.93400000000145
1675.11000000000145
1677.88200000000145
1678.50000000000145
1678.69300000000145
1678.91300000000145
1679.07600000000145
1679.48800000000145
1679.70300000000145
1679.88600000000145
1680.20600000000145
1680.68300000000145
1681.11900000000145
1681.65300000000145
1683.27800000000145
1683.48800000000145
1683.70500000000145
1686.44900000000146
1686.73800000000146
1687.00300000000146
1703.59000000000147
1705.00500000000147
1705.24500000000147
1705.92300000000147
1706.06900000000147
1706.25500000000147
1706.44700000000147
1706.65000000000147
1706.94800000000147
1709.54300000000148
1709.68200000000148
1709.92300000000148
1710.15800000000148
1710.29800000000148
1710.44800000000148
1710.84100000000148
1711.06000000000148
1713.43700000000148
1713.82600000000148
1714.79900000000148
1714.93000000000148
1715.71700000000148
1716.03900000000148
1716.47100000000148
1716.66900000000148
1716.93600000000148
1717.09000000000148
1717.27600000000148
1717.54300000000148
1718.66100000000148
1719.83200000000149
1719.95200000000149
1720.15400000000149
1720.52700000000149
1720.64100000000149
1720.77800000000149
1720.99800000000149
1721.71800000000149
1721.90400000000149
1722.20700000000149
1722.47700000000149
1722.80900000000149
1723.02000000000149
1723.27900000000149
1723.49000000000149
1723.69900000000149
1724.49100000000149
1725.11200000000149
1725.52400000000149
1725.70600000000149
1725.88600000000149
1726.06700000000149
1726.35100000000149
1727.40600000000149
1727.80200000000149
1728.45100000000149
1728.67200000000149
1728.90100000000149
1729.09500000000149
1729.27700000000149
1729.69300000000149
1729.88900000000149
1730.02300000000149
1730.2480000000015
1730.3640000000015
1730.5550000000015
1730.7590000000015
1772.41100000000153
1774.12200000000153
1779.01000000000154
1781.36100000000154
1781.90600000000154
1782.61900000000154
1788.20200000000155
1789.24800000000155
1791.41300000000155
1792.13000000000155
1792.62100000000155
1792.77800000000155
1793.32500000000155
1793.70000000000155
1794.04800000000155
1794.22600000000155
1794.50600000000155
1795.70300000000155
1796.42800000000155
1798.24500000000156
1798.51500000000156
1798.70900000000156
1798.84500000000156
1799.01500000000156
1799.16000000000156
1800.22300000000156
1800.65700000000156
1800.82300000000156
1801.89200000000156
1802.12100000000156
1802.35900000000156
1802.77300000000156
1803.04800000000156
1803.18400000000156
1803.34300000000156
1804.23600000000156
1804.84400000000156
1805.17000000000156
1805.39700000000156
1805.80500000000156
1808.32600000000156
1808.65700000000156
1808.82800000000156
1809.09600000000156
1809.40000000000157
1809.53600000000157
1809.70800000000157
1810.09000000000157
39
-1
6.80800000000000013
19.8289999999999971
28.6359999999999896
40.167999999999994
51.1690000000000038
61.8610000000000133
73.929000000000024
92.0300000000000401
112.9710000000000587
125.9630000000000702
147.548000000000089
172.337000000000111
190.322000000000127
219.478000000000153
247.030000000000178
292.933000000000218
325.824000000000248
354.206000000000273
395.96500000000031
424.858000000000336
458.775000000000366
506.123000000000408
550.633000000000447
581.257000000000475
635.744000000000523
670.372000000000554
740.233000000000616
788.676000000000659
850.102000000000713
899.192000000000757
958.142000000000809
1056.6130000000009
1139.32200000000097
1335.76700000000114
1396.3440000000012
1470.26700000000126
1549.06600000000133
1687.00400000000146
1810.09100000000157
0
0
5000
0
0
0
0
7200
0
0
0
0
0
40
0
3610.19199999982973
1800.00000000000156
1800
0
118
0
1
4
7
10
13
16
19
22
25
28
31
34
37
40
43
46
49
52
55
58
61
64
67
70
73
76
79
82
85
88
91
94
97
100
103
106
109
112
115
118
121
124
127
130
133
136
139
142
145
148
151
154
157
160
163
166
169
172
175
178
181
184
187
190
193
196
199
202
205
208
211
214
217
220
223
226
229
232
235
238
241
244
247
250
253
256
259
262
265
268
271
274
277
280
283
286
289
292
295
298
301
304
307
310
313
316
319
322
325
328
331
334
337
340
343
346
349
352
355
358
361
364
367
370
373
376
379
382
385
388
391
394
397
400
403
406
409
412
415
418
421
424
427
430
433
436
439
442
445
448
451
454
457
460
463
466
469
472
475
478
481
484
487
490
493
496
499
502
505
508
511
514
517
520
523
526
529
532
535
538
541
544
547
550
