11
15
19
11
15
19
cPPR1.11
FR2_day5
0
1
10
22
00
11
08
58
24
2
.3
1
307
1
91
1
1
1
1
1
1
1
1
1
1
1
1
1
1
1
1
1
1
1
1
1
1
306
-1
44.7249999999999981
46.1449999999999993
46.2679999999999994
50.0390000000000028
50.274000000000003
50.5330000000000032
51.4590000000000041
51.6750000000000042
51.7810000000000043
65.3800000000000164
65.5400000000000166
71.0690000000000215
71.4360000000000218
77.9510000000000276
78.1310000000000277
78.4990000000000281
85.156000000000034
86.3780000000000351
97.3900000000000448
97.6380000000000451
101.2450000000000483
101.8040000000000488
102.3770000000000493
102.6970000000000496
107.0210000000000534
107.8070000000000541
119.1790000000000642
119.3010000000000643
119.4580000000000644
119.5460000000000645
121.4140000000000662
121.5820000000000663
121.7430000000000665
121.8630000000000666
122.0780000000000668
122.302000000000067
122.4620000000000671
122.6100000000000672
122.9610000000000676
123.0860000000000677
123.2770000000000678
123.5250000000000681
124.2700000000000687
124.4440000000000689
125.2800000000000696
125.8690000000000702
125.9720000000000702
126.822000000000071
130.082000000000074
130.294000000000074
130.502000000000074
130.767000000000074
130.895000000000075
131.071000000000075
132.431000000000076
133.158000000000077
137.903000000000081
138.604000000000081
139.145000000000082
142.171000000000085
145.816000000000088
146.583000000000089
146.933000000000089
152.521000000000094
152.922000000000094
158.294000000000099
159.3560000000001
159.6710000000001
163.931000000000104
164.279000000000104
165.059000000000105
167.395000000000107
170.98000000000011
171.20500000000011
171.370000000000111
172.187000000000111
172.417000000000111
172.957000000000112
175.399000000000114
208.279000000000143
208.435000000000143
211.374000000000146
211.559000000000146
214.023000000000148
214.187000000000149
221.491000000000155
222.764000000000156
227.50800000000016
228.109000000000161
228.271000000000161
228.391000000000161
231.354000000000164
234.283000000000166
235.183000000000167
246.563000000000177
248.807000000000179
256.180000000000186
256.420000000000186
262.160000000000191
262.372000000000191
267.878000000000196
269.629000000000198
274.343000000000202
274.607000000000202
275.303000000000203
276.188000000000204
276.627000000000204
277.588000000000205
293.917000000000219
294.73900000000022
294.90700000000022
299.584000000000224
300.130000000000225
300.619000000000225
300.771000000000225
308.344000000000232
309.849000000000234
315.105000000000238
315.246000000000238
320.214000000000243
331.551000000000253
331.718000000000253
331.871000000000253
335.014000000000256
336.490000000000257
337.042000000000258
337.136000000000258
343.514000000000263
343.692000000000264
348.992000000000268
349.653000000000269
365.713000000000283
369.028000000000286
371.665000000000288
371.925000000000289
373.30300000000029
374.339000000000291
374.951000000000291
375.140000000000292
377.251000000000293
377.421000000000294
377.599000000000294
378.246000000000294
378.466000000000294
378.740000000000295
380.033000000000296
380.771000000000297
381.594000000000297
386.837000000000302
387.003000000000302
389.859000000000305
390.108000000000305
390.345000000000305
390.793000000000305
391.341000000000306
391.499000000000306
395.39300000000031
395.48500000000031
418.13400000000033
418.19000000000033
418.36400000000033
422.188000000000333
422.367000000000334
422.501000000000334
424.128000000000335
424.351000000000335
428.237000000000339
428.404000000000339
428.595000000000339
429.20800000000034
429.39500000000034
429.81800000000034
430.851000000000341
434.601000000000344
434.784000000000344
435.573000000000345
435.766000000000345
435.981000000000346
437.978000000000347
438.192000000000348
443.547000000000352
444.664000000000353
460.549000000000367
462.080000000000369
469.736000000000376
470.564000000000376
474.76900000000038
475.653000000000381
477.305000000000382
477.426000000000382
481.115000000000386
485.61100000000039
485.76900000000039
486.09200000000039
492.755000000000396
493.782000000000397
493.996000000000397
498.703000000000401
498.865000000000401
499.815000000000402
501.645000000000404
505.974000000000408
506.703000000000408
506.831000000000408
507.680000000000409
508.32200000000041
655.31100000000054
656.192000000000541
665.457000000000549
666.17300000000055
669.413000000000553
669.974000000000553
670.925000000000554
671.841000000000555
671.991000000000555
676.404000000000559
676.97800000000056
677.32500000000056
677.59500000000056
684.540000000000566
685.357000000000567
699.57900000000058
701.652000000000582
705.664000000000585
706.302000000000586
707.985000000000587
709.291000000000588
716.831000000000595
716.973000000000595
721.9970000000006
722.9030000000006
723.533000000000601
742.486000000000618
745.716000000000621
746.185000000000621
753.403000000000628
754.064000000000628
758.416000000000632
758.522000000000632
759.513000000000633
760.494000000000634
766.323000000000639
766.543000000000639
775.660000000000647
782.101000000000653
793.630000000000663
794.368000000000664
802.929000000000671
803.966000000000672
808.770000000000677
809.540000000000677
809.922000000000678
1191.43100000000102
1191.57000000000102
1198.94300000000102
1199.04000000000102
1210.48400000000103
1211.95400000000103
1221.60500000000104
1225.70000000000105
1225.92500000000105
1232.91400000000105
1238.89500000000106
1244.67500000000106
1244.91500000000106
1259.40000000000108
1261.27300000000108
1271.79600000000109
1272.44600000000109
1281.9350000000011
1283.0690000000011
1295.87400000000111
1297.79000000000111
1298.36400000000111
1304.01400000000112
1306.13200000000112
1314.05200000000113
1323.78000000000113
1331.32700000000114
1331.80200000000114
1340.04000000000115
1340.93600000000115
1342.63400000000115
1349.45800000000116
1357.14500000000116
1362.99600000000117
1364.00800000000117
1383.73400000000119
1383.93100000000119
1834.54200000000159
1836.39900000000159
1872.12900000000162
1872.86200000000162
1873.04300000000162
1873.19300000000162
1873.92100000000162
1877.45700000000163
1877.70200000000163
1877.91100000000163
1878.34800000000163
1880.45400000000163
1880.63200000000163
1880.77800000000163
1882.07200000000163
2475.37499999995471
2475.72499999995467
90
-1
46.1449999999999993
51.6750000000000042
65.5400000000000166
71.4360000000000218
78.1310000000000277
86.3780000000000351
97.6380000000000451
107.8070000000000541
119.3010000000000643
125.8690000000000702
133.158000000000077
139.145000000000082
146.583000000000089
152.922000000000094
159.3560000000001
167.395000000000107
175.399000000000114
208.435000000000143
214.187000000000149
222.764000000000156
228.271000000000161
235.183000000000167
248.807000000000179
256.420000000000186
262.372000000000191
269.629000000000198
276.188000000000204
294.73900000000022
300.619000000000225
309.849000000000234
315.246000000000238
331.718000000000253
337.136000000000258
343.692000000000264
349.653000000000269
369.028000000000286
374.951000000000291
381.594000000000297
387.003000000000302
395.48500000000031
418.19000000000033
424.351000000000335
430.851000000000341
438.192000000000348
444.664000000000353
462.080000000000369
470.564000000000376
477.426000000000382
485.76900000000039
493.782000000000397
501.645000000000404
508.32200000000041
656.192000000000541
666.17300000000055
671.991000000000555
677.59500000000056
685.357000000000567
701.652000000000582
709.291000000000588
716.973000000000595
723.533000000000601
745.716000000000621
754.064000000000628
760.494000000000634
766.543000000000639
782.101000000000653
794.368000000000664
803.966000000000672
809.922000000000678
1191.57000000000102
1199.04000000000102
1211.95400000000103
1225.70000000000105
1238.89500000000106
1244.91500000000106
1261.27300000000108
1272.44600000000109
1283.0690000000011
1297.79000000000111
1306.13200000000112
1323.78000000000113
1331.80200000000114
1340.93600000000115
1357.14500000000116
1364.00800000000117
1383.93100000000119
1836.39900000000159
1872.86200000000162
1880.45400000000163
2475.72499999995467
2
0
5000
0
0
0
0
2700
99
0
0
0
0
0
0
2700.79599999992988
0
0
0
0
0
0
