12
13
19
12
13
19
cPPR1.16
PR3_day2.5
0
2
13
11
02
13
54
06
23
3
.3
1
159
1
11
1
1
1
1
1
1
1
1
1
1
1
1
1
1
1
1
1
1
1
1
1
184
158
-1
13.06600000000000026
14.73300000000000029
16.8549999999999996
57.7790000000000097
58.7710000000000106
61.545000000000013
62.3290000000000137
64.9990000000000161
66.1410000000000171
67.0940000000000179
67.5100000000000183
68.0720000000000188
68.5910000000000193
69.3390000000000199
70.538000000000021
70.9390000000000214
71.2410000000000216
72.1910000000000225
94.4180000000000422
95.2350000000000429
95.7910000000000434
96.2640000000000439
96.8280000000000444
97.4270000000000449
97.9010000000000453
98.4740000000000458
99.4250000000000467
100.1280000000000473
100.6210000000000477
152.949000000000094
155.168000000000096
156.634000000000097
157.963000000000099
158.238000000000099
160.727000000000101
161.045000000000101
162.293000000000102
163.109000000000103
163.720000000000104
166.027000000000106
167.564000000000107
168.061000000000108
169.066000000000109
204.28700000000014
205.336000000000141
206.548000000000142
207.567000000000143
208.344000000000143
209.697000000000145
215.99100000000015
216.420000000000151
217.427000000000151
217.898000000000152
218.355000000000152
219.636000000000153
220.151000000000154
220.966000000000155
221.604000000000155
222.298000000000156
222.749000000000156
407.889000000000321
408.339000000000321
409.923000000000322
474.73000000000038
477.837000000000383
534.725000000000433
535.670000000000434
535.985000000000434
537.079000000000435
538.456000000000437
538.786000000000437
540.172000000000438
540.582000000000438
541.271000000000439
542.40000000000044
542.84600000000044
543.808000000000441
544.743000000000442
546.282000000000444
547.056000000000444
593.733000000000486
598.54100000000049
599.05800000000049
600.377000000000492
600.891000000000492
601.491000000000493
602.266000000000493
602.995000000000494
603.498000000000494
604.414000000000495
604.900000000000496
606.831000000000497
608.051000000000498
608.514000000000499
610.1120000000005
610.668000000000501
611.473000000000501
611.979000000000502
612.240000000000502
613.163000000000503
615.143000000000505
616.072000000000506
649.703000000000535
650.497000000000536
651.439000000000537
652.354000000000538
653.142000000000538
654.136000000000539
656.123000000000541
657.402000000000542
658.412000000000543
659.768000000000544
660.467000000000545
661.364000000000546
664.013000000000548
664.511000000000548
664.970000000000549
666.10600000000055
667.383000000000551
667.994000000000552
668.727000000000552
669.376000000000553
669.718000000000553
670.903000000000554
674.491000000000557
675.634000000000558
680.122000000000562
680.926000000000563
738.307000000000614
739.805000000000615
740.626000000000616
741.219000000000617
747.095000000000622
750.045000000000624
750.696000000000625
751.898000000000626
752.499000000000627
752.954000000000627
753.843000000000628
754.202000000000628
755.476000000000629
757.317000000000631
757.964000000000632
758.662000000000632
759.583000000000633
761.582000000000635
763.335000000000636
764.202000000000637
765.959000000000639
766.297000000000639
769.601000000000642
770.667000000000643
771.177000000000643
772.251000000000644
774.542000000000646
776.457000000000648
809.738000000000678
810.015000000000678
10
-1
13.06700000000000026
62.3300000000000137
71.2420000000000216
100.1290000000000473
168.062000000000108
222.299000000000156
546.283000000000444
616.073000000000506
680.123000000000562
776.458000000000648
0
0
5000
0
0
0
0
7200
0
0
0
0
0
11
0
2576.55899999994356
1800.00000000000156
1800
0
31
0
1
4
7
10
13
16
19
22
25
28
31
34
37
40
43
46
49
52
55
58
61
64
67
70
73
76
79
82
85
88
91
94
97
100
103
106
109
112
115
118
121
124
127
130
133
136
139
142
145
148
151
154
157
160
163
166
169
172
175
178
181
184
187
190
193
196
199
202
205
208
211
214
217
220
223
226
229
232
235
238
241
244
247
250
253
256
259
262
265
268
271
274
277
280
283
286
289
292
295
298
301
304
307
310
313
316
319
322
325
328
331
334
337
340
343
346
349
352
355
358
361
364
367
370
373
376
379
382
385
388
391
394
397
400
403
406
409
412
415
418
421
424
427
430
433
436
439
442
445
448
451
454
457
460
463
466
469
472
475
478
481
484
487
490
493
496
499
502
505
508
511
514
517
520
523
526
529
532
535
538
541
544
547
550
