11
07
19
11
07
19
cPPR1.10
FR1_day4
0
4
9
23
56
9
52
33
24
2
.3
1
131
1
101
1
1
1
1
1
1
1
1
1
1
1
1
1
1
1
1
1
1
1
1
1
1
130
-1
69.2960000000000199
75.2740000000000252
77.7970000000000274
80.8260000000000301
84.2870000000000332
89.667000000000038
93.3380000000000413
96.5780000000000441
107.9350000000000542
113.5840000000000592
116.4570000000000618
118.6550000000000637
120.1690000000000651
152.248000000000094
154.789000000000096
160.408000000000101
163.392000000000103
165.670000000000106
172.202000000000111
175.240000000000114
179.441000000000118
184.868000000000123
188.175000000000125
191.013000000000128
199.827000000000136
209.541000000000144
216.617000000000151
220.108000000000154
224.423000000000158
229.738000000000162
235.952000000000168
243.545000000000175
249.87300000000018
255.538000000000185
260.83500000000019
270.709000000000199
277.189000000000205
284.924000000000211
288.870000000000215
292.892000000000218
299.417000000000224
304.840000000000229
310.497000000000234
320.066000000000243
325.209000000000247
328.69300000000025
331.388000000000253
334.227000000000255
337.816000000000258
344.036000000000264
355.500000000000274
358.610000000000277
362.43800000000028
368.382000000000286
372.458000000000289
375.530000000000292
389.943000000000305
394.114000000000308
433.132000000000343
436.136000000000346
471.462000000000377
478.826000000000384
478.940000000000384
483.149000000000387
485.412000000000389
493.171000000000396
500.279000000000403
511.714000000000413
516.256000000000417
521.367000000000421
527.321000000000427
536.346000000000435
541.79400000000044
554.943000000000451
561.294000000000457
570.170000000000465
574.714000000000469
576.923000000000471
584.510000000000477
591.000000000000483
598.22000000000049
604.316000000000495
607.710000000000498
615.562000000000505
624.423000000000513
635.212000000000522
641.966000000000528
646.312000000000532
647.610000000000534
650.801000000000536
664.105000000000548
678.614000000000561
768.166000000000641
816.823000000000684
821.132000000000688
918.228000000000774
936.08800000000079
951.245000000000803
952.334000000000804
963.584000000000814
972.073000000000822
980.691000000000829
994.340000000000842
1002.695000000000849
1014.232000000000859
1020.217000000000864
1025.88600000000087
1032.82000000000088
1045.53500000000089
1049.60600000000089
1053.46800000000089
1061.5900000000009
1063.2700000000009
1073.73200000000091
1077.67100000000092
1089.10900000000093
1097.88400000000093
1102.04700000000094
1108.83300000000094
1127.72900000000096
1135.89700000000097
1144.06300000000097
1167.08100000000099
1183.46600000000101
1264.32100000000108
1280.4030000000011
1389.94300000000119
1586.37900000000137
1591.70700000000137
1636.14300000000141
100
-1
69.2960000000000199
75.2740000000000252
80.8260000000000301
89.667000000000038
96.5780000000000441
107.9350000000000542
113.5840000000000592
120.1690000000000651
152.248000000000094
160.408000000000101
165.670000000000106
172.202000000000111
179.441000000000118
184.868000000000123
191.013000000000128
199.827000000000136
209.541000000000144
216.617000000000151
224.423000000000158
229.738000000000162
235.952000000000168
243.545000000000175
249.87300000000018
255.538000000000185
260.83500000000019
270.709000000000199
277.189000000000205
284.924000000000211
292.892000000000218
299.417000000000224
304.840000000000229
310.497000000000234
320.066000000000243
325.209000000000247
331.388000000000253
337.816000000000258
344.036000000000264
355.500000000000274
362.43800000000028
368.382000000000286
375.530000000000292
389.943000000000305
433.132000000000343
471.462000000000377
478.826000000000384
485.412000000000389
493.171000000000396
500.279000000000403
511.714000000000413
521.367000000000421
527.321000000000427
536.346000000000435
541.79400000000044
554.943000000000451
561.294000000000457
570.170000000000465
576.923000000000471
584.510000000000477
591.000000000000483
598.22000000000049
604.316000000000495
615.562000000000505
624.423000000000513
635.212000000000522
641.966000000000528
647.610000000000534
664.105000000000548
678.614000000000561
768.166000000000641
816.823000000000684
918.228000000000774
936.08800000000079
951.245000000000803
963.584000000000814
972.073000000000822
980.691000000000829
994.340000000000842
1002.695000000000849
1014.232000000000859
1020.217000000000864
1025.88600000000087
1032.82000000000088
1045.53500000000089
1053.46800000000089
1061.5900000000009
1073.73200000000091
1089.10900000000093
1097.88400000000093
1108.83300000000094
1127.72900000000096
1135.89700000000097
1144.06300000000097
1167.08100000000099
1183.46600000000101
1264.32100000000108
1280.4030000000011
1389.94300000000119
1586.37900000000137
1591.70700000000137
1636.14300000000141
1
0
5000
0
0
0
0
2700
99
0
0
0
0
0
0
1636.14300000000141
0
0
0
0
0
0
