11
04
19
11
04
19
cPPR1.10
FR1
0
4
8
58
12
9
46
13
24
2
.3
1
32
1
28
1
1
1
1
1
1
1
1
1
1
1
1
1
1
1
1
1
1
1
1
1
1
31
-1
2072.70699999999906
2189.10799999998624
2256.53799999997881
2264.90499999997789
2265.49199999997782
2293.30699999997476
2305.74099999997339
2309.14799999997302
2326.5669999999711
2344.36399999996914
2358.84299999996754
2366.71899999996668
2376.77899999996557
2388.95399999996423
2406.53899999996229
2407.81599999996215
2446.73899999995786
2454.98099999995695
2464.87599999995586
2478.92799999995432
2485.28799999995362
2486.60699999995347
2493.23599999995274
2504.55699999995149
2531.39999999994854
2542.6339999999473
2560.87099999994529
2659.89299999993439
2670.80399999993319
2683.69499999993177
2694.73699999993055
27
-1
2072.70699999999906
2189.10799999998624
2256.53799999997881
2264.90499999997789
2293.30699999997476
2305.74099999997339
2326.5669999999711
2344.36399999996914
2358.84299999996754
2366.71899999996668
2376.77899999996557
2388.95399999996423
2406.53899999996229
2446.73899999995786
2454.98099999995695
2464.87599999995586
2478.92799999995432
2485.28799999995362
2493.23599999995274
2504.55699999995149
2531.39999999994854
2542.6339999999473
2560.87099999994529
2659.89299999993439
2670.80399999993319
2683.69499999993177
2694.73699999993055
1
0
5000
0
0
0
0
2700
99
0
0
0
0
0
0
2700.79699999992988
0
0
0
0
0
0
