11
21
19
11
21
19
cPPR1.12
FR5_day4
0
2
10
24
07
10
50
08
24
2
.3
1
616
1
101
1
1
1
1
1
1
1
1
1
1
1
1
1
1
1
1
1
1
1
1
1
1
615
-1
13.67800000000000027
14.23400000000000028
14.67100000000000029
16.7749999999999997
17.3339999999999992
21.088999999999996
21.4039999999999957
22.235999999999995
22.9339999999999944
23.5569999999999939
24.0599999999999935
24.608999999999993
25.0309999999999927
36.6319999999999909
37.2759999999999915
37.906999999999992
38.2179999999999923
39.3589999999999933
39.9009999999999938
54.5020000000000068
54.9360000000000071
55.2230000000000074
56.7160000000000087
56.971000000000009
57.5540000000000095
61.3740000000000129
62.7680000000000141
62.9050000000000142
63.821000000000015
66.007000000000017
67.6490000000000184
67.8740000000000186
96.0680000000000437
96.9850000000000445
98.1620000000000455
99.2970000000000465
99.9330000000000471
100.0580000000000472
103.20400000000005
103.3470000000000501
103.8770000000000506
105.4980000000000521
105.7870000000000523
107.0610000000000534
107.7620000000000541
108.2110000000000545
109.8470000000000559
112.0110000000000578
112.4540000000000582
112.8900000000000586
113.8160000000000594
114.8160000000000603
115.1070000000000606
117.5900000000000628
117.7230000000000629
128.748000000000073
129.398000000000073
129.995000000000074
130.442000000000074
131.124000000000075
135.401000000000079
135.753000000000079
136.46900000000008
138.999000000000082
139.440000000000082
139.874000000000083
142.093000000000085
145.130000000000087
145.460000000000088
157.843000000000099
158.589000000000099
160.454000000000101
161.282000000000102
161.560000000000102
171.819000000000111
172.478000000000112
173.099000000000112
175.293000000000114
175.681000000000114
175.904000000000115
179.838000000000118
181.339000000000119
181.80000000000012
182.617000000000121
183.543000000000121
183.619000000000121
183.958000000000122
188.017000000000125
188.835000000000126
190.810000000000128
191.239000000000128
191.914000000000129
193.31700000000013
203.053000000000139
203.845000000000139
204.71400000000014
206.104000000000141
207.070000000000142
228.849000000000162
229.976000000000163
231.229000000000164
231.386000000000164
234.952000000000167
239.604000000000171
240.327000000000172
241.730000000000173
242.915000000000174
244.333000000000175
244.752000000000176
248.663000000000179
249.09700000000018
250.03600000000018
251.797000000000182
252.589000000000183
253.549000000000184
253.950000000000184
254.246000000000184
260.084000000000189
260.45500000000019
260.84700000000019
261.34300000000019
261.671000000000191
262.051000000000191
267.094000000000196
270.149000000000198
271.5640000000002
275.428000000000203
275.759000000000203
279.384000000000206
279.901000000000207
280.419000000000207
284.180000000000211
284.916000000000211
286.066000000000212
286.725000000000213
287.382000000000214
294.86600000000022
295.419000000000221
296.524000000000222
297.039000000000222
300.523000000000225
303.344000000000228
304.426000000000229
305.219000000000229
305.95200000000023
306.508000000000231
306.858000000000231
308.071000000000232
308.771000000000233
309.112000000000233
326.764000000000249
327.513000000000249
328.81900000000025
331.196000000000252
331.736000000000253
336.475000000000257
336.737000000000257
337.341000000000258
337.727000000000258
338.743000000000259
339.12800000000026
339.89400000000026
390.537000000000305
391.580000000000306
392.451000000000307
392.750000000000307
394.153000000000308
397.537000000000311
397.691000000000312
398.209000000000312
398.880000000000313
399.314000000000313
400.124000000000314
400.802000000000314
402.503000000000316
403.763000000000317
406.120000000000319
437.809000000000347
438.421000000000348
439.494000000000349
440.093000000000349
440.90500000000035
444.520000000000353
444.638000000000353
445.893000000000354
450.175000000000358
450.286000000000358
451.226000000000359
452.77900000000036
453.682000000000361
456.356000000000364
457.552000000000365
457.876000000000365
458.829000000000366
459.329000000000366
460.480000000000367
460.703000000000368
461.292000000000368
461.841000000000369
467.010000000000373
468.691000000000375
469.086000000000375
469.434000000000375
470.045000000000376
470.835000000000377
471.283000000000377
478.778000000000384
479.141000000000384
479.766000000000384
481.347000000000386
481.912000000000386
482.189000000000387
486.31900000000039
486.673000000000391
487.003000000000391
487.335000000000391
487.601000000000391
489.524000000000393
490.694000000000394
491.774000000000395
492.163000000000395
501.140000000000403
501.731000000000404
503.449000000000405
504.379000000000406
505.267000000000407
509.800000000000411
510.237000000000412
510.598000000000412
511.241000000000412
513.274000000000414
514.749000000000416
516.900000000000417
521.591000000000422
521.936000000000422
522.350000000000422
523.132000000000423
524.564000000000424
525.039000000000425
525.961000000000425
530.72400000000043
531.04700000000043
532.250000000000431
532.636000000000431
535.516000000000434
535.907000000000434
537.906000000000436
538.115000000000436
546.084000000000443
546.498000000000444
547.446000000000445
547.837000000000445
548.433000000000445
569.634000000000464
570.376000000000465
570.830000000000465
571.722000000000466
572.294000000000467
576.62800000000047
576.952000000000471
577.900000000000472
578.187000000000472
578.868000000000472
579.217000000000473
580.362000000000474
586.95000000000048
587.53600000000048
588.502000000000481
588.735000000000481
589.891000000000482
590.313000000000483
595.335000000000487
596.062000000000488
596.416000000000488
596.790000000000488
597.330000000000489
605.042000000000496
608.516000000000499
610.0020000000005
610.1960000000005
611.739000000000502
617.025000000000506
618.205000000000507
619.057000000000508
622.790000000000511
623.628000000000512
624.064000000000513
628.843000000000517
629.888000000000518
630.230000000000518
630.632000000000518
631.133000000000519
640.624000000000527
641.319000000000528
641.646000000000528
643.41700000000053
644.24500000000053
644.587000000000531
658.788000000000543
659.651000000000544
660.971000000000545
661.410000000000546
663.168000000000547
669.826000000000553
670.109000000000554
671.863000000000555
672.730000000000556
673.267000000000556
673.545000000000557
679.290000000000562
683.162000000000565
684.094000000000566
685.214000000000567
686.650000000000568
689.854000000000571
690.610000000000572
691.412000000000572
691.720000000000573
693.393000000000574
693.825000000000575
694.495000000000575
697.377000000000578
698.604000000000579
703.561000000000583
703.931000000000584
704.814000000000584
704.988000000000584
705.961000000000585
708.548000000000588
713.931000000000592
714.405000000000593
714.797000000000593
715.411000000000594
716.552000000000595
716.850000000000595
727.064000000000604
727.676000000000605
728.311000000000605
729.543000000000606
729.905000000000607
733.31400000000061
734.598000000000611
734.826000000000611
736.068000000000612
736.996000000000613
737.355000000000613
737.884000000000614
739.057000000000615
744.42400000000062
751.511000000000626
752.360000000000626
752.726000000000627
754.464000000000628
769.247000000000642
769.977000000000642
770.582000000000643
771.400000000000643
773.973000000000646
782.247000000000653
783.882000000000654
785.041000000000656
785.875000000000656
786.593000000000657
786.947000000000657
798.990000000000668
800.175000000000669
802.659000000000671
803.260000000000672
803.338000000000672
809.176000000000677
809.435000000000677
810.597000000000678
811.444000000000679
811.639000000000679
811.931000000000679
822.725000000000689
823.125000000000689
823.93500000000069
825.111000000000691
826.199000000000692
826.654000000000692
830.869000000000696
837.408000000000702
838.862000000000703
839.495000000000704
839.923000000000704
841.742000000000706
854.916000000000718
855.717000000000718
860.355000000000722
862.186000000000724
862.643000000000724
866.730000000000728
867.645000000000729
869.18400000000073
869.723000000000731
870.197000000000731
871.289000000000732
872.039000000000733
872.276000000000733
873.146000000000734
877.900000000000738
883.475000000000743
884.718000000000744
885.171000000000744
887.846000000000747
893.325000000000752
893.852000000000752
894.382000000000753
894.646000000000753
895.414000000000754
895.765000000000754
906.712000000000764
907.889000000000765
910.263000000000767
910.559000000000767
913.64600000000077
918.229000000000774
918.657000000000774
919.031000000000775
920.367000000000776
921.478000000000777
922.300000000000777
925.43400000000078
936.12100000000079
936.52500000000079
939.914000000000793
941.338000000000794
943.173000000000796
947.5270000000008
948.0180000000008
948.469000000000801
949.443000000000802
954.392000000000806
955.270000000000807
957.642000000000809
961.971000000000813
963.166000000000814
965.021000000000815
966.540000000000817
967.546000000000818
968.108000000000818
973.005000000000823
974.252000000000824
974.683000000000824
976.055000000000825
977.122000000000826
978.596000000000827
987.180000000000835
987.972000000000836
989.463000000000837
991.147000000000839
991.604000000000839
991.936000000000839
1000.436000000000847
1000.750000000000847
1001.490000000000848
1002.495000000000849
1003.268000000000849
1003.50000000000085
1007.130000000000853
1013.538000000000859
1013.787000000000859
1014.64500000000086
1014.94900000000086
1016.500000000000861
1020.374000000000865
1020.963000000000865
1022.588000000000867
1023.588000000000868
1024.89400000000087
1025.38900000000087
1025.73600000000087
1032.51500000000088
1032.93700000000088
1033.52300000000088
1033.93600000000088
1034.78600000000088
1041.66400000000088
1043.02500000000088
1044.68700000000089
1045.02100000000089
1045.93000000000089
1055.9490000000009
1056.4250000000009
1057.4400000000009
1058.1400000000009
1058.4390000000009
1064.8150000000009
1065.2160000000009
1065.8150000000009
1067.04400000000091
1067.57500000000091
1067.90200000000091
1078.89700000000092
1079.54400000000092
1080.55100000000092
1082.78200000000092
1106.88400000000094
1107.29800000000094
1115.36000000000095
1115.89800000000095
1116.61400000000095
1118.15300000000095
1118.49400000000095
1127.19300000000096
1127.77600000000096
1129.03000000000096
1129.89200000000096
1131.89400000000096
1140.33400000000097
1140.85500000000097
1141.07500000000097
1141.83100000000097
1143.00600000000097
1154.11200000000098
1155.57300000000098
1156.32300000000099
1157.57100000000099
1157.87800000000099
1162.53200000000099
1168.658000000001
1169.493000000001
1170.741000000001
1172.237000000001
1178.174000000001
1178.559000000001
1184.52900000000101
1185.00700000000101
1185.35700000000101
1185.86000000000101
1187.28300000000101
1188.74600000000101
1189.56600000000101
1189.98800000000102
1194.45600000000102
1194.94700000000102
1195.35800000000102
1196.11500000000102
1196.38500000000102
1196.84500000000102
1204.37200000000103
1204.69900000000103
1205.66100000000103
1208.85100000000103
1209.37000000000103
1209.70500000000103
1221.14300000000104
1221.71600000000104
1222.14300000000104
1224.46600000000105
1225.59500000000105
1225.91700000000105
1233.85900000000105
1236.29300000000106
1236.71300000000106
1238.59400000000106
1239.06900000000106
1239.48000000000106
1256.03700000000107
1257.30600000000108
1259.63800000000108
1260.18200000000108
1261.93600000000108
1266.02400000000108
1267.45000000000108
1268.37200000000108
1270.36300000000109
1271.74800000000109
1272.70100000000109
1284.7290000000011
1285.4170000000011
1285.9250000000011
1287.1930000000011
1288.1640000000011
1298.37500000000111
1300.46700000000111
1301.08100000000111
1304.65000000000112
1305.09000000000112
1305.26800000000112
1312.41100000000112
1312.83000000000112
1313.66200000000112
1314.18500000000113
1314.99500000000113
1315.39400000000113
1330.71800000000114
1331.49600000000114
1333.41300000000114
1334.40100000000114
1334.80300000000114
1341.50600000000115
1341.81400000000115
1342.18000000000115
1344.33300000000115
1344.95500000000115
1345.18700000000115
1352.37300000000116
1352.78500000000116
1354.59500000000116
1354.92600000000116
1355.29900000000116
1355.66900000000116
1368.14600000000117
1368.68300000000117
1368.90800000000117
1371.91700000000118
1373.27800000000118
1374.07000000000118
1382.25500000000119
1382.68900000000119
1386.57600000000119
1387.96000000000119
1388.22500000000119
100
-1
17.3339999999999992
25.0309999999999927
39.3589999999999933
56.971000000000009
67.6490000000000184
99.9330000000000471
108.2110000000000545
117.7230000000000629
131.124000000000075
142.093000000000085
161.560000000000102
175.681000000000114
183.619000000000121
193.31700000000013
207.070000000000142
234.952000000000167
244.752000000000176
253.950000000000184
261.671000000000191
275.759000000000203
287.382000000000214
300.523000000000225
308.771000000000233
331.736000000000253
339.89400000000026
394.153000000000308
406.120000000000319
440.90500000000035
453.682000000000361
461.841000000000369
470.835000000000377
481.912000000000386
491.774000000000395
505.267000000000407
516.900000000000417
525.961000000000425
537.906000000000436
548.433000000000445
572.294000000000467
580.362000000000474
589.891000000000482
597.330000000000489
611.739000000000502
623.628000000000512
631.133000000000519
644.24500000000053
663.168000000000547
673.267000000000556
686.650000000000568
698.604000000000579
708.548000000000588
716.552000000000595
729.905000000000607
739.057000000000615
754.464000000000628
773.973000000000646
786.593000000000657
803.338000000000672
811.639000000000679
826.199000000000692
841.742000000000706
862.643000000000724
872.039000000000733
887.846000000000747
895.414000000000754
913.64600000000077
925.43400000000078
943.173000000000796
957.642000000000809
968.108000000000818
978.596000000000827
991.604000000000839
1003.268000000000849
1016.500000000000861
1025.73600000000087
1034.78600000000088
1045.93000000000089
1058.4390000000009
1067.57500000000091
1106.88400000000094
1118.49400000000095
1131.89400000000096
1143.00600000000097
1157.87800000000099
1178.174000000001
1187.28300000000101
1196.38500000000102
1209.37000000000103
1225.59500000000105
1239.06900000000106
1261.93600000000108
1272.70100000000109
1288.1640000000011
1305.09000000000112
1314.99500000000113
1334.80300000000114
1344.95500000000115
1355.29900000000116
1373.27800000000118
1388.22500000000119
5
0
5000
0
0
0
0
2700
99
0
0
0
0
0
0
1388.22500000000119
0
0
0
0
0
0
