11
06
19
11
06
19
cPPR1.10
FR1_day3
0
4
9
16
32
9
35
51
24
2
.3
1
126
1
101
1
1
1
1
1
1
1
1
1
1
1
1
1
1
1
1
1
1
1
1
1
1
125
-1
4.54000000000000008
8.70400000000000017
11.04400000000000022
17.0449999999999994
37.4769999999999916
41.7739999999999955
43.9309999999999974
47.3470000000000004
50.0590000000000028
94.2880000000000421
104.3800000000000511
111.6520000000000575
121.3450000000000661
125.0120000000000694
125.7990000000000701
126.827000000000071
129.486000000000073
133.150000000000077
144.315000000000087
154.929000000000096
181.360000000000119
185.290000000000123
189.501000000000127
193.35000000000013
196.931000000000133
200.275000000000136
203.014000000000139
208.086000000000143
212.839000000000147
216.589000000000151
217.503000000000152
221.378000000000155
230.564000000000163
261.616000000000191
265.328000000000194
269.175000000000197
275.514000000000203
280.073000000000207
285.519000000000212
289.986000000000216
293.020000000000219
296.706000000000222
300.802000000000226
316.95400000000024
321.032000000000243
324.425000000000246
332.688000000000254
332.926000000000254
363.770000000000281
366.234000000000284
369.162000000000286
374.466000000000291
394.562000000000309
399.198000000000313
410.144000000000323
414.634000000000327
418.20100000000033
423.387000000000334
428.273000000000339
430.990000000000341
440.83800000000035
447.285000000000356
455.914000000000363
466.249000000000372
474.026000000000379
483.885000000000388
487.678000000000391
490.665000000000394
501.774000000000404
508.34400000000041
514.699000000000415
526.546000000000426
532.500000000000431
541.695000000000439
551.329000000000448
562.404000000000458
566.132000000000461
568.895000000000464
577.772000000000472
591.638000000000484
597.075000000000489
603.951000000000495
619.853000000000509
626.477000000000515
631.91000000000052
650.511000000000536
655.723000000000541
663.008000000000547
683.334000000000565
688.59900000000057
694.084000000000575
703.560000000000583
716.418000000000595
725.710000000000603
730.035000000000607
731.029000000000608
752.105000000000626
757.415000000000631
763.524000000000636
777.783000000000649
786.085000000000656
799.968000000000669
805.479000000000674
815.770000000000683
827.743000000000694
838.370000000000703
848.478000000000712
854.473000000000717
866.645000000000728
873.996000000000735
881.647000000000741
892.119000000000751
903.05200000000076
911.061000000000768
918.735000000000774
926.009000000000781
937.308000000000791
943.721000000000796
950.440000000000802
962.379000000000813
970.876000000000821
983.428000000000832
997.253000000000844
1009.891000000000855
1056.4980000000009
100
-1
4.54000000000000008
11.04400000000000022
17.0449999999999994
37.4769999999999916
43.9309999999999974
50.0590000000000028
94.2880000000000421
104.3800000000000511
111.6520000000000575
121.3450000000000661
126.827000000000071
133.150000000000077
144.315000000000087
154.929000000000096
181.360000000000119
189.501000000000127
196.931000000000133
203.014000000000139
212.839000000000147
221.378000000000155
230.564000000000163
261.616000000000191
269.175000000000197
275.514000000000203
285.519000000000212
293.020000000000219
300.802000000000226
316.95400000000024
324.425000000000246
332.688000000000254
363.770000000000281
369.162000000000286
374.466000000000291
394.562000000000309
410.144000000000323
418.20100000000033
423.387000000000334
430.990000000000341
440.83800000000035
447.285000000000356
455.914000000000363
466.249000000000372
474.026000000000379
483.885000000000388
490.665000000000394
501.774000000000404
508.34400000000041
514.699000000000415
526.546000000000426
532.500000000000431
541.695000000000439
551.329000000000448
562.404000000000458
568.895000000000464
577.772000000000472
591.638000000000484
597.075000000000489
603.951000000000495
619.853000000000509
626.477000000000515
631.91000000000052
650.511000000000536
655.723000000000541
663.008000000000547
683.334000000000565
688.59900000000057
694.084000000000575
703.560000000000583
716.418000000000595
725.710000000000603
731.029000000000608
752.105000000000626
757.415000000000631
763.524000000000636
777.783000000000649
786.085000000000656
799.968000000000669
805.479000000000674
815.770000000000683
827.743000000000694
838.370000000000703
848.478000000000712
854.473000000000717
866.645000000000728
873.996000000000735
881.647000000000741
892.119000000000751
903.05200000000076
911.061000000000768
918.735000000000774
926.009000000000781
937.308000000000791
943.721000000000796
950.440000000000802
962.379000000000813
970.876000000000821
983.428000000000832
997.253000000000844
1009.891000000000855
1056.4980000000009
1
0
5000
0
0
0
0
2700
99
0
0
0
0
0
0
1056.4980000000009
0
0
0
0
0
0
