11
29
19
11
29
19
cPPR1.16
PR3_day5
0
2
12
28
26
13
33
36
23
3
.3
1
1342
1
30
1
1
1
1
1
1
1
1
1
1
1
1
1
1
1
1
1
1
1
1
1
184
1341
-1
15.0290000000000003
15.52300000000000031
22.5509999999999948
23.2799999999999942
23.5979999999999939
24.5569999999999931
48.007000000000001
48.8720000000000018
49.165000000000002
50.4460000000000032
51.1770000000000038
51.6120000000000042
51.8130000000000044
56.5740000000000086
57.5820000000000095
58.15700000000001
58.7720000000000106
59.239000000000011
59.7190000000000114
60.1810000000000118
61.523000000000013
61.9970000000000134
62.4280000000000138
62.9570000000000143
87.9880000000000365
88.3820000000000368
89.1230000000000375
89.8680000000000382
90.5970000000000388
90.7100000000000389
92.3300000000000404
92.6680000000000407
93.3440000000000413
93.5140000000000414
93.8310000000000417
95.8450000000000435
96.8770000000000444
127.5800000000000717
127.8400000000000719
131.835000000000075
132.346000000000076
133.068000000000077
134.254000000000078
135.030000000000078
135.473000000000079
136.44000000000008
138.210000000000081
138.687000000000082
138.953000000000082
140.596000000000083
142.158000000000085
143.334000000000086
143.794000000000086
172.652000000000112
173.438000000000112
176.320000000000115
176.974000000000116
177.207000000000116
177.391000000000116
177.673000000000116
178.095000000000117
180.380000000000119
181.47800000000012
182.39000000000012
182.626000000000121
183.173000000000121
183.706000000000122
185.271000000000123
186.005000000000124
188.423000000000126
189.317000000000126
189.625000000000127
194.055000000000131
194.444000000000131
194.671000000000131
195.209000000000132
195.787000000000132
196.386000000000133
196.832000000000133
197.233000000000134
198.206000000000134
198.662000000000135
199.268000000000135
199.761000000000136
200.136000000000136
200.868000000000137
202.031000000000138
202.341000000000138
203.120000000000139
203.499000000000139
204.27500000000014
205.629000000000141
205.972000000000141
206.555000000000142
207.264000000000142
207.550000000000143
209.747000000000145
215.34500000000015
216.991000000000151
218.780000000000153
220.761000000000154
221.597000000000155
223.141000000000157
224.348000000000158
226.99800000000016
228.768000000000162
229.364000000000162
229.715000000000162
230.238000000000163
230.553000000000163
231.579000000000164
232.754000000000165
232.967000000000165
233.819000000000166
234.096000000000166
237.200000000000169
238.34300000000017
238.80700000000017
239.524000000000171
240.186000000000172
240.818000000000172
241.152000000000173
302.355000000000227
302.772000000000227
303.331000000000228
303.732000000000228
304.429000000000229
305.46200000000023
305.93000000000023
306.27900000000023
306.814000000000231
307.506000000000231
307.636000000000232
309.468000000000233
309.864000000000234
310.245000000000234
310.854000000000234
311.393000000000235
311.873000000000235
312.257000000000236
312.863000000000236
313.159000000000236
314.967000000000238
316.059000000000239
317.31000000000024
318.844000000000242
319.544000000000242
319.848000000000242
320.401000000000243
320.821000000000243
324.792000000000247
325.091000000000247
325.638000000000248
326.163000000000248
326.458000000000248
327.029000000000249
328.35500000000025
328.92500000000025
329.255000000000251
330.317000000000252
331.081000000000252
332.413000000000254
332.676000000000254
333.562000000000255
334.511000000000255
335.183000000000256
335.645000000000256
336.090000000000257
336.608000000000257
338.071000000000259
338.652000000000259
339.08200000000026
339.87900000000026
340.726000000000261
341.809000000000262
342.457000000000262
342.749000000000263
343.296000000000263
345.387000000000265
345.857000000000266
346.222000000000266
346.559000000000266
347.037000000000267
347.274000000000267
362.25200000000028
362.884000000000281
363.354000000000281
363.946000000000282
364.644000000000282
365.651000000000283
365.941000000000283
366.405000000000284
367.037000000000284
367.630000000000285
369.887000000000287
370.126000000000287
371.084000000000288
371.803000000000289
372.261000000000289
372.770000000000289
373.35100000000029
373.60700000000029
375.158000000000292
376.360000000000293
377.082000000000293
378.161000000000294
379.057000000000295
379.320000000000295
380.447000000000296
383.336000000000299
384.7200000000003
385.420000000000301
385.847000000000301
386.152000000000301
386.702000000000302
387.148000000000302
387.734000000000303
388.120000000000303
408.211000000000321
409.314000000000322
409.510000000000322
409.780000000000322
410.409000000000323
410.942000000000323
411.504000000000324
412.407000000000325
413.043000000000325
413.518000000000326
414.905000000000327
415.723000000000328
416.046000000000328
416.429000000000328
417.235000000000329
417.562000000000329
417.92700000000033
418.80200000000033
419.096000000000331
420.555000000000332
421.038000000000332
421.559000000000333
421.723000000000333
422.751000000000334
423.205000000000334
423.878000000000335
424.919000000000336
425.324000000000336
429.50700000000034
429.99800000000034
431.041000000000341
431.573000000000342
432.293000000000342
433.238000000000343
433.658000000000344
434.110000000000344
435.784000000000345
436.617000000000346
449.228000000000357
451.562000000000359
528.191000000000427
528.633000000000428
529.105000000000428
531.25600000000043
531.54500000000043
534.211000000000433
534.769000000000433
535.112000000000434
535.854000000000434
536.830000000000435
537.318000000000436
538.115000000000436
538.522000000000437
538.974000000000437
539.444000000000437
541.94000000000044
543.028000000000441
543.514000000000441
544.418000000000442
544.932000000000442
545.715000000000443
546.545000000000444
547.242000000000444
547.737000000000445
548.201000000000445
550.181000000000447
550.972000000000448
551.242000000000448
552.544000000000449
553.65000000000045
553.89700000000045
554.878000000000451
555.478000000000452
556.016000000000452
556.520000000000453
559.229000000000455
559.749000000000455
560.235000000000456
575.89200000000047
576.872000000000471
577.663000000000471
578.778000000000472
579.687000000000473
580.619000000000474
581.572000000000475
582.176000000000475
584.857000000000478
620.196000000000509
620.83100000000051
621.45100000000051
621.847000000000511
622.272000000000511
622.756000000000511
623.225000000000512
623.798000000000512
628.372000000000516
629.139000000000517
630.138000000000518
630.631000000000518
631.055000000000519
632.04600000000052
632.18700000000052
632.53800000000052
633.149000000000521
634.054000000000522
634.598000000000522
635.015000000000522
635.874000000000523
636.727000000000524
637.747000000000525
638.484000000000525
639.663000000000526
640.515000000000527
640.988000000000528
641.452000000000528
641.962000000000528
642.588000000000529
643.49300000000053
644.802000000000531
645.173000000000531
645.921000000000532
656.404000000000541
656.935000000000542
657.426000000000542
657.902000000000543
658.580000000000543
658.979000000000544
659.718000000000544
660.099000000000545
660.671000000000545
661.107000000000546
661.508000000000546
661.927000000000546
662.523000000000547
662.984000000000547
663.986000000000548
664.385000000000548
664.948000000000549
665.290000000000549
665.85400000000055
667.234000000000551
667.808000000000551
668.112000000000552
668.524000000000552
670.407000000000554
670.918000000000554
671.586000000000555
672.836000000000556
673.412000000000556
673.735000000000557
674.534000000000557
675.057000000000558
675.520000000000558
676.281000000000559
676.632000000000559
677.00400000000056
678.957000000000561
683.725000000000566
684.292000000000566
685.258000000000567
685.716000000000567
686.282000000000568
686.858000000000568
688.015000000000569
688.47200000000057
688.90900000000057
690.254000000000571
738.568000000000614
739.544000000000615
740.035000000000616
740.800000000000616
741.229000000000617
741.685000000000617
741.870000000000617
742.183000000000618
742.600000000000618
742.707000000000618
747.128000000000622
747.548000000000622
748.482000000000623
748.662000000000623
749.059000000000624
749.462000000000624
750.151000000000625
751.000000000000625
751.292000000000626
752.008000000000626
752.806000000000627
753.129000000000627
753.788000000000628
754.311000000000628
754.705000000000629
755.105000000000629
755.68500000000063
755.96400000000063
756.852000000000631
757.895000000000631
758.808000000000632
759.292000000000633
759.926000000000633
760.489000000000634
761.368000000000635
761.625000000000635
762.770000000000636
763.725000000000637
766.473000000000639
767.03900000000064
767.78700000000064
768.01300000000064
768.379000000000641
768.836000000000641
770.036000000000642
771.054000000000643
772.436000000000644
773.451000000000645
774.477000000000646
804.793000000000673
807.890000000000676
808.287000000000676
808.517000000000676
808.870000000000677
809.342000000000677
809.547000000000677
809.944000000000678
810.669000000000678
810.933000000000679
811.188000000000679
811.591000000000679
817.144000000000684
817.774000000000685
818.370000000000685
818.531000000000685
819.055000000000686
819.961000000000687
820.310000000000687
821.148000000000688
821.994000000000688
822.899000000000689
823.19900000000069
824.662000000000691
825.007000000000691
826.010000000000692
826.401000000000692
826.908000000000693
828.390000000000694
828.888000000000695
829.574000000000695
830.361000000000696
831.522000000000697
832.385000000000698
833.539000000000699
834.253000000000699
837.664000000000702
837.957000000000703
838.481000000000703
839.241000000000704
839.963000000000704
840.650000000000705
841.327000000000706
842.275000000000706
843.010000000000707
844.790000000000709
845.679000000000709
845.96700000000071
847.287000000000711
847.613000000000711
848.615000000000712
848.967000000000712
849.269000000000713
901.116000000000759
901.747000000000759
902.29800000000076
902.39200000000076
905.098000000000762
905.713000000000763
906.860000000000764
907.504000000000764
908.231000000000765
908.646000000000765
908.761000000000766
909.129000000000766
910.060000000000767
911.623000000000768
912.153000000000768
912.310000000000769
913.74400000000077
914.27100000000077
916.386000000000772
916.930000000000773
917.510000000000773
918.202000000000774
918.487000000000774
919.736000000000775
920.912000000000776
921.253000000000777
922.260000000000777
922.657000000000778
924.59800000000078
928.144000000000783
928.897000000000783
929.890000000000784
931.744000000000786
932.222000000000786
932.911000000000787
933.496000000000787
934.925000000000789
936.72500000000079
937.796000000000791
938.264000000000792
939.289000000000793
939.730000000000793
940.313000000000794
940.652000000000794
941.498000000000794
941.854000000000795
942.377000000000795
942.808000000000796
944.139000000000797
945.476000000000798
946.440000000000799
947.2820000000008
947.7580000000008
948.391000000000801
949.010000000000801
976.898000000000826
977.726000000000827
978.164000000000827
978.611000000000828
979.439000000000828
980.017000000000829
980.165000000000829
981.43700000000083
981.81000000000083
982.679000000000831
982.840000000000831
983.546000000000832
984.066000000000832
984.659000000000833
985.405000000000834
985.697000000000834
986.379000000000834
986.806000000000835
987.816000000000836
988.405000000000836
989.143000000000837
989.628000000000837
990.272000000000838
990.686000000000838
991.042000000000839
991.455000000000839
991.850000000000839
992.24700000000084
993.00700000000084
993.505000000000841
994.092000000000841
994.715000000000842
995.205000000000842
995.575000000000842
996.311000000000843
996.630000000000844
997.220000000000844
997.970000000000845
998.893000000000846
999.453000000000846
999.799000000000846
1000.040000000000847
1000.655000000000847
1000.948000000000847
1001.240000000000848
1001.721000000000848
1002.271000000000848
1002.615000000000849
1003.48900000000085
1003.88800000000085
1005.851000000000852
1006.494000000000852
1006.634000000000852
1007.165000000000853
1007.727000000000853
1008.269000000000854
1008.638000000000854
1008.985000000000854
1042.54200000000088
1043.18700000000088
1044.17800000000089
1044.63200000000089
1045.21600000000089
1045.77300000000089
1046.03500000000089
1046.92700000000089
1047.30500000000089
1048.17700000000089
1049.17000000000089
1050.39800000000089
1050.65900000000089
1051.71600000000089
1052.08600000000089
1052.78600000000089
1053.09600000000089
1054.48300000000089
1054.9770000000009
1055.2390000000009
1055.7490000000009
1056.2460000000009
1057.1120000000009
1097.44700000000093
1098.13400000000093
1098.79500000000093
1099.10600000000093
1099.59500000000093
1099.89500000000094
1100.61800000000094
1102.03000000000094
1103.48400000000094
1104.13200000000094
1104.60400000000094
1105.34500000000094
1106.40400000000094
1107.57400000000094
1108.14300000000094
1108.47200000000094
1109.03800000000094
1109.79300000000094
1110.81000000000094
1111.08500000000095
1112.23400000000095
1171.520000000001
1172.586000000001
1173.256000000001
1174.017000000001
1174.419000000001
1174.626000000001
1175.161000000001
1176.987000000001
1177.210000000001
1180.84400000000101
1181.76800000000101
1182.16000000000101
1182.72000000000101
1183.08000000000101
1183.43600000000101
1183.77700000000101
1184.71000000000101
1202.37200000000103
1203.61400000000103
1206.00600000000103
1206.61700000000103
1206.96500000000103
1208.44500000000103
1208.88500000000103
1209.23000000000103
1211.48200000000103
1211.84300000000103
1212.25300000000103
1212.65700000000104
1213.27800000000104
1213.71300000000104
1214.14400000000104
1214.33600000000104
1215.99600000000104
1216.57000000000104
1217.07800000000104
1217.65000000000104
1218.23400000000104
1218.75300000000104
1219.33000000000104
1219.86900000000104
1221.64100000000104
1222.16500000000104
1223.11500000000104
1223.77000000000105
1224.22200000000105
1224.99800000000105
1225.45800000000105
1225.59000000000105
1226.67800000000105
1227.07300000000105
1227.45800000000105
1227.91300000000105
1230.12300000000105
1231.67000000000105
1232.03900000000105
1232.58000000000105
1233.27200000000105
1234.21300000000105
1234.74600000000105
1235.11800000000106
1236.21300000000106
1236.55800000000106
1237.10400000000106
1238.47100000000106
1239.69700000000106
1240.02400000000106
1240.48700000000106
1241.27300000000106
1241.73500000000106
1242.02600000000106
1242.65900000000106
1243.41800000000106
1243.86900000000106
1245.21800000000106
1245.88600000000106
1246.15300000000107
1248.29700000000107
1248.73600000000107
1249.19100000000107
1250.18500000000107
1250.41700000000107
1262.60900000000108
1264.14200000000108
1264.44300000000108
1265.17800000000108
1265.66500000000108
1266.18500000000108
1266.59800000000108
1266.85200000000108
1267.18500000000108
1267.54200000000108
1268.23700000000108
1268.57800000000108
1269.21100000000109
1269.75200000000109
1269.96500000000109
1270.27500000000109
1270.52400000000109
1270.84500000000109
1271.77200000000109
1272.09400000000109
1273.40900000000109
1273.90200000000109
1274.18500000000109
1275.44300000000109
1275.82800000000109
1276.07600000000109
1276.26800000000109
1277.54300000000109
1278.90300000000109
1279.51100000000109
1281.1620000000011
1281.4510000000011
1281.8340000000011
1282.4190000000011
1283.0140000000011
1283.2920000000011
1283.7890000000011
1284.6740000000011
1285.1590000000011
1286.8330000000011
1287.2820000000011
1287.6030000000011
1287.8240000000011
1288.1800000000011
1288.6070000000011
1289.0990000000011
1289.3900000000011
1290.5960000000011
1291.0330000000011
1291.15000000000111
1291.72300000000111
1292.42700000000111
1292.84700000000111
1293.21300000000111
1293.60900000000111
1294.25600000000111
1295.63500000000111
1296.29000000000111
1297.62400000000111
1298.19200000000111
1298.42500000000111
1298.89900000000111
1300.66600000000111
1302.49100000000112
1303.20600000000112
1304.16300000000112
1305.46500000000112
1305.95800000000112
1327.56200000000114
1328.25300000000114
1329.33100000000114
1329.82500000000114
1330.66600000000114
1331.14900000000114
1332.28600000000114
1332.89800000000114
1333.62800000000114
1334.90900000000114
1335.95800000000114
1336.19100000000115
1337.33300000000115
1337.88500000000115
1338.56100000000115
1339.26600000000115
1339.71700000000115
1340.23100000000115
1341.58200000000115
1341.84900000000115
1342.27200000000115
1342.62500000000115
1343.10200000000115
1343.49600000000115
1343.79800000000115
1344.31400000000115
1345.41600000000115
1346.40900000000115
1346.52700000000115
1347.54500000000116
1347.81000000000116
1348.18600000000116
1348.62900000000116
1348.91000000000116
1349.39400000000116
1349.81800000000116
1350.56300000000116
1351.60900000000116
1352.41300000000116
1353.28900000000116
1355.60400000000116
1355.98400000000116
1356.55900000000116
1356.86400000000116
1357.65200000000116
1359.23300000000117
1360.34700000000117
1361.78800000000117
1362.14100000000117
1362.88200000000117
1363.54900000000117
1366.87800000000117
1367.69500000000117
1368.18900000000117
1368.54800000000117
1369.38300000000117
1370.29800000000118
1370.87200000000118
1371.72900000000118
1372.43700000000118
1372.85600000000118
1373.44400000000118
1373.68400000000118
1374.22100000000118
1374.71600000000118
1375.29000000000118
1375.82100000000118
1376.62400000000118
1377.37000000000118
1379.45000000000118
1488.36300000000128
1491.31100000000128
1492.57600000000128
1492.82200000000128
1494.62400000000129
1495.40600000000129
1496.39600000000129
1497.74200000000129
1498.67500000000129
1499.61200000000129
1500.39200000000129
1500.88000000000129
1502.01700000000129
1502.93500000000129
1503.25400000000129
1504.09000000000129
1504.66600000000129
1505.6760000000013
1506.5580000000013
1507.7250000000013
1509.6150000000013
1510.2720000000013
1510.5820000000013
1510.6840000000013
1511.0000000000013
1511.6880000000013
1512.8200000000013
1514.5290000000013
1515.3300000000013
1516.63400000000131
1517.30700000000131
1518.71100000000131
1519.07900000000131
1519.68600000000131
1519.97500000000131
1520.68600000000131
1521.58400000000131
1522.92700000000131
1523.59500000000131
1525.45600000000131
1526.07100000000131
1526.86500000000131
1527.12700000000131
1527.61300000000132
1528.90200000000132
1529.30100000000132
1530.19100000000132
1530.51900000000132
1531.10500000000132
1531.46400000000132
1531.88400000000132
1532.64900000000132
1533.91900000000132
1535.06900000000132
1535.94800000000132
1536.76900000000132
1537.30200000000132
1537.97700000000132
1538.44100000000132
1539.20600000000133
1539.85500000000133
1540.35600000000133
1541.13400000000133
1541.86700000000133
1542.14900000000133
1542.51900000000133
1543.30900000000133
1543.87100000000133
1544.28000000000133
1544.88200000000133
1545.49100000000133
1546.48000000000133
1547.26200000000133
1547.90700000000133
1559.53400000000134
1563.66000000000135
1565.52600000000135
1567.56300000000135
1568.72100000000135
1569.82000000000135
1570.10100000000135
1570.85100000000135
1574.43800000000136
1576.59500000000136
1578.84300000000136
1579.17200000000136
1579.66300000000136
1580.30400000000136
1581.33800000000136
1581.64100000000136
1582.88800000000136
1583.89800000000136
1584.57100000000137
1585.23800000000137
1586.77400000000137
1587.41100000000137
1587.99900000000137
1588.95300000000137
1589.58300000000137
1590.84700000000137
1591.25200000000137
1592.34400000000137
1593.43700000000137
1595.04500000000137
1595.57800000000138
1596.11700000000138
1596.44100000000138
1596.94600000000138
1597.45200000000138
1598.17600000000138
1598.82700000000138
1599.27000000000138
1600.25900000000138
1602.05300000000138
1603.74200000000138
1604.14200000000138
1604.41500000000138
1605.17400000000138
1605.74700000000138
1606.25500000000138
1606.78100000000139
1607.17600000000139
1607.74800000000139
1608.70800000000139
1609.04900000000139
1609.56600000000139
1610.51800000000139
1611.47600000000139
1612.50200000000139
1612.88200000000139
1613.70500000000139
1614.01600000000139
1615.21100000000139
1615.80000000000139
1616.04900000000139
1616.42700000000139
1616.89900000000139
1617.45700000000139
1618.0720000000014
1619.5830000000014
1619.9710000000014
1621.7060000000014
1636.85900000000141
1637.54400000000141
1637.94400000000141
1658.95500000000143
1659.18700000000143
1660.09900000000143
1660.51500000000143
1660.94300000000143
1731.6800000000015
1732.6880000000015
1733.7010000000015
1734.5250000000015
1735.0640000000015
1735.3990000000015
1735.7290000000015
1736.3120000000015
1736.7530000000015
1737.6130000000015
1738.4990000000015
1738.8600000000015
1739.4740000000015
1740.0800000000015
1740.6340000000015
1741.0260000000015
1741.94700000000151
1742.59200000000151
1742.89200000000151
1744.05000000000151
1744.59500000000151
1744.92800000000151
1745.53600000000151
1745.96700000000151
1746.29800000000151
1746.86600000000151
1747.27500000000151
1748.02900000000151
1748.61200000000151
1748.98300000000151
1749.37800000000151
1753.58300000000152
1754.10500000000152
1755.86000000000152
1756.73500000000152
1758.47200000000152
1758.86600000000152
1759.39700000000152
1759.82000000000152
1760.60000000000152
1761.31400000000152
1762.31900000000152
1762.92200000000152
1763.23900000000152
1763.67000000000152
1764.70200000000153
1765.09600000000153
1765.97300000000153
1766.24400000000153
1766.69700000000153
1766.93800000000153
1768.49200000000153
1769.50500000000153
1770.51900000000153
1770.88400000000153
1771.13700000000153
1771.51200000000153
1772.12500000000153
1772.73500000000153
1773.59000000000153
1774.29100000000153
1775.04600000000153
1775.67100000000154
1775.94800000000154
1776.86500000000154
1779.01600000000154
1784.26800000000154
1784.91400000000154
1786.11200000000154
1786.74400000000155
1787.26700000000155
1788.17600000000155
1788.47400000000155
1788.85400000000155
1789.46000000000155
1789.83200000000155
1790.41000000000155
1790.98000000000155
1791.50200000000155
1791.92900000000155
1844.1090000000016
1844.3370000000016
1844.5920000000016
1845.3950000000016
1845.9790000000016
1847.0370000000016
1847.7050000000016
1848.2310000000016
1849.2180000000016
1849.7830000000016
1850.1940000000016
1850.7450000000016
1853.3360000000016
1853.5780000000016
1853.6690000000016
1853.9580000000016
1854.43200000000161
1855.04000000000161
1855.48800000000161
1856.12000000000161
1856.84900000000161
1857.42900000000161
1857.55800000000161
1858.00600000000161
1858.35100000000161
1858.43200000000161
1858.97800000000161
1859.37500000000161
1859.92200000000161
1860.34200000000161
1861.03300000000161
1861.28900000000161
1861.65400000000161
1862.21100000000161
1862.87400000000161
1864.31400000000161
1865.21700000000161
1866.63300000000162
1867.85500000000162
1868.31700000000162
1869.27600000000162
1870.29200000000162
1870.61400000000162
1871.33800000000162
1872.65100000000162
1875.30100000000162
1876.08000000000162
1876.66600000000162
1877.22800000000163
1877.71700000000163
1878.36900000000163
1878.92400000000163
1879.56000000000163
1880.29200000000163
1880.66800000000163
1881.32000000000163
1882.35000000000163
1883.84900000000163
1884.46200000000163
1885.70300000000163
1885.91700000000163
1886.60400000000163
1887.09300000000163
1887.94900000000164
1888.87600000000164
1889.57100000000164
1890.27500000000164
1891.37000000000164
1891.75200000000164
1892.04000000000164
1893.04700000000164
1893.85600000000164
1894.18500000000164
1894.65200000000164
1895.42600000000164
1896.04700000000164
1896.69100000000164
1896.84400000000164
1897.47200000000164
1899.29900000000165
1900.33000000000165
1900.62500000000165
1900.88800000000165
1966.5440000000017
1967.44300000000171
1969.05500000000171
1969.84600000000171
1970.48600000000171
1971.22900000000171
1972.09700000000171
1973.18600000000171
1974.06400000000171
1974.60500000000171
1975.43700000000171
1975.89700000000171
1979.09900000000172
1980.59900000000172
1981.15700000000172
1982.19300000000172
1982.93300000000172
1984.50100000000172
1985.20200000000172
1986.20500000000172
1987.98900000000172
1988.84600000000172
1989.55500000000173
1990.70800000000173
1991.31000000000173
1992.28200000000173
1992.82500000000173
1994.88200000000173
2000.29900000000174
2002.61400000000174
2003.05000000000174
2003.69900000000174
2004.04600000000174
2005.25500000000174
2009.06400000000174
2016.01500000000175
2016.61700000000175
2018.02000000000175
2021.53900000000175
2022.61200000000175
2023.46700000000176
2024.59600000000176
2025.31000000000176
2026.49700000000176
2026.96700000000176
2028.09300000000176
2028.92300000000176
2029.77100000000176
2030.36800000000176
2030.75000000000176
2031.72700000000176
2032.55500000000176
2033.62100000000176
2035.83700000000177
2037.89200000000177
2038.85800000000177
2039.73600000000177
2040.58600000000177
2040.86800000000177
2043.75700000000177
2044.38800000000177
2044.97900000000177
2045.87100000000178
2046.21700000000178
2046.88900000000178
2047.21700000000178
2047.59700000000178
2048.17200000000176
2048.85900000000168
2049.44300000000162
2049.93600000000156
2050.62200000000149
2051.4440000000014
2052.52200000000128
2053.40100000000118
2053.99400000000112
2054.30500000000108
2054.71600000000104
2055.22900000000098
2055.81100000000092
2057.39900000000074
2063.03900000000012
2063.86700000000003
2069.45099999999941
2070.37499999999931
2306.04099999997336
2307.4409999999732
2307.95299999997315
2308.48899999997309
2308.92099999997304
2310.2179999999729
2310.56599999997286
2310.97699999997281
2311.72599999997273
2314.31199999997245
2315.6519999999723
2316.98599999997215
2317.61499999997208
2318.55299999997198
2318.65899999997197
2319.2969999999719
2321.38299999997167
2323.60199999997142
2324.06099999997137
2324.60599999997131
2326.96599999997105
2327.59299999997098
2329.81499999997074
2334.41899999997023
2337.13599999996993
2338.48099999996979
2341.12199999996949
2341.92199999996941
2342.52599999996934
2343.39599999996924
2343.61099999996922
2345.05299999996906
2347.19999999996882
2347.91699999996875
2348.78699999996865
2348.92799999996863
2349.90599999996853
2353.89299999996809
2354.672999999968
2356.94399999996775
2357.73699999996766
2371.47699999996615
2373.65099999996591
2374.27299999996584
2375.5459999999657
2375.94599999996566
2494.18299999995264
2494.65499999995259
2495.3949999999525
2500.11199999995198
2500.8709999999519
2501.41099999995184
2501.98899999995178
2503.20799999995164
2503.96699999995156
2505.10299999995143
2505.55799999995138
2508.23199999995109
2509.42999999995096
2510.23499999995087
2510.8229999999508
2511.45899999995073
2516.2749999999502
2521.82199999994959
2525.25499999994922
2526.68699999994906
2527.31399999994899
2527.84699999994893
2549.70799999994652
2554.36499999994601
2556.37099999994579
2582.05199999994296
2582.65399999994289
2583.5119999999428
2584.89799999994265
2587.02299999994241
2588.35899999994227
2589.76299999994211
2590.01599999994208
29
-1
15.0300000000000003
24.5579999999999931
51.8140000000000044
62.9580000000000143
96.8780000000000444
143.795000000000086
189.626000000000127
209.748000000000145
241.153000000000173
320.822000000000243
347.275000000000267
388.121000000000303
435.785000000000345
560.236000000000456
645.922000000000532
690.255000000000571
774.478000000000646
848.968000000000712
949.011000000000801
1008.986000000000854
1184.71100000000101
1250.18600000000107
1305.46600000000112
1379.45100000000118
1547.26300000000133
1660.94400000000143
1791.50300000000155
1900.62600000000165
2070.37599999999931
0
0
5000
0
0
0
0
7200
0
0
0
0
0
30
0
3870.47699999980106
1800.00000000000156
1800
0
88
0
1
4
7
10
13
16
19
22
25
28
31
34
37
40
43
46
49
52
55
58
61
64
67
70
73
76
79
82
85
88
91
94
97
100
103
106
109
112
115
118
121
124
127
130
133
136
139
142
145
148
151
154
157
160
163
166
169
172
175
178
181
184
187
190
193
196
199
202
205
208
211
214
217
220
223
226
229
232
235
238
241
244
247
250
253
256
259
262
265
268
271
274
277
280
283
286
289
292
295
298
301
304
307
310
313
316
319
322
325
328
331
334
337
340
343
346
349
352
355
358
361
364
367
370
373
376
379
382
385
388
391
394
397
400
403
406
409
412
415
418
421
424
427
430
433
436
439
442
445
448
451
454
457
460
463
466
469
472
475
478
481
484
487
490
493
496
499
502
505
508
511
514
517
520
523
526
529
532
535
538
541
544
547
550
