12
11
19
12
11
19
cPPR1.11
PR3_day2.3
0
1
10
21
13
11
18
07
23
3
.3
1
85
1
8
1
1
1
1
1
1
1
1
1
1
1
1
1
1
1
1
1
1
1
1
1
184
84
-1
1.47400000000000002
28.5759999999999897
31.6489999999999871
62.7790000000000141
69.0120000000000196
81.1060000000000304
131.926000000000076
132.765000000000076
133.209000000000077
133.501000000000077
133.750000000000077
187.709000000000125
195.235000000000132
227.40200000000016
230.991000000000164
249.90100000000018
250.815000000000181
253.677000000000184
300.682000000000225
300.944000000000226
309.675000000000233
310.137000000000234
318.866000000000242
318.971000000000242
319.389000000000242
320.095000000000243
321.139000000000244
321.302000000000244
321.907000000000244
322.815000000000245
328.68700000000025
406.80400000000032
408.923000000000322
534.479000000000433
604.621000000000495
613.897000000000504
614.246000000000504
654.68400000000054
666.63300000000055
667.155000000000551
668.211000000000552
668.998000000000552
669.173000000000553
669.936000000000553
769.626000000000642
774.874000000000647
831.825000000000697
832.018000000000697
836.562000000000701
838.560000000000703
839.552000000000704
850.958000000000714
932.826000000000787
935.491000000000789
956.899000000000808
957.503000000000809
957.871000000000809
962.305000000000813
963.676000000000814
975.406000000000825
976.255000000000825
976.916000000000826
978.020000000000827
979.333000000000828
983.992000000000832
1010.088000000000856
1011.457000000000857
1013.962000000000859
1535.55400000000132
1538.27900000000132
1549.10600000000133
1553.80300000000134
1571.61100000000135
1576.34500000000136
1577.89300000000136
1726.77600000000149
1730.5160000000015
1732.5350000000015
1737.8520000000015
1738.8370000000015
1749.12100000000151
1844.0480000000016
2180.23699999998721
2186.29999999998655
7
-1
1.47500000000000002
69.0130000000000196
187.710000000000125
310.138000000000234
604.622000000000495
839.553000000000704
1538.28000000000132
0
0
5000
0
0
0
0
7200
0
0
0
0
0
8
0
3338.38099999985966
1800.00000000000156
1800
0
22
0
1
4
7
10
13
16
19
22
25
28
31
34
37
40
43
46
49
52
55
58
61
64
67
70
73
76
79
82
85
88
91
94
97
100
103
106
109
112
115
118
121
124
127
130
133
136
139
142
145
148
151
154
157
160
163
166
169
172
175
178
181
184
187
190
193
196
199
202
205
208
211
214
217
220
223
226
229
232
235
238
241
244
247
250
253
256
259
262
265
268
271
274
277
280
283
286
289
292
295
298
301
304
307
310
313
316
319
322
325
328
331
334
337
340
343
346
349
352
355
358
361
364
367
370
373
376
379
382
385
388
391
394
397
400
403
406
409
412
415
418
421
424
427
430
433
436
439
442
445
448
451
454
457
460
463
466
469
472
475
478
481
484
487
490
493
496
499
502
505
508
511
514
517
520
523
526
529
532
535
538
541
544
547
550
