11
25
19
11
25
19
cPPR1.10
PR3_day1
0
4
9
12
30
11
15
21
23
3
.3
1
1326
1
30
1
1
1
1
1
1
1
1
1
1
1
1
1
1
1
1
1
1
1
1
1
184
1325
-1
17.0599999999999994
19.6119999999999973
19.917999999999997
20.3099999999999967
21.158999999999996
21.5849999999999956
22.0689999999999952
22.314999999999995
24.665999999999993
24.9149999999999928
26.2129999999999917
29.9509999999999885
52.7330000000000052
53.2830000000000057
54.4720000000000067
54.791000000000007
55.3730000000000075
55.6570000000000078
55.8320000000000079
72.9730000000000232
73.2850000000000234
73.5820000000000237
73.885000000000024
74.2760000000000243
74.6970000000000247
75.1000000000000251
76.0170000000000259
77.3930000000000271
77.7620000000000274
96.2830000000000439
96.407000000000044
96.9350000000000444
97.2460000000000447
97.598000000000045
98.0540000000000454
98.725000000000046
99.1500000000000464
99.5170000000000467
99.9450000000000471
100.2230000000000474
100.6330000000000477
101.0960000000000481
105.7710000000000523
106.3130000000000528
106.535000000000053
107.5960000000000539
108.4390000000000547
108.5780000000000548
108.823000000000055
109.2630000000000554
109.5200000000000556
109.976000000000056
110.4730000000000565
111.3010000000000572
111.5420000000000574
112.0190000000000578
112.7470000000000585
113.5610000000000592
114.7250000000000602
129.265000000000073
129.803000000000074
130.320000000000074
130.796000000000075
132.912000000000076
135.160000000000078
135.386000000000079
135.669000000000079
136.028000000000079
136.53500000000008
136.94300000000008
137.34200000000008
137.910000000000081
138.426000000000081
138.760000000000082
139.147000000000082
139.681000000000082
140.086000000000083
140.500000000000083
140.779000000000083
143.918000000000086
145.535000000000088
145.801000000000088
146.058000000000088
146.582000000000089
148.04600000000009
148.21200000000009
148.862000000000091
150.423000000000092
150.765000000000092
151.523000000000093
153.566000000000095
154.027000000000095
154.624000000000096
155.211000000000096
155.617000000000097
156.461000000000097
162.562000000000103
196.919000000000133
197.574000000000134
198.067000000000134
198.591000000000135
199.295000000000135
199.649000000000136
205.705000000000141
206.011000000000141
207.242000000000142
207.881000000000143
208.390000000000143
208.873000000000144
209.380000000000144
209.910000000000145
210.339000000000145
210.992000000000146
211.334000000000146
211.832000000000146
212.552000000000147
213.256000000000148
214.040000000000148
214.258000000000149
215.29700000000015
215.78500000000015
216.26900000000015
216.512000000000151
216.851000000000151
217.167000000000151
219.870000000000154
220.311000000000154
222.512000000000156
238.59200000000017
239.330000000000171
239.879000000000171
240.090000000000172
243.776000000000175
247.057000000000178
247.570000000000178
248.135000000000179
249.25600000000018
251.493000000000182
252.750000000000183
253.519000000000184
253.887000000000184
255.043000000000185
257.236000000000187
257.889000000000187
259.658000000000189
260.81300000000019
261.509000000000191
262.286000000000191
262.810000000000192
276.136000000000204
276.604000000000204
277.251000000000205
279.428000000000207
279.944000000000207
280.929000000000208
281.401000000000208
284.053000000000211
287.303000000000214
288.463000000000215
289.202000000000215
289.828000000000216
290.398000000000216
292.455000000000218
292.697000000000218
293.274000000000219
294.021000000000219
295.398000000000221
295.693000000000221
296.829000000000222
297.159000000000222
297.588000000000223
298.271000000000223
298.753000000000224
299.529000000000224
299.977000000000225
300.263000000000225
301.522000000000226
302.355000000000227
302.941000000000227
304.209000000000229
304.743000000000229
308.522000000000232
309.017000000000233
312.086000000000236
324.697000000000247
332.100000000000253
332.456000000000254
332.855000000000254
345.374000000000265
345.950000000000266
347.119000000000267
347.539000000000267
348.074000000000268
348.671000000000268
349.402000000000269
349.937000000000269
350.60400000000027
351.08800000000027
354.238000000000273
355.133000000000274
355.454000000000274
355.881000000000274
356.366000000000275
356.811000000000275
358.441000000000277
358.795000000000277
359.572000000000278
360.355000000000278
363.703000000000281
381.061000000000297
407.03900000000032
407.43300000000032
408.414000000000321
408.549000000000321
408.937000000000322
411.924000000000324
412.446000000000325
413.043000000000325
413.325000000000325
415.460000000000327
416.757000000000328
417.624000000000329
425.000000000000336
425.591000000000336
429.83100000000034
430.887000000000341
431.760000000000342
431.963000000000342
432.482000000000342
433.074000000000343
433.420000000000343
489.790000000000393
490.305000000000394
491.225000000000395
491.996000000000395
492.745000000000396
498.407000000000401
498.864000000000401
499.688000000000402
500.008000000000402
500.878000000000403
501.468000000000404
501.864000000000404
502.442000000000405
502.802000000000405
503.103000000000405
503.706000000000406
504.188000000000406
507.606000000000409
508.17300000000041
510.648000000000412
511.848000000000413
525.255000000000425
525.831000000000425
527.335000000000427
537.007000000000435
604.134000000000495
606.776000000000497
607.487000000000498
608.159000000000498
630.128000000000518
630.573000000000518
630.857000000000519
649.521000000000535
649.933000000000536
650.276000000000536
651.235000000000537
651.615000000000537
652.509000000000538
654.152000000000539
654.69000000000054
661.719000000000546
662.330000000000547
662.819000000000547
663.675000000000548
664.104000000000548
668.407000000000552
669.932000000000553
670.513000000000554
671.673000000000555
671.947000000000555
672.793000000000556
674.186000000000557
676.459000000000559
679.487000000000562
691.984000000000573
693.599000000000574
695.428000000000576
697.574000000000578
731.066000000000608
732.648000000000609
733.83600000000061
735.888000000000612
742.484000000000618
759.719000000000633
760.627000000000634
760.878000000000634
762.481000000000636
762.753000000000636
785.522000000000656
793.213000000000663
794.439000000000664
794.891000000000664
795.849000000000665
796.981000000000666
797.742000000000667
798.306000000000667
799.029000000000668
799.279000000000668
800.041000000000669
800.470000000000669
801.07300000000067
801.63800000000067
801.952000000000671
802.725000000000671
804.689000000000673
805.297000000000674
806.058000000000674
806.540000000000675
807.264000000000675
808.821000000000677
822.287000000000689
823.95500000000069
829.176000000000695
830.534000000000696
831.307000000000697
851.701000000000715
853.915000000000717
855.042000000000718
856.908000000000719
857.31000000000072
858.424000000000721
859.865000000000722
863.880000000000726
864.818000000000726
867.101000000000728
868.41500000000073
885.382000000000745
891.17400000000075
891.96900000000075
892.503000000000751
893.529000000000752
895.366000000000754
902.31200000000076
902.87000000000076
903.486000000000761
903.943000000000761
905.407000000000762
905.976000000000763
906.476000000000763
906.919000000000764
908.991000000000766
909.520000000000766
909.984000000000767
910.334000000000767
910.677000000000767
911.092000000000768
911.566000000000768
912.403000000000769
912.872000000000769
913.055000000000769
913.50900000000077
915.217000000000771
915.774000000000772
916.443000000000772
917.261000000000773
917.648000000000773
918.166000000000774
919.217000000000775
919.608000000000775
920.336000000000776
921.425000000000777
924.131000000000779
924.462000000000779
924.93100000000078
927.771000000000782
928.160000000000783
928.771000000000783
929.533000000000784
931.937000000000786
932.871000000000787
933.675000000000788
934.859000000000789
948.368000000000801
950.298000000000802
952.285000000000804
953.063000000000805
953.954000000000806
954.247000000000806
962.945000000000814
963.966000000000814
964.259000000000815
965.688000000000816
965.958000000000816
966.914000000000817
967.133000000000817
967.815000000000818
969.404000000000819
970.04600000000082
970.50800000000082
971.140000000000821
971.855000000000822
972.110000000000822
974.405000000000824
974.681000000000824
975.407000000000825
977.422000000000826
977.885000000000827
1010.501000000000856
1011.336000000000857
1013.289000000000858
1016.797000000000861
1017.089000000000862
1017.716000000000862
1019.317000000000864
1034.93300000000088
1075.65700000000091
1076.97600000000091
1085.21600000000092
1086.63600000000092
1135.38300000000097
1136.47500000000097
1138.00000000000097
1153.88800000000098
1157.62400000000099
1158.29500000000099
1158.56900000000099
1158.88500000000099
1160.66600000000099
1162.29200000000099
1164.15200000000099
1165.35100000000099
1169.814000000001
1170.354000000001
1171.258000000001
1171.462000000001
1173.033000000001
1176.758000000001
1203.94000000000103
1204.88600000000103
1207.12800000000103
1209.12000000000103
1209.54600000000103
1210.46000000000103
1213.51200000000104
1215.94800000000104
1216.59000000000104
1241.46400000000106
1242.09400000000106
1247.82400000000107
1266.78800000000108
1267.35400000000108
1267.84500000000108
1269.74900000000109
1273.73300000000109
1276.77000000000109
1278.01600000000109
1278.27000000000109
1279.50500000000109
1280.6290000000011
1290.5840000000011
1290.9750000000011
1292.33600000000111
1297.18300000000111
1297.64600000000111
1332.40600000000114
1332.91700000000114
1334.72700000000114
1337.03400000000115
1337.61400000000115
1338.68600000000115
1340.38900000000115
1341.77000000000115
1381.67700000000119
1383.75100000000119
1385.71500000000119
1391.61000000000119
1397.5930000000012
1399.1630000000012
1400.7980000000012
1403.1460000000012
1403.5140000000012
1403.99500000000121
1404.31400000000121
1410.37300000000121
1410.78700000000121
1411.90300000000121
1412.27400000000121
1431.71600000000123
1432.85000000000123
1454.42600000000125
1459.84800000000125
1460.54600000000126
1461.34900000000126
1461.74600000000126
1462.44700000000126
1468.71100000000126
1469.66100000000126
1475.73400000000127
1482.86800000000128
1483.54800000000128
1484.00800000000128
1490.28300000000128
1491.50100000000128
1492.53400000000128
1516.0080000000013
1528.59500000000132
1533.26400000000132
1535.01700000000132
1535.95500000000132
1543.15300000000133
1544.94500000000133
1545.89700000000133
1549.55300000000133
1550.51500000000134
1555.56700000000134
1655.60400000000143
1657.72700000000143
1659.34600000000143
1659.68500000000143
1660.15000000000143
1660.52400000000143
1664.26700000000144
1664.93500000000144
1666.02800000000144
1669.94800000000144
1674.21900000000145
1674.88100000000145
1675.43400000000145
1676.02400000000145
1676.54000000000145
1677.41700000000145
1678.47100000000145
1679.37500000000145
1680.08300000000145
1680.71300000000145
1680.89800000000145
1683.32500000000145
1684.32000000000145
1684.51800000000145
1686.46200000000146
1686.64200000000146
1687.07800000000146
1687.59100000000146
1687.93700000000146
1688.32600000000146
1703.53900000000147
1704.83000000000147
1706.00700000000147
1717.36000000000148
1718.07500000000148
1742.10400000000151
1751.72300000000151
1794.70400000000155
1802.60900000000156
1809.54300000000157
1813.42100000000157
1830.10000000000158
1831.78500000000159
1832.27400000000159
1836.42000000000159
1837.04000000000159
1838.46000000000159
1840.42900000000159
1840.97700000000159
1842.67400000000159
1843.2980000000016
1844.2690000000016
1845.4180000000016
1845.9650000000016
1848.2380000000016
1849.1040000000016
1855.07700000000161
1861.14300000000161
1866.09700000000162
1868.58100000000162
1868.77900000000162
1870.29900000000162
1875.77900000000162
1878.33900000000163
1880.38600000000163
1880.98300000000163
1881.52400000000163
1885.62500000000163
1886.56700000000163
1887.01600000000163
1887.86100000000164
1889.52000000000164
1891.29500000000164
1891.45500000000164
1891.66200000000164
1892.24300000000164
1892.39500000000164
1893.17600000000164
1893.79800000000164
1894.02700000000164
1894.49200000000164
1897.47600000000164
1897.97100000000164
1898.47100000000164
1898.85100000000164
1900.81800000000165
1902.13500000000165
1902.49900000000165
1911.17400000000166
1911.73300000000166
1913.30900000000166
1914.22500000000166
1914.86000000000166
1915.19500000000166
1915.89600000000166
1918.30000000000166
1918.96200000000166
1924.30700000000167
1925.21300000000167
1925.88300000000167
1927.13600000000167
1929.02200000000167
1943.91700000000168
1945.55100000000169
1946.77600000000169
1947.73000000000169
1949.15400000000169
1950.55900000000169
1951.18100000000169
1951.74700000000169
1952.17300000000169
1952.90300000000169
1953.33300000000169
1953.82100000000169
1955.26800000000169
1956.4280000000017
1956.8020000000017
1957.2020000000017
1957.5140000000017
1968.30600000000171
1969.45600000000171
1970.66200000000171
1976.35500000000171
1979.49900000000172
1980.16800000000172
1982.60900000000172
1985.43200000000172
1987.46500000000172
1989.38100000000173
2031.90100000000176
2034.39300000000177
2062.65100000000016
2063.81300000000004
2067.61299999999962
2068.59599999999951
2069.67099999999939
2070.70599999999928
2071.30999999999921
2072.56699999999907
2072.90099999999903
2073.46999999999897
2073.83499999999893
2074.27099999999888
2074.61199999999885
2075.0649999999988
2166.87899999998868
2168.17499999998854
2170.77099999998826
2171.20999999998821
2171.48299999998818
2180.81899999998715
2181.58199999998707
2182.53999999998696
2183.14899999998689
2183.78999999998682
2184.38399999998676
2185.37499999998665
2186.01699999998658
2190.12599999998612
2190.58499999998607
2191.31899999998599
2192.07699999998591
2192.54199999998586
2192.86899999998582
2193.26599999998578
2193.72299999998573
2194.26099999998567
2195.03699999998558
2195.92299999998549
2196.86299999998538
2197.97199999998526
2199.16299999998513
2200.42299999998499
2200.90699999998494
2214.17799999998348
2215.64299999998331
2218.05199999998305
2218.44299999998301
2218.79899999998297
2220.72599999998275
2221.03299999998272
2221.42699999998268
2221.89599999998263
2224.23099999998237
2284.61499999997572
2285.27499999997564
2286.26899999997554
2289.21999999997521
2290.71699999997505
2397.04399999996334
2422.49899999996053
2423.20799999996045
2425.74999999996017
2440.62299999995854
2444.90399999995806
2446.72499999995786
2446.92999999995784
2448.30999999995769
2474.18899999995484
2502.56199999995171
2503.55399999995161
2504.23899999995153
2508.33099999995108
2508.94299999995101
2511.7659999999507
2515.49899999995029
2517.93399999995002
2520.16799999994978
2521.62899999994961
2529.87499999994871
2549.60799999994653
2550.7769999999464
2552.20699999994625
2552.41999999994622
2552.6479999999462
2562.90799999994507
2565.23199999994481
2567.29699999994458
2568.22699999994448
2568.77599999994442
2575.89599999994364
2576.77599999994354
2586.38799999994248
2603.72399999994057
2639.10899999993668
2640.22699999993655
2641.95199999993636
2642.35799999993632
2644.06799999993613
2646.56399999993586
2647.36099999993577
2648.32899999993566
2648.44299999993565
2648.95799999993559
2649.48099999993553
2650.33199999993544
2651.12099999993535
2651.52099999993531
2652.05399999993525
2653.07999999993514
2656.27999999993478
2664.09399999993392
2669.7939999999333
2709.94399999992887
2711.06699999992875
2712.20599999992863
2715.57299999992825
2715.93299999992822
2717.902999999928
2718.25499999992796
2720.31899999992773
2722.09599999992754
2722.61299999992748
2723.3629999999274
2724.03399999992732
2765.85699999992272
2767.98699999992248
2775.02699999992171
2777.46399999992144
2779.03799999992126
2780.76499999992107
2784.1489999999207
2785.71199999992053
2787.23499999992036
2794.78799999991953
2795.25099999991948
2796.09399999991939
2796.8599999999193
2800.5179999999189
2801.69999999991877
2802.84399999991864
2810.11999999991784
2811.64499999991767
2814.1539999999174
2814.88199999991732
2815.60799999991724
2816.31699999991716
2820.68299999991668
2821.95099999991654
2895.97099999990839
2897.6879999999082
2898.35899999990812
2908.89299999990696
2910.66899999990677
2911.59699999990667
2912.57999999990656
2916.10299999990617
2919.32899999990581
2919.66499999990578
2920.13499999990573
2921.16599999990561
2925.44399999990514
2926.39999999990504
2929.56999999990469
2930.66599999990457
2933.29899999990428
2936.38599999990394
2961.99099999990112
2963.82899999990091
2965.22799999990076
2965.70899999990071
2966.44899999990062
2969.3519999999003
2973.35699999989986
2976.36399999989953
2978.05799999989935
2979.11599999989923
3013.05499999989549
3015.14099999989526
3016.29499999989514
3017.59299999989499
3022.48699999989445
3023.8389999998943
3025.44199999989413
3027.42399999989391
3029.22299999989371
3043.06299999989219
3045.89699999989187
3046.72799999989178
3153.83899999987999
3155.76999999987977
3156.72599999987967
3158.54399999987947
3159.54699999987936
3161.08099999987919
3190.64699999987593
3191.98299999987579
3193.20799999987565
3195.98299999987535
3196.32999999987531
3198.59799999987506
3200.10099999987489
3201.8569999998747
3209.03799999987391
3209.43799999987386
3210.16899999987378
3211.40799999987365
3212.28899999987355
3213.46099999987342
3214.41399999987332
3215.23399999987322
3215.83399999987316
3216.58899999987308
3218.1609999998729
3219.36899999987277
3221.75799999987251
3222.7409999998724
3246.60999999986977
3247.14299999986971
3248.56799999986955
3249.35699999986947
3252.13099999986916
3267.48799999986747
3268.85899999986732
3269.65399999986723
3270.65399999986712
3271.48199999986703
3276.45599999986648
3282.55899999986581
3286.3069999998654
3286.75799999986535
3292.52999999986471
3292.89299999986467
3294.28799999986452
3298.958999999864
3299.99999999986389
3320.30899999986165
3321.01699999986157
3326.51699999986097
3327.24499999986089
3328.32699999986077
3336.06899999985992
3337.65499999985974
3345.42899999985889
3347.42399999985867
3348.43299999985856
3349.08899999985848
3354.73099999985786
3355.52799999985777
3356.95899999985762
3433.09299999984923
3434.41499999984909
3438.33399999984865
3439.38099999984854
3440.38499999984843
3444.59099999984796
3486.42699999984336
3527.52599999983883
3528.93299999983868
3532.55999999983828
3534.1939999998381
3535.031999999838
3600.50199999983079
3601.59199999983067
3602.13899999983061
3603.03799999983051
3603.61599999983045
3612.2669999998295
3613.1369999998294
3614.47699999982925
3616.54999999982903
3618.6289999998288
3624.60199999982814
3625.54199999982804
3626.35199999982795
3627.00499999982788
3641.72599999982625
3641.89699999982623
3643.39299999982607
3645.70599999982582
3646.06899999982578
3647.35199999982563
3650.52299999982528
3651.41999999982519
3651.89699999982513
3652.28499999982509
3653.29999999982498
3656.96899999982457
3657.6199999998245
3658.31599999982443
3752.68199999981403
3779.75299999981105
3785.79399999981039
3889.88099999979892
3890.87799999979881
3910.89199999979661
3923.7159999997952
3925.09199999979505
3928.72699999979464
3930.0099999997945
3939.85999999979342
3944.13299999979295
3948.01399999979252
3950.48099999979225
3952.64399999979201
3954.30599999979183
3955.53499999979169
3959.35999999979127
3960.42299999979115
3961.05399999979108
3962.06799999979097
3963.79499999979078
3964.85099999979067
3965.69399999979057
3967.50499999979037
3968.41299999979027
3978.88899999978912
3980.004999999789
3980.96999999978889
3982.03399999978877
3991.28699999978776
3992.92299999978758
3993.98399999978746
3995.51699999978729
3996.55499999978718
3997.47699999978707
3999.85999999978681
4009.48599999978575
4010.60499999978563
4012.15899999978546
4017.06499999978492
4018.77799999978473
4050.58799999978122
4052.589999999781
4053.5099999997809
4055.3909999997807
4056.12099999978061
4056.96899999978052
4060.22399999978016
4061.25699999978005
4063.09299999977985
4067.04499999977941
4068.64299999977924
4083.91999999977755
4085.36299999977739
4101.6619999997756
4113.26899999977432
4119.57699999977363
4121.26699999977344
4125.63399999977296
4127.00799999977281
4128.46499999977265
4130.05199999977247
4136.00799999977182
4137.90599999977161
4141.96499999977116
4144.58999999977087
4145.53299999977077
4146.1579999997707
4155.59099999976966
4157.33099999976947
4158.31999999976936
4159.30899999976925
4304.00899999975331
4304.65699999975324
4305.66799999975313
4307.11799999975297
4308.22899999975285
4309.78399999975268
4313.34899999975228
4314.19999999975219
4329.05299999975056
4332.04699999975023
4333.32399999975008
4335.77499999974982
4338.08199999974956
4339.05499999974945
4347.40999999974853
4353.48599999974786
4356.7799999997475
4379.06099999974505
4383.46399999974456
4384.78399999974442
4386.7169999997442
4387.6869999997441
4388.88799999974397
4411.2319999997415
4412.81899999974133
4415.57099999974103
4416.54699999974092
4417.89299999974077
4418.99399999974065
4420.85599999974044
4432.89999999973912
4440.46099999973829
4441.88199999973813
4443.46399999973796
4469.80399999973505
4470.53899999973497
4471.55899999973486
4473.45399999973465
4483.85799999973351
4485.24699999973335
4489.19399999973292
4489.92899999973284
4490.70699999973275
4491.35899999973268
4494.61299999973232
4496.38999999973213
4496.92799999973207
4497.77299999973197
4498.23299999973192
4499.13899999973182
4499.89599999973174
4504.21099999973126
4504.8259999997312
4505.93599999973107
4506.600999999731
4507.4859999997309
4509.86899999973064
4510.15799999973061
4510.44799999973058
4511.55199999973046
4512.82799999973032
4514.67699999973011
4515.18899999973006
4519.25199999972961
4522.60099999972924
4524.63599999972902
4525.16099999972896
4526.33999999972883
4527.75099999972867
4533.99499999972798
4534.83099999972789
4536.32199999972773
4537.42599999972761
4538.22099999972752
4538.57399999972748
4539.60399999972737
4540.94899999972722
4545.60699999972671
4546.19399999972664
4546.86299999972657
4547.95499999972645
4548.30199999972641
4548.68599999972637
4549.83999999972624
4550.86799999972613
4555.11499999972566
4555.85399999972558
4576.30099999972332
4577.07799999972324
4578.3149999997231
4578.74999999972306
4579.45199999972298
4582.38299999972266
4582.98499999972259
4583.50899999972253
4619.03199999971862
4620.93999999971841
4622.23999999971827
4626.11199999971784
4627.66699999971767
4628.2829999997176
4629.1469999997175
4820.85199999969639
4822.69399999969619
4823.18499999969613
4823.70499999969608
4824.420999999696
4826.89199999969573
4829.07399999969549
4830.52699999969533
4830.98899999969528
4831.59999999969521
4832.88999999969507
4833.38899999969501
4833.87899999969496
4835.90299999969473
4836.14899999969471
4836.79499999969464
4836.90699999969462
4837.88299999969452
4893.29499999968841
4894.45099999968829
4895.58499999968816
4898.74099999968781
4920.43499999968542
4921.10899999968535
4922.62299999968518
4923.4049999996851
4934.15499999968391
4935.05999999968381
4937.26599999968357
4939.51099999968332
4942.72799999968297
4946.20699999968259
4946.74899999968253
4948.32699999968235
4951.31599999968202
4952.23699999968192
4952.82899999968186
4954.59499999968166
4955.94799999968151
4956.49499999968145
4956.70799999968143
4957.96599999968129
4961.59899999968089
4962.51299999968079
4963.20599999968071
4964.12799999968061
4966.20199999968038
4966.73799999968032
4967.80699999968021
4968.09599999968018
4968.84599999968009
4977.46799999967914
4997.51799999967693
5046.38899999967155
5048.07899999967137
5053.58599999967076
5111.53599999966438
5112.88799999966423
5252.15799999964889
5253.78799999964871
5253.94399999964869
5255.00099999964858
5255.77299999964849
5258.79899999964816
5288.22999999964492
5322.17099999964118
5322.8689999996411
5341.52799999963905
5343.12999999963887
5345.64799999963859
5348.72399999963825
5351.052999999638
5359.71399999963704
5361.40299999963686
5363.39099999963664
5370.41499999963587
5379.38499999963488
5381.25499999963467
5383.98899999963437
5387.88699999963394
5388.65399999963386
5390.41999999963366
5392.21299999963346
5392.67499999963341
5415.64999999963088
5419.25099999963049
5420.61099999963034
5426.28899999962971
5430.10999999962929
5443.49999999962782
5445.5019999996276
5446.76899999962746
5448.48799999962727
5458.80899999962613
5464.63199999962549
5477.38599999962408
5485.49699999962319
5497.86599999962183
5562.93099999961466
5565.69699999961436
5566.62599999961426
5568.65199999961403
5716.14799999959779
5718.93599999959748
5720.51599999959731
5727.76099999959651
5732.60499999959598
5733.70199999959586
5741.81799999959496
5743.62299999959476
5745.05699999959461
5748.91599999959418
5750.33499999959402
5776.8919999995911
5777.45499999959104
5777.794999999591
5778.58599999959091
5780.03299999959075
5782.06499999959053
5783.16299999959041
5787.10599999958997
5865.65399999958132
5960.62499999957086
5962.0989999995707
5966.44999999957022
5971.46699999956967
5976.07799999956916
5977.24899999956903
5978.55099999956889
5980.00899999956873
5980.58899999956866
6060.04599999955991
6068.88899999955894
6093.39899999955624
6102.74699999955521
6114.86899999955388
6139.33599999955118
6140.56199999955105
6158.44899999954908
6162.51699999954863
6163.91499999954847
6171.57199999954763
6210.72999999954332
6213.56399999954301
6340.38299999952904
6345.58699999952847
6419.64199999952031
6422.46899999952
6435.57299999951856
6563.81799999950443
6573.97799999950331
6619.36399999949831
6640.53199999949598
6643.68899999949564
6644.80599999949551
6651.55099999949477
6654.41499999949445
6655.49999999949433
6670.17499999949272
6677.52599999949191
6678.32199999949182
6680.10399999949162
6680.98999999949153
6693.57899999949014
6695.35399999948994
6696.7129999994898
6699.14899999948953
6699.82599999948945
6700.49399999948938
6701.06699999948932
6702.66199999948914
6703.12599999948909
6704.49699999948894
6705.65299999948881
6706.29599999948874
6706.80499999948868
6707.22799999948864
6708.30899999948852
6708.57999999948849
6714.52599999948783
6715.52099999948772
6718.66599999948738
6720.52899999948717
6721.75299999948704
6727.5409999994864
6728.16599999948633
6730.11699999948612
6731.05699999948601
6731.54799999948596
6732.00499999948591
6733.38699999948576
6739.3149999994851
6760.61699999948276
6774.16399999948127
6782.12499999948039
6796.63299999947879
6811.54299999947715
6814.63999999947681
6845.65099999947339
6847.18099999947322
6849.07099999947302
6852.8209999994726
6855.96799999947226
6910.48099999946625
6914.16399999946585
6970.04699999945969
6982.98299999945827
6984.40499999945811
7063.94699999944935
7072.02899999944846
7073.94199999944825
7075.22699999944811
7075.92599999944803
7076.56599999944796
29
-1
17.0609999999999994
26.2139999999999917
55.8330000000000079
77.7630000000000274
101.0970000000000481
114.7260000000000602
140.501000000000083
199.650000000000136
222.513000000000156
281.402000000000208
332.856000000000254
417.625000000000329
607.488000000000498
785.523000000000656
895.367000000000754
954.248000000000806
1176.759000000001
1432.85100000000123
1687.93800000000146
1902.50000000000165
2171.21099999998821
2552.42099999994622
2898.35999999990812
3252.13199999986916
3890.87899999979881
4314.20099999975219
4555.85499999972558
5322.8699999996411
6619.36499999949831
0
0
5000
0
0
0
0
7200
0
0
0
0
0
30
0
7200.00099999943437
580.736000000000474
1800
0
88
0
1
4
7
10
13
16
19
22
25
28
31
34
37
40
43
46
49
52
55
58
61
64
67
70
73
76
79
82
85
88
91
94
97
100
103
106
109
112
115
118
121
124
127
130
133
136
139
142
145
148
151
154
157
160
163
166
169
172
175
178
181
184
187
190
193
196
199
202
205
208
211
214
217
220
223
226
229
232
235
238
241
244
247
250
253
256
259
262
265
268
271
274
277
280
283
286
289
292
295
298
301
304
307
310
313
316
319
322
325
328
331
334
337
340
343
346
349
352
355
358
361
364
367
370
373
376
379
382
385
388
391
394
397
400
403
406
409
412
415
418
421
424
427
430
433
436
439
442
445
448
451
454
457
460
463
466
469
472
475
478
481
484
487
490
493
496
499
502
505
508
511
514
517
520
523
526
529
532
535
538
541
544
547
550
