11
18
19
11
18
19
cPPR1.12
FR5_day1
0
2
10
02
48
10
28
28
24
2
.3
1
589
1
101
1
1
1
1
1
1
1
1
1
1
1
1
1
1
1
1
1
1
1
1
1
1
588
-1
13.47000000000000027
15.0040000000000003
17.4939999999999991
17.9729999999999986
19.9999999999999969
24.0479999999999935
24.5199999999999931
25.1399999999999926
25.6009999999999922
26.7329999999999912
27.1749999999999909
29.1049999999999892
29.7029999999999887
30.3389999999999882
31.9879999999999868
32.9169999999999876
33.4739999999999881
35.2499999999999897
35.67599999999999
37.1259999999999913
37.8029999999999919
38.4259999999999925
40.5179999999999943
40.8159999999999946
41.7469999999999954
42.7399999999999963
43.1079999999999966
43.473999999999997
44.2379999999999976
45.744999999999999
46.4589999999999996
48.5810000000000015
49.8120000000000026
50.266000000000003
67.9570000000000187
69.2500000000000199
69.8120000000000204
70.583000000000021
73.2850000000000234
73.6530000000000238
78.0940000000000277
78.3550000000000279
79.7130000000000292
80.2920000000000297
80.5390000000000299
80.9470000000000302
82.1220000000000313
85.0600000000000339
88.595000000000037
90.3520000000000386
91.1420000000000393
91.4120000000000395
93.3480000000000413
93.5810000000000415
93.8310000000000417
97.0850000000000446
97.7700000000000452
98.3770000000000457
98.5850000000000459
99.6530000000000469
101.9350000000000489
110.1120000000000562
110.5710000000000566
110.8980000000000568
114.0080000000000596
114.44200000000006
116.4630000000000618
116.682000000000062
117.1710000000000624
117.797000000000063
119.1690000000000642
119.5360000000000645
126.4890000000000707
126.9430000000000711
127.8630000000000719
128.815000000000073
131.576000000000075
137.32100000000008
137.636000000000081
138.291000000000081
138.834000000000082
139.342000000000082
165.151000000000105
166.201000000000106
167.262000000000107
170.88400000000011
171.596000000000111
172.117000000000111
175.505000000000114
176.487000000000115
176.948000000000116
178.307000000000117
178.723000000000117
179.282000000000118
179.925000000000118
189.648000000000127
191.831000000000129
194.947000000000132
196.727000000000133
197.856000000000134
203.665000000000139
205.538000000000141
206.542000000000142
209.291000000000144
219.539000000000153
219.931000000000154
224.785000000000158
225.630000000000159
226.217000000000159
227.07400000000016
227.60100000000016
228.078000000000161
234.973000000000167
235.690000000000168
236.795000000000169
239.796000000000171
240.141000000000172
243.966000000000175
246.069000000000177
246.649000000000177
247.890000000000179
249.53300000000018
250.520000000000181
251.348000000000182
256.458000000000186
257.902000000000187
260.185000000000189
260.62400000000019
264.624000000000193
277.827000000000205
278.315000000000206
278.846000000000206
279.496000000000207
280.407000000000207
285.663000000000212
286.746000000000213
289.239000000000215
290.176000000000216
291.248000000000217
291.358000000000217
296.230000000000221
296.631000000000222
301.573000000000226
302.559000000000227
302.846000000000227
303.369000000000228
306.836000000000231
307.697000000000232
309.019000000000233
309.424000000000233
310.602000000000234
311.086000000000235
311.387000000000235
315.907000000000239
316.73600000000024
317.708000000000241
321.413000000000244
321.947000000000244
323.707000000000246
324.638000000000247
331.583000000000253
336.539000000000257
346.677000000000266
349.328000000000269
350.76500000000027
354.602000000000273
355.119000000000274
355.677000000000274
357.309000000000276
357.605000000000276
358.434000000000277
359.808000000000278
364.559000000000282
370.608000000000288
383.101000000000299
386.196000000000301
388.574000000000303
390.504000000000305
396.609000000000311
398.098000000000312
398.768000000000312
399.647000000000313
400.665000000000314
406.63500000000032
407.37800000000032
408.859000000000321
411.655000000000324
412.138000000000324
416.433000000000328
417.330000000000329
419.020000000000331
419.440000000000331
420.000000000000331
420.824000000000332
421.702000000000333
425.532000000000336
426.035000000000337
426.520000000000337
427.759000000000338
429.79400000000034
432.412000000000342
434.842000000000345
435.913000000000346
445.570000000000354
446.282000000000355
448.815000000000357
450.136000000000358
450.823000000000359
455.812000000000363
456.328000000000364
456.621000000000364
461.079000000000368
461.473000000000368
463.19100000000037
468.674000000000375
469.248000000000375
470.191000000000376
472.691000000000378
473.177000000000379
474.34100000000038
479.460000000000384
480.278000000000385
483.057000000000387
483.505000000000388
484.530000000000389
490.865000000000394
492.106000000000395
492.456000000000396
493.847000000000397
495.349000000000398
500.776000000000403
501.381000000000404
507.930000000000409
508.45200000000041
509.945000000000411
516.498000000000417
516.909000000000417
521.076000000000421
523.416000000000423
523.819000000000424
528.710000000000428
529.293000000000428
531.31300000000043
532.072000000000431
534.469000000000433
535.754000000000434
536.332000000000435
542.05800000000044
543.110000000000441
544.135000000000442
548.372000000000445
548.923000000000446
568.859000000000464
572.327000000000467
574.432000000000468
574.707000000000469
574.953000000000469
579.879000000000473
580.779000000000474
581.534000000000475
582.327000000000476
583.368000000000476
583.812000000000477
588.194000000000481
588.748000000000481
590.153000000000482
591.210000000000483
592.026000000000484
593.730000000000486
594.541000000000486
613.078000000000503
616.324000000000506
616.636000000000506
617.216000000000506
620.325000000000509
626.140000000000514
627.145000000000515
627.613000000000516
629.636000000000518
630.611000000000518
639.918000000000527
640.429000000000527
641.429000000000528
646.021000000000532
647.182000000000533
651.922000000000537
652.461000000000538
653.291000000000539
653.781000000000539
655.08700000000054
655.887000000000541
662.260000000000546
662.856000000000547
663.693000000000548
664.909000000000549
665.74400000000055
676.93700000000056
677.91900000000056
679.454000000000562
682.487000000000564
683.850000000000566
688.86800000000057
689.976000000000571
691.570000000000573
692.060000000000573
692.659000000000574
694.558000000000575
694.985000000000576
706.111000000000585
706.590000000000586
707.544000000000587
708.683000000000588
710.554000000000589
715.481000000000594
716.454000000000595
717.426000000000596
719.110000000000597
721.259000000000599
722.0750000000006
727.657000000000605
728.223000000000605
729.370000000000606
729.996000000000607
731.097000000000608
742.932000000000618
743.810000000000619
746.173000000000621
746.748000000000622
747.609000000000622
747.945000000000623
751.711000000000626
752.229000000000626
752.496000000000627
753.742000000000628
755.609000000000629
756.73100000000063
761.324000000000634
761.726000000000635
765.582000000000638
766.378000000000639
767.14600000000064
767.86900000000064
768.672000000000641
769.247000000000642
769.878000000000642
774.034000000000646
775.416000000000647
776.538000000000648
777.276000000000649
778.81300000000065
779.591000000000651
793.923000000000663
796.874000000000666
797.613000000000667
798.754000000000668
801.51300000000067
806.067000000000674
806.424000000000675
808.967000000000677
811.662000000000679
812.51400000000068
813.294000000000681
814.823000000000682
814.968000000000682
816.442000000000684
818.142000000000685
819.287000000000686
820.398000000000687
826.009000000000692
826.535000000000692
827.977000000000694
828.119000000000694
831.437000000000697
831.809000000000697
833.241000000000698
834.395000000000699
836.046000000000701
836.575000000000701
837.216000000000702
838.592000000000703
844.339000000000708
844.861000000000709
846.93100000000071
851.154000000000714
851.618000000000715
857.39900000000072
857.82400000000072
858.967000000000721
860.993000000000723
863.838000000000726
869.914000000000731
870.583000000000732
871.392000000000732
873.805000000000734
875.402000000000736
880.04800000000074
880.27400000000074
880.767000000000741
882.425000000000742
884.509000000000744
885.251000000000745
886.443000000000746
892.742000000000751
893.432000000000752
895.824000000000754
896.440000000000755
899.412000000000757
905.512000000000763
906.434000000000763
911.657000000000768
913.026000000000769
915.579000000000772
921.073000000000776
921.544000000000777
922.408000000000778
923.902000000000779
924.87000000000078
935.065000000000789
935.690000000000789
941.207000000000794
941.823000000000795
942.235000000000795
947.033000000000799
948.411000000000801
949.644000000000802
951.902000000000804
952.678000000000804
953.564000000000805
959.31000000000081
960.545000000000811
963.909000000000814
966.248000000000816
967.202000000000817
972.862000000000822
977.649000000000827
978.471000000000827
979.429000000000828
981.28000000000083
990.143000000000838
992.91800000000084
995.226000000000842
998.397000000000845
1000.103000000000847
1006.163000000000852
1006.641000000000852
1007.369000000000853
1024.17600000000087
1024.87300000000087
1030.10300000000087
1030.71700000000087
1033.00100000000088
1033.62400000000088
1034.95400000000088
1042.31100000000088
1043.09600000000088
1045.47500000000089
1047.07800000000089
1050.04500000000089
1055.6010000000009
1055.7380000000009
1056.6910000000009
1057.8950000000009
1059.8830000000009
1061.0240000000009
1072.40500000000091
1073.27000000000091
1079.12300000000092
1079.92700000000092
1081.21200000000092
1089.01300000000093
1090.30400000000093
1091.15900000000093
1091.83700000000093
1095.16400000000093
1095.87200000000093
1100.91900000000094
1101.65300000000094
1103.35200000000094
1104.78000000000094
1105.47200000000094
1113.66000000000095
1115.85500000000095
1118.74200000000095
1119.91800000000095
1126.15700000000096
1138.90500000000097
1140.87500000000097
1142.47700000000097
1143.21200000000097
1145.49000000000098
1153.35400000000098
1156.27800000000099
1157.77700000000099
1158.72800000000099
1160.89100000000099
1165.62700000000099
1166.59600000000099
1167.01900000000099
1168.292000000001
1172.679000000001
1173.296000000001
1178.473000000001
1179.04600000000101
1180.14300000000101
1181.26900000000101
1182.51500000000101
1183.96400000000101
1190.83900000000102
1191.33300000000102
1195.11600000000102
1197.49600000000102
1198.15600000000102
1203.58600000000103
1204.27600000000103
1204.81700000000103
1206.29600000000103
1207.68400000000103
1207.93500000000103
1215.59300000000104
1216.04800000000104
1216.57600000000104
1219.05100000000104
1220.45200000000104
1221.85300000000104
1246.72600000000107
1247.20900000000107
1249.38600000000107
1249.91300000000107
1254.32600000000107
1257.58100000000108
1258.97900000000108
1259.93600000000108
1261.84100000000108
1262.81400000000108
1263.09200000000108
1266.26700000000108
1266.69900000000108
1273.50900000000109
1273.93100000000109
1275.71200000000109
1279.69700000000109
1283.1330000000011
1289.6660000000011
1290.1020000000011
1291.0750000000011
1292.19400000000111
1292.74100000000111
1304.45500000000112
1304.82800000000112
1306.50700000000112
1306.89000000000112
1307.94400000000112
1315.71100000000113
1319.03100000000113
1321.21300000000113
1322.23300000000113
1323.82000000000113
1334.44400000000114
1340.50500000000115
1340.60200000000115
1341.81000000000115
1347.49400000000116
1353.34300000000116
1354.20400000000116
1356.20600000000116
1357.19700000000116
1357.98100000000116
1364.15200000000117
1364.80100000000117
1370.16200000000118
1371.55700000000118
1372.80200000000118
1379.94700000000118
1380.41800000000118
1381.91500000000119
1383.43800000000119
1386.83900000000119
1394.1730000000012
1395.0890000000012
1396.0100000000012
1397.0980000000012
1398.6610000000012
1399.0060000000012
1404.41200000000121
1404.89400000000121
1405.67800000000121
1413.43100000000121
1414.65800000000121
100
-1
19.9999999999999969
29.7029999999999887
38.4259999999999925
49.8120000000000026
73.2850000000000234
82.1220000000000313
93.3480000000000413
110.5710000000000566
119.1690000000000642
131.576000000000075
139.342000000000082
171.596000000000111
179.925000000000118
197.856000000000134
219.539000000000153
227.60100000000016
240.141000000000172
250.520000000000181
264.624000000000193
280.407000000000207
291.248000000000217
303.369000000000228
311.387000000000235
323.707000000000246
350.76500000000027
364.559000000000282
390.504000000000305
400.665000000000314
412.138000000000324
421.702000000000333
435.913000000000346
450.823000000000359
463.19100000000037
473.177000000000379
484.530000000000389
495.349000000000398
509.945000000000411
523.819000000000424
535.754000000000434
548.923000000000446
574.953000000000469
583.812000000000477
594.541000000000486
620.325000000000509
630.611000000000518
647.182000000000533
655.887000000000541
665.74400000000055
683.850000000000566
694.558000000000575
710.554000000000589
722.0750000000006
731.097000000000608
747.609000000000622
761.726000000000635
769.878000000000642
779.591000000000651
801.51300000000067
814.823000000000682
828.119000000000694
838.592000000000703
851.618000000000715
863.838000000000726
875.402000000000736
886.443000000000746
899.412000000000757
915.579000000000772
924.87000000000078
942.235000000000795
953.564000000000805
967.202000000000817
981.28000000000083
1000.103000000000847
1024.87300000000087
1034.95400000000088
1050.04500000000089
1059.8830000000009
1081.21200000000092
1095.16400000000093
1105.47200000000094
1126.15700000000096
1145.49000000000098
1160.89100000000099
1173.296000000001
1183.96400000000101
1198.15600000000102
1207.68400000000103
1220.45200000000104
1254.32600000000107
1266.26700000000108
1283.1330000000011
1292.74100000000111
1307.94400000000112
1323.82000000000113
1347.49400000000116
1357.98100000000116
1372.80200000000118
1386.83900000000119
1398.6610000000012
1414.65800000000121
5
0
5000
0
0
0
0
2700
99
0
0
0
0
0
0
1414.65800000000121
0
0
0
0
0
0
