11
11
19
11
11
19
cPPR1.10
FR2_day1
0
4
9
29
28
10
14
30
24
2
.3
1
175
1
78
1
1
1
1
1
1
1
1
1
1
1
1
1
1
1
1
1
1
1
1
1
1
174
-1
29.1069999999999892
29.6259999999999888
36.4549999999999907
38.3369999999999924
43.3969999999999969
47.0120000000000001
50.215000000000003
55.2480000000000074
56.4190000000000085
60.4850000000000121
65.7910000000000168
70.6010000000000211
77.2100000000000269
78.7800000000000283
87.1760000000000358
88.9630000000000374
94.8240000000000426
95.301000000000043
103.9980000000000507
106.8330000000000532
112.9140000000000586
114.1870000000000598
114.50500000000006
119.8810000000000648
122.9290000000000675
123.2840000000000678
128.227000000000072
135.678000000000079
140.534000000000083
141.185000000000084
142.575000000000085
153.796000000000095
155.814000000000097
160.832000000000101
165.470000000000105
167.302000000000107
172.734000000000112
173.744000000000113
182.670000000000121
185.593000000000123
193.78700000000013
196.341000000000133
201.862000000000138
202.806000000000138
210.525000000000145
214.587000000000149
216.25300000000015
220.943000000000155
223.575000000000157
223.944000000000157
231.583000000000164
233.520000000000166
241.875000000000173
242.804000000000174
249.86800000000018
250.572000000000181
258.829000000000188
259.724000000000189
267.338000000000196
268.597000000000197
275.985000000000203
277.134000000000204
286.716000000000213
289.868000000000216
296.139000000000221
297.064000000000222
297.622000000000223
305.126000000000229
306.30000000000023
307.497000000000231
323.632000000000246
330.937000000000252
335.934000000000257
336.604000000000257
338.180000000000259
344.005000000000264
346.425000000000266
357.976000000000276
359.818000000000278
365.255000000000283
367.028000000000284
379.422000000000295
381.733000000000297
388.826000000000304
389.428000000000304
396.37100000000031
397.185000000000311
405.556000000000319
410.118000000000323
419.493000000000331
423.759000000000335
429.062000000000339
430.476000000000341
437.499000000000347
439.432000000000349
453.097000000000361
457.014000000000364
463.94300000000037
466.369000000000373
473.871000000000379
475.20400000000038
484.342000000000389
485.012000000000389
494.248000000000397
496.8160000000004
506.401000000000408
508.58100000000041
516.960000000000417
601.423000000000492
700.51100000000058
705.215000000000585
715.625000000000594
718.956000000000597
757.936000000000632
758.683000000000632
765.296000000000638
771.648000000000644
777.135000000000649
778.21900000000065
782.002000000000653
782.733000000000654
783.008000000000654
784.857000000000655
790.31700000000066
799.754000000000669
803.495000000000672
811.136000000000679
813.970000000000681
823.23500000000069
826.359000000000692
838.079000000000703
842.437000000000707
848.718000000000712
849.425000000000713
854.823000000000718
860.129000000000722
866.365000000000728
867.265000000000729
875.003000000000736
876.395000000000737
884.107000000000744
886.645000000000746
896.887000000000755
897.920000000000756
906.732000000000764
908.554000000000765
914.804000000000771
917.454000000000773
926.858000000000782
932.020000000000786
940.579000000000794
943.654000000000796
948.774000000000801
949.408000000000802
950.443000000000802
956.779000000000808
957.693000000000809
973.249000000000823
976.482000000000826
986.067000000000834
987.602000000000835
989.123000000000837
992.49200000000084
995.320000000000842
996.477000000000843
1001.681000000000848
1003.079000000000849
1004.23600000000085
1016.426000000000861
1018.277000000000863
1021.906000000000866
1022.630000000000867
1836.16700000000159
1848.7770000000016
77
-1
29.6259999999999888
38.3369999999999924
50.215000000000003
60.4850000000000121
70.6010000000000211
78.7800000000000283
88.9630000000000374
95.301000000000043
106.8330000000000532
114.1870000000000598
122.9290000000000675
135.678000000000079
142.575000000000085
155.814000000000097
167.302000000000107
173.744000000000113
185.593000000000123
196.341000000000133
202.806000000000138
214.587000000000149
223.575000000000157
233.520000000000166
242.804000000000174
250.572000000000181
259.724000000000189
268.597000000000197
277.134000000000204
289.868000000000216
297.064000000000222
306.30000000000023
330.937000000000252
338.180000000000259
346.425000000000266
359.818000000000278
367.028000000000284
381.733000000000297
389.428000000000304
397.185000000000311
410.118000000000323
423.759000000000335
430.476000000000341
439.432000000000349
457.014000000000364
466.369000000000373
475.20400000000038
485.012000000000389
496.8160000000004
508.58100000000041
601.423000000000492
705.215000000000585
718.956000000000597
758.683000000000632
771.648000000000644
778.21900000000065
790.31700000000066
803.495000000000672
813.970000000000681
826.359000000000692
842.437000000000707
849.425000000000713
860.129000000000722
867.265000000000729
876.395000000000737
886.645000000000746
897.920000000000756
908.554000000000765
917.454000000000773
932.020000000000786
943.654000000000796
950.443000000000802
957.693000000000809
976.482000000000826
987.602000000000835
996.477000000000843
1004.23600000000085
1018.277000000000863
1848.7770000000016
2
0
5000
0
0
0
0
2700
99
0
0
0
0
0
0
2700.79599999992988
0
0
0
0
0
0
