11
15
19
11
15
19
cPPR1.13
FR2_day5
0
3
11
13
18
11
59
33
24
2
.3
1
182
1
65
1
1
1
1
1
1
1
1
1
1
1
1
1
1
1
1
1
1
1
1
1
1
181
-1
2.66500000000000004
3.26000000000000006
6.70200000000000013
9.96800000000000019
10.2990000000000002
15.78900000000000032
16.2030000000000001
21.5149999999999957
21.9749999999999953
43.6719999999999971
44.3589999999999978
50.0060000000000028
50.3620000000000031
54.805000000000007
55.0050000000000072
55.6510000000000078
56.4650000000000085
59.8740000000000115
60.3200000000000119
60.5870000000000122
61.2640000000000128
62.5830000000000139
63.3680000000000146
67.6730000000000185
70.559000000000021
70.9150000000000213
74.2250000000000243
75.5760000000000255
76.0460000000000259
76.8510000000000266
77.264000000000027
81.833000000000031
83.9170000000000329
84.2650000000000332
87.2340000000000358
89.1750000000000376
89.4950000000000378
90.0010000000000383
97.589000000000045
97.8120000000000452
105.6970000000000522
105.9640000000000525
113.8460000000000595
114.8710000000000604
117.7340000000000629
119.4540000000000644
119.8800000000000648
151.788000000000093
152.060000000000093
159.4240000000001
161.700000000000102
165.016000000000105
165.254000000000105
166.829000000000107
167.041000000000107
167.331000000000107
170.66500000000011
170.83100000000011
171.08100000000011
172.943000000000112
173.403000000000112
178.426000000000117
178.665000000000117
179.350000000000118
184.831000000000123
185.215000000000123
189.654000000000127
192.81400000000013
193.18200000000013
198.627000000000135
204.12000000000014
212.173000000000147
213.355000000000148
217.923000000000152
218.638000000000153
218.971000000000153
224.488000000000158
224.949000000000158
225.286000000000158
230.684000000000163
232.704000000000165
238.07100000000017
241.506000000000173
241.676000000000173
243.237000000000174
243.916000000000175
246.280000000000177
250.08100000000018
253.130000000000183
259.365000000000189
260.88400000000019
265.495000000000194
266.220000000000195
266.615000000000195
271.097000000000199
271.498000000000199
271.9470000000002
273.086000000000201
278.059000000000205
280.264000000000207
280.630000000000208
286.081000000000212
288.399000000000214
295.969000000000221
296.526000000000222
359.964000000000278
360.373000000000278
365.702000000000283
370.222000000000287
376.590000000000293
377.930000000000294
383.497000000000299
384.5360000000003
385.745000000000301
431.277000000000341
431.675000000000342
435.285000000000345
436.860000000000346
439.097000000000348
440.66200000000035
441.767000000000351
443.817000000000353
604.883000000000496
605.464000000000496
615.943000000000505
749.403000000000624
751.802000000000626
752.424000000000627
753.961000000000628
755.019000000000629
758.028000000000632
764.227000000000637
764.533000000000637
766.097000000000639
766.633000000000639
766.717000000000639
767.72800000000064
773.336000000000645
773.597000000000645
776.406000000000648
778.38700000000065
778.81500000000065
779.897000000000651
792.206000000000662
792.918000000000663
793.911000000000663
912.869000000000769
913.47000000000077
921.145000000000776
922.342000000000778
930.855000000000785
931.603000000000786
936.20400000000079
937.153000000000791
937.579000000000791
943.746000000000796
944.171000000000797
950.533000000000803
954.594000000000806
970.50100000000082
971.017000000000821
979.229000000000828
981.01100000000083
985.692000000000834
987.200000000000835
987.635000000000836
997.322000000000844
998.188000000000845
1004.37600000000085
1005.791000000000852
1013.261000000000858
1014.89600000000086
1025.99300000000087
1028.82100000000087
1037.64500000000088
1038.47200000000088
1046.87000000000089
1047.35300000000089
1064.5970000000009
1068.74600000000091
1076.78700000000091
64
-1
3.26000000000000006
10.2990000000000002
16.2030000000000001
21.9749999999999953
44.3589999999999978
50.3620000000000031
56.4650000000000085
63.3680000000000146
70.9150000000000213
77.264000000000027
84.2650000000000332
90.0010000000000383
97.8120000000000452
105.9640000000000525
114.8710000000000604
152.060000000000093
161.700000000000102
167.331000000000107
173.403000000000112
179.350000000000118
185.215000000000123
193.18200000000013
204.12000000000014
213.355000000000148
218.971000000000153
224.949000000000158
232.704000000000165
241.506000000000173
253.130000000000183
260.88400000000019
266.615000000000195
273.086000000000201
280.630000000000208
288.399000000000214
296.526000000000222
360.373000000000278
370.222000000000287
377.930000000000294
384.5360000000003
431.675000000000342
440.66200000000035
605.464000000000496
749.403000000000624
758.028000000000632
764.533000000000637
773.597000000000645
779.897000000000651
792.918000000000663
913.47000000000077
922.342000000000778
931.603000000000786
937.579000000000791
944.171000000000797
954.594000000000806
971.017000000000821
981.01100000000083
987.635000000000836
998.188000000000845
1005.791000000000852
1014.89600000000086
1028.82100000000087
1038.47200000000088
1047.35300000000089
1068.74600000000091
2
0
5000
0
0
0
0
2700
99
0
0
0
0
0
0
2700.79599999992988
0
0
0
0
0
0
