12
17
19
12
17
19
cPPR1.12
PR3_day2.6
0
2
11
11
33
12
25
55
23
3
.3
1
165
1
11
1
1
1
1
1
1
1
1
1
1
1
1
1
1
1
1
1
1
1
1
1
184
164
-1
65.5190000000000165
131.325000000000075
132.367000000000076
133.116000000000077
140.134000000000083
179.142000000000117
180.275000000000118
180.341000000000119
184.870000000000123
187.022000000000124
191.646000000000129
193.871000000000131
219.065000000000153
222.388000000000156
259.042000000000188
260.73700000000019
261.13600000000019
265.398000000000194
267.117000000000196
268.535000000000197
269.577000000000198
328.27200000000025
328.70100000000025
353.949000000000273
359.283000000000277
360.519000000000279
361.433000000000279
435.394000000000345
436.017000000000346
437.695000000000347
443.194000000000352
445.713000000000354
446.616000000000355
448.764000000000357
450.538000000000358
452.80600000000036
476.297000000000381
495.331000000000398
495.872000000000399
496.9020000000004
498.519000000000401
499.280000000000402
503.548000000000406
504.031000000000406
505.549000000000407
506.980000000000409
513.770000000000415
515.180000000000416
516.333000000000417
518.030000000000418
519.163000000000419
521.402000000000421
675.303000000000558
688.69800000000057
700.17300000000058
702.408000000000582
703.275000000000583
715.074000000000593
716.135000000000594
718.637000000000597
719.570000000000597
724.129000000000602
725.778000000000603
726.175000000000603
727.046000000000604
728.601000000000605
732.029000000000608
732.828000000000609
736.994000000000613
738.031000000000614
743.692000000000619
759.403000000000633
760.612000000000634
760.848000000000634
761.388000000000635
762.749000000000636
763.512000000000636
764.198000000000637
770.553000000000643
771.612000000000644
773.054000000000645
774.550000000000646
774.966000000000647
775.431000000000647
777.315000000000649
778.30400000000065
779.18900000000065
780.463000000000652
780.838000000000652
781.528000000000652
782.011000000000653
784.268000000000655
785.463000000000656
808.129000000000676
810.660000000000678
815.936000000000683
817.298000000000684
820.987000000000688
830.758000000000696
830.992000000000696
831.420000000000697
833.727000000000699
835.1350000000007
835.824000000000701
836.310000000000701
838.636000000000703
839.492000000000704
840.321000000000705
840.567000000000705
840.852000000000705
841.963000000000706
845.356000000000709
846.70600000000071
847.363000000000711
850.883000000000714
852.117000000000715
852.878000000000716
853.285000000000716
946.785000000000799
987.777000000000836
1006.230000000000852
1014.89400000000086
1015.856000000000861
1018.004000000000862
1019.037000000000863
1028.63700000000087
1028.98800000000087
1031.72900000000087
1033.57000000000088
1037.04500000000088
1039.90800000000088
1044.47600000000089
1045.34800000000089
1047.52300000000089
1049.44000000000089
1063.0200000000009
1063.5100000000009
1064.6780000000009
1064.9610000000009
1065.3800000000009
1066.22600000000091
1113.39300000000095
1120.65000000000095
1524.52700000000131
2602.29899999994073
2606.25199999994029
2659.62199999993442
2668.54099999993343
2984.96399999989859
3005.64999999989631
3313.4999999998624
3314.79899999986226
3376.1729999998555
3379.75499999985511
3507.97999999984098
3510.5889999998407
3735.14099999981597
3767.75899999981237
3770.14399999981211
3853.8169999998029
3856.99199999980255
3860.18999999980219
3867.31299999980141
3879.29699999980009
10
-1
65.5200000000000166
140.135000000000083
193.872000000000131
328.27300000000025
452.80700000000036
521.403000000000421
743.693000000000619
785.464000000000656
853.286000000000716
2606.25299999994029
0
0
5000
0
0
0
0
7200
0
0
0
0
0
11
0
4406.35399999974204
1800.00000000000156
1800
0
31
0
1
4
7
10
13
16
19
22
25
28
31
34
37
40
43
46
49
52
55
58
61
64
67
70
73
76
79
82
85
88
91
94
97
100
103
106
109
112
115
118
121
124
127
130
133
136
139
142
145
148
151
154
157
160
163
166
169
172
175
178
181
184
187
190
193
196
199
202
205
208
211
214
217
220
223
226
229
232
235
238
241
244
247
250
253
256
259
262
265
268
271
274
277
280
283
286
289
292
295
298
301
304
307
310
313
316
319
322
325
328
331
334
337
340
343
346
349
352
355
358
361
364
367
370
373
376
379
382
385
388
391
394
397
400
403
406
409
412
415
418
421
424
427
430
433
436
439
442
445
448
451
454
457
460
463
466
469
472
475
478
481
484
487
490
493
496
499
502
505
508
511
514
517
520
523
526
529
532
535
538
541
544
547
550
