11
04
19
11
04
19
cPPR1.12
FR1
0
2
9
51
50
10
19
42
24
2
.3
1
153
1
101
1
1
1
1
1
1
1
1
1
1
1
1
1
1
1
1
1
1
1
1
1
1
152
-1
140.619000000000083
222.972000000000156
235.124000000000167
235.728000000000168
236.424000000000168
238.24700000000017
238.67000000000017
238.876000000000171
423.049000000000334
423.698000000000335
433.039000000000343
434.127000000000344
461.369000000000368
476.273000000000381
484.551000000000389
492.150000000000395
494.057000000000397
494.471000000000398
499.323000000000402
500.204000000000403
500.768000000000403
502.345000000000405
503.176000000000405
506.259000000000408
521.453000000000421
536.098000000000434
536.624000000000435
546.324000000000444
558.319000000000454
559.267000000000455
569.498000000000464
574.652000000000469
575.201000000000469
575.328000000000469
636.992000000000524
641.778000000000528
646.352000000000532
654.168000000000539
664.340000000000548
664.703000000000549
664.787000000000549
680.912000000000563
691.144000000000572
691.577000000000573
701.004000000000581
712.495000000000591
718.239000000000596
718.474000000000596
720.224000000000598
721.837000000000599
728.929000000000606
729.452000000000606
735.818000000000612
737.978000000000614
749.052000000000624
755.80800000000063
756.73100000000063
768.236000000000641
775.645000000000647
788.067000000000658
789.403000000000659
799.479000000000668
800.193000000000669
807.493000000000676
814.823000000000682
827.193000000000693
833.854000000000699
846.08700000000071
847.442000000000711
851.763000000000715
865.210000000000727
874.959000000000735
882.695000000000742
888.844000000000748
894.161000000000752
905.124000000000762
913.68600000000077
914.17700000000077
923.156000000000778
936.11000000000079
936.69600000000079
944.581000000000797
955.687000000000807
963.525000000000814
965.328000000000816
976.638000000000826
977.099000000000826
987.351000000000835
993.918000000000841
1006.258000000000852
1013.934000000000859
1028.36200000000087
1034.66500000000088
1061.8490000000009
1062.2170000000009
1066.48300000000091
1068.60600000000091
1070.44300000000091
1080.49000000000092
1090.40700000000093
1102.38900000000094
1103.12900000000094
1110.84500000000094
1114.55900000000095
1116.28200000000095
1128.44800000000096
1134.33100000000097
1145.56700000000098
1153.35000000000098
1157.72800000000099
1161.15700000000099
1161.62100000000099
1162.06700000000099
1166.43300000000099
1181.16600000000101
1211.59700000000103
1217.16000000000104
1219.29000000000104
1220.92400000000104
1225.12100000000105
1230.12400000000105
1234.85700000000106
1241.21700000000106
1252.91500000000107
1253.36900000000107
1259.69200000000108
1271.06300000000109
1281.5300000000011
1294.53200000000111
1301.47400000000111
1311.15600000000112
1318.55500000000113
1330.73300000000114
1339.18800000000115
1354.65600000000116
1355.53800000000116
1364.73800000000117
1373.56600000000118
1373.72500000000118
1392.20700000000119
1400.4140000000012
1401.7820000000012
1413.55400000000121
1420.33800000000122
1420.58400000000122
1424.14800000000122
1425.62800000000122
1449.93300000000125
1450.44500000000125
1457.63000000000125
1469.04100000000126
1532.95200000000132
100
-1
140.619000000000083
222.972000000000156
235.124000000000167
423.049000000000334
433.039000000000343
461.369000000000368
476.273000000000381
484.551000000000389
492.150000000000395
499.323000000000402
506.259000000000408
521.453000000000421
536.098000000000434
546.324000000000444
558.319000000000454
569.498000000000464
574.652000000000469
636.992000000000524
646.352000000000532
654.168000000000539
664.340000000000548
680.912000000000563
691.144000000000572
701.004000000000581
712.495000000000591
718.239000000000596
728.929000000000606
735.818000000000612
749.052000000000624
755.80800000000063
768.236000000000641
775.645000000000647
788.067000000000658
799.479000000000668
807.493000000000676
814.823000000000682
827.193000000000693
833.854000000000699
846.08700000000071
851.763000000000715
865.210000000000727
874.959000000000735
882.695000000000742
888.844000000000748
894.161000000000752
905.124000000000762
913.68600000000077
923.156000000000778
936.11000000000079
944.581000000000797
955.687000000000807
963.525000000000814
976.638000000000826
987.351000000000835
993.918000000000841
1006.258000000000852
1013.934000000000859
1028.36200000000087
1034.66500000000088
1061.8490000000009
1068.60600000000091
1080.49000000000092
1090.40700000000093
1102.38900000000094
1110.84500000000094
1116.28200000000095
1128.44800000000096
1134.33100000000097
1145.56700000000098
1153.35000000000098
1161.15700000000099
1166.43300000000099
1181.16600000000101
1211.59700000000103
1217.16000000000104
1225.12100000000105
1234.85700000000106
1241.21700000000106
1252.91500000000107
1259.69200000000108
1271.06300000000109
1281.5300000000011
1294.53200000000111
1301.47400000000111
1311.15600000000112
1318.55500000000113
1330.73300000000114
1339.18800000000115
1354.65600000000116
1364.73800000000117
1373.56600000000118
1392.20700000000119
1400.4140000000012
1413.55400000000121
1420.33800000000122
1425.62800000000122
1449.93300000000125
1457.63000000000125
1469.04100000000126
1532.95200000000132
1
0
5000
0
0
0
0
2700
99
0
0
0
0
0
0
1532.95200000000132
0
0
0
0
0
0
