12
09
19
12
09
19
cPPR1.12
PR3_day2.1
0
2
10
37
21
12
00
14
23
3
.3
1
515
1
19
1
1
1
1
1
1
1
1
1
1
1
1
1
1
1
1
1
1
1
1
1
184
514
-1
12.57700000000000025
21.7239999999999955
26.6199999999999913
58.8500000000000106
60.5220000000000121
65.0790000000000162
65.5870000000000166
66.2200000000000172
67.0060000000000179
67.8250000000000186
68.301000000000019
70.3290000000000208
70.8420000000000213
71.5570000000000219
127.3570000000000715
128.873000000000073
129.352000000000073
130.243000000000074
131.718000000000075
132.499000000000076
133.127000000000077
135.330000000000079
135.874000000000079
136.62500000000008
137.03700000000008
183.789000000000122
185.638000000000123
186.178000000000124
187.103000000000125
187.692000000000125
188.104000000000125
188.964000000000126
189.401000000000127
190.082000000000127
194.233000000000131
194.846000000000131
195.833000000000132
196.644000000000133
216.29200000000015
217.195000000000151
217.466000000000152
217.743000000000152
218.407000000000152
219.115000000000153
220.312000000000154
220.889000000000155
223.027000000000156
223.536000000000157
224.689000000000158
227.01500000000016
227.37000000000016
227.890000000000161
228.456000000000161
229.000000000000162
307.945000000000232
317.32100000000024
318.320000000000241
319.377000000000242
319.664000000000242
320.730000000000243
321.585000000000244
322.844000000000245
323.826000000000246
324.409000000000246
324.712000000000247
325.556000000000248
326.261000000000248
326.834000000000249
373.98000000000029
375.577000000000292
375.674000000000292
375.997000000000292
376.147000000000292
382.791000000000298
383.658000000000299
384.1880000000003
384.5620000000003
385.535000000000301
386.133000000000301
386.572000000000302
387.505000000000302
394.912000000000309
396.590000000000311
396.921000000000311
397.257000000000311
397.584000000000311
398.097000000000312
399.703000000000313
400.469000000000314
400.636000000000314
401.308000000000315
402.775000000000316
402.887000000000316
403.590000000000317
404.645000000000318
418.37600000000033
419.754000000000331
427.948000000000338
428.550000000000339
429.35600000000034
429.87500000000034
430.528000000000341
431.533000000000342
433.713000000000344
438.388000000000348
438.826000000000348
439.421000000000349
440.122000000000349
440.64700000000035
441.38600000000035
443.670000000000352
443.885000000000353
444.051000000000353
444.335000000000353
444.844000000000353
445.338000000000354
445.698000000000354
446.413000000000355
451.77300000000036
500.872000000000403
508.50300000000041
508.97500000000041
509.967000000000411
511.341000000000412
512.566000000000414
512.881000000000414
513.087000000000414
513.557000000000414
514.707000000000415
516.166000000000417
516.810000000000417
518.238000000000419
519.22700000000042
520.437000000000421
521.665000000000422
522.662000000000423
523.799000000000424
563.690000000000459
564.65000000000046
565.27300000000046
566.311000000000461
566.718000000000462
568.524000000000463
569.361000000000464
569.686000000000464
571.100000000000466
572.281000000000467
573.386000000000468
594.096000000000486
595.206000000000487
595.646000000000487
596.323000000000488
596.769000000000488
597.476000000000489
655.09200000000054
660.717000000000545
661.476000000000546
661.941000000000546
662.306000000000547
662.550000000000547
662.836000000000547
663.037000000000547
663.613000000000548
690.492000000000572
691.425000000000572
692.076000000000573
692.943000000000574
693.394000000000574
695.560000000000576
701.625000000000582
747.212000000000622
747.725000000000622
748.132000000000623
792.737000000000662
793.881000000000663
853.384000000000716
885.573000000000745
886.382000000000746
886.752000000000746
948.513000000000801
949.887000000000802
954.110000000000806
957.043000000000808
957.955000000000809
959.13800000000081
959.815000000000811
960.745000000000812
961.323000000000812
961.779000000000812
962.110000000000813
962.294000000000813
962.922000000000814
964.407000000000815
964.944000000000815
965.410000000000816
965.770000000000816
966.070000000000816
966.466000000000817
966.681000000000817
968.999000000000819
969.93100000000082
970.73100000000082
971.153000000000821
971.494000000000821
971.808000000000821
972.072000000000822
973.315000000000823
973.776000000000823
974.433000000000824
976.562000000000826
977.212000000000826
978.068000000000827
978.404000000000827
1028.96200000000087
1030.53000000000087
1032.07800000000087
1067.13100000000091
1067.77700000000091
1069.20100000000091
1069.88400000000091
1087.03600000000092
1087.94100000000092
1089.84100000000093
1090.17000000000093
1090.49000000000093
1091.44200000000093
1096.33600000000093
1096.94800000000093
1099.84500000000094
1100.93200000000094
1102.44600000000094
1118.91400000000095
1119.51100000000095
1119.82200000000095
1120.65100000000095
1120.79900000000095
1121.82000000000095
1122.02200000000095
1125.41200000000096
1125.99100000000096
1126.32100000000096
1127.33100000000096
1128.00300000000096
1128.70200000000096
1130.41000000000096
1134.27100000000097
1136.13200000000097
1136.51500000000097
1138.07800000000097
1138.86000000000097
1237.19600000000106
1238.65200000000106
1241.15000000000106
1241.64300000000106
1242.17900000000106
1248.01800000000107
1248.28100000000107
1248.72500000000107
1249.59900000000107
1250.34400000000107
1251.38400000000107
1252.00900000000107
1252.67400000000107
1254.27700000000107
1254.40200000000107
1254.79600000000107
1255.35800000000107
1255.69200000000107
1267.11300000000108
1269.09500000000109
1270.33700000000109
1271.98100000000109
1273.03300000000109
1274.77300000000109
1275.49100000000109
1277.34500000000109
1278.16000000000109
1279.56300000000109
1284.6990000000011
1285.2520000000011
1285.8880000000011
1288.7400000000011
1290.4840000000011
1292.37800000000111
1292.52700000000111
1293.54800000000111
1294.11900000000111
1296.29400000000111
1297.04400000000111
1297.22900000000111
1308.16100000000112
1310.32900000000112
1311.80300000000112
1313.02600000000112
1313.64800000000112
1315.67800000000113
1318.19200000000113
1324.28900000000113
1402.1170000000012
1402.8760000000012
1406.06500000000121
1406.55700000000121
1407.10600000000121
1408.06100000000121
1410.58100000000121
1410.69500000000121
1410.99800000000121
1411.69900000000121
1412.41000000000121
1414.50100000000121
1417.99800000000122
1420.62400000000122
1421.31000000000122
1421.85700000000122
1425.38000000000122
1425.78600000000122
1431.25300000000123
1432.33400000000123
1436.40200000000123
1439.34000000000124
1442.25300000000124
1443.93700000000124
1444.46200000000124
1452.23800000000125
1452.89900000000125
1453.10400000000125
1453.92300000000125
1454.55800000000125
1455.44900000000125
1455.98400000000125
1456.96200000000125
1457.49800000000125
1458.33100000000125
1498.50100000000129
1499.29200000000129
1499.63100000000129
1500.16700000000129
1512.1940000000013
1569.83500000000135
1571.58200000000135
1572.09000000000135
1573.38200000000136
1575.71100000000136
1576.36700000000136
1576.54700000000136
1577.01000000000136
1578.12100000000136
1582.65900000000136
1583.30500000000136
1583.58700000000136
1584.38200000000137
1591.16500000000137
1591.79200000000137
1592.44400000000137
1593.21800000000137
1658.87800000000143
1663.82100000000144
1666.61100000000144
1669.78200000000144
1670.48300000000144
1671.19500000000144
1673.90700000000144
1674.42200000000145
1675.71800000000145
1815.73000000000157
2055.84200000000091
2057.22400000000076
2059.32700000000053
2060.19100000000043
2061.94200000000024
2076.09599999999868
2079.37899999999832
2082.12599999999802
2083.1789999999979
2086.8779999999975
2090.16699999999713
2092.54199999999687
2095.10699999999659
2096.26399999999646
2097.17299999999636
2276.42999999997662
2278.3919999999764
2330.31399999997068
2331.9769999999705
2332.64299999997043
2333.15299999997037
2334.11999999997027
2334.96299999997017
2338.16999999996982
2548.58199999994665
2550.54999999994643
2551.90199999994628
2552.31099999994624
2553.5469999999461
2572.93699999994396
2573.44599999994391
2575.3259999999437
2581.31799999994304
2583.5409999999428
2587.01599999994241
2587.70999999994234
2590.751999999942
2592.82399999994177
2593.92799999994165
2595.94999999994143
2598.65199999994113
2599.48999999994104
2601.59599999994081
2603.56699999994059
2606.1679999999403
2606.66299999994025
2610.26099999993985
2613.4869999999395
2812.40899999991759
2812.86099999991754
2813.03399999991752
2814.34999999991738
2814.9959999999173
2825.16599999991618
2825.31699999991617
2826.57199999991603
2827.56899999991592
2828.6469999999158
2830.18599999991563
2830.78599999991557
2831.08599999991553
2831.73499999991546
2833.48799999991527
2835.40499999991506
2835.85199999991501
3015.17199999989526
3016.77999999989508
3020.02799999989472
3020.97199999989462
3021.94699999989451
3053.803999999891
3055.05899999989087
3055.93799999989077
3058.54399999989048
3059.21999999989041
3061.20199999989019
3062.26699999989007
3064.78599999988979
3065.45499999988972
3066.33899999988962
3067.62699999988948
3069.3199999998893
3070.1659999998892
3076.19599999988854
3078.3289999998883
3079.77199999988814
3081.38699999988797
3082.42899999988785
3083.52499999988773
3085.48799999988751
3086.90599999988736
3087.07499999988734
3087.94899999988724
3088.46399999988719
3089.85899999988703
3097.06699999988624
3097.67299999988617
3101.27099999988578
3103.7879999998855
3104.39399999988543
3105.02099999988536
3105.53299999988531
3105.67499999988529
3105.96099999988526
3106.08899999988525
3106.94299999988515
3109.63599999988486
3110.67999999988474
3111.64099999988463
3113.7529999998844
3114.07999999988437
3114.24799999988435
3114.52999999988432
3115.80099999988418
3117.93399999988394
3119.47599999988377
3121.14299999988359
3195.95699999987535
3196.60199999987528
3207.39799999987409
3208.30899999987399
3208.82399999987393
3255.97599999986874
3257.41099999986858
3263.78199999986788
3308.49399999986295
3308.86099999986291
3309.9149999998628
3311.10999999986267
3383.88399999985465
3411.23799999985164
3413.01399999985144
3414.12799999985132
3414.69899999985126
3415.57199999985116
3735.28399999981595
3737.01099999981576
3740.97699999981532
3742.40099999981517
3796.25199999980924
3799.2649999998089
3799.62699999980886
3800.02399999980882
3800.55399999980876
3801.19599999980869
3802.66099999980853
3813.17499999980737
3815.6489999998071
4861.28599999969194
18
-1
12.57800000000000025
60.5230000000000121
71.5580000000000219
136.62600000000008
196.645000000000133
229.001000000000162
376.148000000000292
404.646000000000318
500.873000000000403
573.387000000000468
886.753000000000746
978.405000000000827
1138.86100000000097
1297.23000000000111
1458.33200000000125
2096.26499999999646
2835.40599999991506
3121.14399999988359
0
0
5000
0
0
0
0
7200
0
0
0
0
0
19
0
4921.24499999968534
1800.00000000000156
1800
0
55
0
1
4
7
10
13
16
19
22
25
28
31
34
37
40
43
46
49
52
55
58
61
64
67
70
73
76
79
82
85
88
91
94
97
100
103
106
109
112
115
118
121
124
127
130
133
136
139
142
145
148
151
154
157
160
163
166
169
172
175
178
181
184
187
190
193
196
199
202
205
208
211
214
217
220
223
226
229
232
235
238
241
244
247
250
253
256
259
262
265
268
271
274
277
280
283
286
289
292
295
298
301
304
307
310
313
316
319
322
325
328
331
334
337
340
343
346
349
352
355
358
361
364
367
370
373
376
379
382
385
388
391
394
397
400
403
406
409
412
415
418
421
424
427
430
433
436
439
442
445
448
451
454
457
460
463
466
469
472
475
478
481
484
487
490
493
496
499
502
505
508
511
514
517
520
523
526
529
532
535
538
541
544
547
550
