12
18
19
12
18
19
cPPR1.13
PR3_day2.7
0
3
11
50
11
12
43
39
23
3
.3
1
323
1
15
1
1
1
1
1
1
1
1
1
1
1
1
1
1
1
1
1
1
1
1
1
184
322
-1
2.55200000000000004
7.59700000000000014
7.94000000000000015
8.18200000000000016
8.85000000000000017
9.9970000000000002
10.1160000000000002
62.3000000000000137
62.640000000000014
62.8090000000000141
63.0600000000000144
63.2840000000000146
64.7130000000000158
65.4900000000000165
67.2210000000000181
67.2780000000000181
67.4330000000000182
67.8300000000000186
68.0310000000000188
69.8170000000000204
70.2780000000000208
70.7160000000000212
73.5050000000000236
73.6960000000000238
73.902000000000024
74.2360000000000243
75.1950000000000251
75.4690000000000254
75.6750000000000256
75.9530000000000258
76.2480000000000261
77.6970000000000274
78.2100000000000278
78.4860000000000281
90.8740000000000391
91.7970000000000399
92.4430000000000405
93.6200000000000415
93.8170000000000417
94.0240000000000419
94.217000000000042
94.4040000000000422
94.5820000000000424
94.8390000000000426
96.0040000000000436
97.3490000000000448
236.735000000000169
245.259000000000176
245.850000000000177
246.427000000000177
247.749000000000178
248.000000000000179
248.291000000000179
248.666000000000179
248.98400000000018
249.29200000000018
249.67500000000018
250.384000000000181
251.400000000000182
252.078000000000182
252.351000000000182
252.632000000000183
253.025000000000183
257.069000000000187
258.138000000000188
258.429000000000188
258.661000000000188
258.991000000000188
259.225000000000189
259.655000000000189
262.228000000000191
262.655000000000192
262.852000000000192
263.033000000000192
263.219000000000192
263.912000000000193
264.263000000000193
267.261000000000196
267.472000000000196
267.693000000000196
267.890000000000196
268.112000000000196
268.370000000000197
270.133000000000198
270.396000000000198
270.630000000000199
270.873000000000199
271.092000000000199
272.753000000000201
273.161000000000201
273.510000000000201
273.807000000000202
274.283000000000202
279.044000000000206
280.901000000000208
281.419000000000208
282.013000000000209
282.253000000000209
282.560000000000209
282.79200000000021
284.008000000000211
284.632000000000211
285.099000000000212
287.739000000000214
287.951000000000214
288.172000000000214
288.389000000000214
288.625000000000215
288.836000000000215
289.074000000000215
289.253000000000215
289.536000000000216
290.109000000000216
291.970000000000218
292.780000000000218
293.219000000000219
293.607000000000219
294.23900000000022
297.610000000000223
297.965000000000223
298.198000000000223
298.409000000000223
298.630000000000224
298.918000000000224
368.396000000000286
368.718000000000286
369.379000000000286
371.311000000000288
371.542000000000288
372.327000000000289
373.87300000000029
374.188000000000291
376.128000000000292
377.385000000000294
378.820000000000295
379.092000000000295
379.300000000000295
379.479000000000295
379.678000000000296
379.901000000000296
380.083000000000296
380.287000000000296
380.455000000000296
380.860000000000297
382.566000000000298
382.923000000000298
383.315000000000299
383.709000000000299
383.943000000000299
384.2430000000003
384.4950000000003
385.1210000000003
392.694000000000307
392.862000000000307
393.068000000000307
393.539000000000308
394.838000000000309
395.093000000000309
396.34400000000031
399.070000000000313
400.546000000000314
400.795000000000314
401.106000000000315
401.471000000000315
402.101000000000315
402.302000000000316
402.517000000000316
402.733000000000316
403.128000000000316
403.366000000000317
713.821000000000592
714.562000000000593
730.218000000000607
730.533000000000607
731.118000000000608
767.97600000000064
768.275000000000641
768.564000000000641
770.330000000000642
770.558000000000643
786.002000000000656
793.177000000000663
794.001000000000664
795.049000000000664
795.301000000000665
795.551000000000665
795.740000000000665
795.938000000000665
796.193000000000666
796.428000000000666
796.759000000000666
797.807000000000667
798.032000000000667
798.994000000000668
799.295000000000668
799.576000000000668
799.863000000000669
800.134000000000669
800.323000000000669
800.594000000000669
800.83500000000067
801.13900000000067
801.48200000000067
803.445000000000672
803.837000000000672
804.068000000000672
804.317000000000673
804.532000000000673
804.785000000000673
804.973000000000673
805.166000000000673
998.719000000000845
1006.213000000000852
1007.191000000000853
1007.424000000000853
1007.644000000000853
1007.957000000000854
1008.167000000000854
1008.420000000000854
1008.613000000000854
1008.870000000000854
1009.149000000000855
1009.403000000000855
1011.753000000000857
1011.985000000000857
1012.195000000000857
1012.423000000000858
1012.637000000000858
1012.896000000000858
1013.099000000000858
1013.416000000000858
1013.674000000000859
1016.054000000000861
1016.285000000000861
1016.532000000000861
1016.818000000000861
1018.293000000000863
1018.669000000000863
1019.052000000000863
1019.264000000000864
1019.487000000000864
1019.699000000000864
1020.045000000000864
1020.812000000000865
1020.987000000000865
1049.72300000000089
1051.65700000000089
1052.41800000000089
1052.70100000000089
1053.22400000000089
1055.0000000000009
1055.3000000000009
1055.6800000000009
1055.8710000000009
1056.1440000000009
1056.3890000000009
1056.6740000000009
1056.9570000000009
1057.2540000000009
1057.5520000000009
1057.9400000000009
1062.1060000000009
1064.0560000000009
1064.2990000000009
1064.5240000000009
1064.9340000000009
1065.0930000000009
1065.3090000000009
1065.5420000000009
1065.8480000000009
1071.03700000000091
1075.24200000000091
1075.53200000000091
1075.77500000000091
1076.03200000000091
1076.26300000000091
1076.47700000000091
1076.82000000000091
1077.04100000000091
1077.85200000000092
1078.18800000000092
1078.45600000000092
1098.22400000000093
1101.17700000000094
1171.518000000001
1173.212000000001
1279.19500000000109
1280.1220000000011
1280.4840000000011
1281.1580000000011
1282.3540000000011
1282.6540000000011
1282.9850000000011
1283.3220000000011
1283.6640000000011
1284.0460000000011
1286.8710000000011
1287.2820000000011
1287.5140000000011
1287.8100000000011
1287.9700000000011
1288.2690000000011
1288.5410000000011
1288.9650000000011
1289.2120000000011
1291.96800000000111
1292.35900000000111
1292.59400000000111
1292.86200000000111
1293.05700000000111
1293.25400000000111
1293.44800000000111
1293.69100000000111
1293.91100000000111
1294.15800000000111
1294.43600000000111
1294.69000000000111
1294.97700000000111
1297.05500000000111
1297.64100000000111
1297.96900000000111
1298.25300000000111
14
-1
2.55300000000000004
9.9980000000000002
65.4910000000000165
76.2490000000000261
236.736000000000169
253.026000000000183
268.371000000000197
289.537000000000216
380.456000000000296
770.559000000000643
805.167000000000674
1020.988000000000865
1078.45700000000092
1298.25400000000111
0
0
5000
0
0
0
0
7200
0
0
0
0
0
15
0
3098.3549999998861
1800.00000000000156
1800
0
43
0
1
4
7
10
13
16
19
22
25
28
31
34
37
40
43
46
49
52
55
58
61
64
67
70
73
76
79
82
85
88
91
94
97
100
103
106
109
112
115
118
121
124
127
130
133
136
139
142
145
148
151
154
157
160
163
166
169
172
175
178
181
184
187
190
193
196
199
202
205
208
211
214
217
220
223
226
229
232
235
238
241
244
247
250
253
256
259
262
265
268
271
274
277
280
283
286
289
292
295
298
301
304
307
310
313
316
319
322
325
328
331
334
337
340
343
346
349
352
355
358
361
364
367
370
373
376
379
382
385
388
391
394
397
400
403
406
409
412
415
418
421
424
427
430
433
436
439
442
445
448
451
454
457
460
463
466
469
472
475
478
481
484
487
490
493
496
499
502
505
508
511
514
517
520
523
526
529
532
535
538
541
544
547
550
