11
26
19
11
26
19
cPPR1.13
PR3_day2
0
3
10
47
09
12
27
30
23
3
.3
1
1090
1
28
1
1
1
1
1
1
1
1
1
1
1
1
1
1
1
1
1
1
1
1
1
184
1089
-1
0.773
3.75000000000000007
6.08900000000000011
7.41700000000000014
7.99600000000000015
8.51400000000000016
36.6689999999999909
36.8879999999999911
37.0139999999999912
39.2659999999999932
39.7189999999999936
40.5819999999999944
41.1919999999999949
75.7970000000000257
76.3030000000000261
76.9400000000000267
77.293000000000027
79.6390000000000291
80.1710000000000296
82.4610000000000316
108.4130000000000546
109.1920000000000553
111.4240000000000573
111.6740000000000575
123.0580000000000676
124.8430000000000692
132.319000000000076
132.781000000000076
133.663000000000077
134.434000000000078
134.998000000000078
135.728000000000079
136.44000000000008
137.16500000000008
137.666000000000081
173.696000000000113
175.281000000000114
180.790000000000119
183.399000000000121
184.006000000000122
184.265000000000122
184.998000000000123
187.815000000000125
188.531000000000126
188.802000000000126
189.877000000000127
191.120000000000128
195.328000000000132
195.975000000000132
196.179000000000133
196.846000000000133
197.499000000000134
199.450000000000136
206.261000000000142
208.895000000000144
209.156000000000144
209.628000000000145
210.312000000000145
211.666000000000146
212.045000000000147
213.166000000000148
213.685000000000148
217.994000000000152
219.032000000000153
219.834000000000154
221.683000000000155
222.290000000000156
222.538000000000156
228.661000000000161
230.656000000000163
253.236000000000183
255.106000000000185
262.969000000000192
265.395000000000194
266.380000000000195
267.198000000000196
268.908000000000197
271.382000000000199
271.8380000000002
272.5540000000002
274.284000000000202
274.805000000000202
275.216000000000203
275.754000000000203
276.502000000000204
276.958000000000204
278.941000000000206
279.492000000000207
279.830000000000207
282.404000000000209
283.51000000000021
284.779000000000211
285.567000000000212
291.294000000000217
300.890000000000226
304.536000000000229
304.876000000000229
305.257000000000229
305.95000000000023
308.246000000000232
309.897000000000234
310.843000000000234
313.731000000000237
354.271000000000273
354.853000000000274
356.279000000000275
357.966000000000276
358.551000000000277
358.878000000000277
359.216000000000277
361.125000000000279
361.96000000000028
363.397000000000281
363.850000000000282
364.634000000000282
394.069000000000308
395.096000000000309
395.67900000000031
395.95300000000031
406.527000000000319
407.16700000000032
407.72900000000032
408.477000000000321
408.690000000000321
409.007000000000322
409.739000000000322
411.117000000000324
412.369000000000325
412.703000000000325
415.089000000000327
416.130000000000328
416.383000000000328
417.339000000000329
419.201000000000331
419.934000000000331
420.875000000000332
422.203000000000333
423.377000000000334
424.522000000000335
424.882000000000336
425.417000000000336
426.071000000000337
452.17600000000036
452.924000000000361
453.296000000000361
453.735000000000361
454.756000000000362
462.552000000000369
464.616000000000371
465.600000000000372
467.952000000000374
468.645000000000375
470.099000000000376
471.150000000000377
472.028000000000378
473.111000000000379
475.16700000000038
475.929000000000381
476.562000000000382
476.912000000000382
477.821000000000383
478.247000000000383
479.025000000000384
483.741000000000388
484.242000000000388
485.206000000000389
485.60000000000039
487.612000000000391
488.090000000000392
488.483000000000392
490.747000000000394
491.116000000000395
491.382000000000395
491.690000000000395
492.447000000000396
494.288000000000397
494.914000000000398
497.918000000000401
506.549000000000408
507.019000000000409
507.502000000000409
508.16700000000041
510.352000000000412
510.938000000000412
511.333000000000412
513.417000000000414
513.633000000000414
514.128000000000415
516.288000000000417
517.888000000000418
518.574000000000419
530.130000000000429
531.29000000000043
531.53900000000043
532.535000000000431
534.775000000000433
536.204000000000435
538.053000000000436
539.831000000000438
540.779000000000439
541.030000000000439
541.345000000000439
541.605000000000439
544.893000000000442
546.800000000000444
547.386000000000444
548.095000000000445
548.663000000000446
549.238000000000446
558.662000000000454
559.955000000000456
562.043000000000458
570.676000000000465
572.938000000000467
573.485000000000468
573.771000000000468
574.520000000000469
574.930000000000469
575.458000000000469
575.84000000000047
579.462000000000473
590.417000000000483
591.059000000000483
591.274000000000484
591.651000000000484
592.354000000000484
594.061000000000486
611.199000000000501
611.845000000000502
612.366000000000502
612.957000000000503
613.467000000000503
613.907000000000504
615.943000000000505
616.944000000000506
618.892000000000508
619.240000000000508
620.269000000000509
621.37100000000051
621.67600000000051
622.151000000000511
622.389000000000511
623.008000000000512
624.392000000000513
632.28900000000052
632.93000000000052
634.463000000000522
634.844000000000522
635.186000000000522
646.759000000000533
647.507000000000533
649.554000000000535
650.847000000000536
651.140000000000537
651.722000000000537
658.496000000000543
659.511000000000544
660.430000000000545
661.476000000000546
665.204000000000549
665.66800000000055
667.157000000000551
668.577000000000552
669.568000000000553
671.248000000000554
674.501000000000557
675.293000000000558
678.793000000000561
678.996000000000561
680.369000000000563
680.611000000000563
681.156000000000563
681.479000000000564
686.262000000000568
687.264000000000569
687.811000000000569
689.798000000000571
690.549000000000572
690.979000000000572
691.802000000000573
747.005000000000622
749.402000000000624
750.712000000000625
751.079000000000625
752.297000000000626
752.527000000000627
755.81100000000063
758.876000000000632
770.452000000000643
784.851000000000655
786.946000000000657
787.579000000000658
787.739000000000658
788.564000000000659
789.73300000000066
790.11900000000066
791.400000000000661
815.060000000000682
817.021000000000684
818.589000000000685
843.316000000000707
843.984000000000708
847.200000000000711
848.542000000000712
853.688000000000717
856.140000000000719
856.524000000000719
857.90900000000072
859.697000000000722
865.475000000000727
868.63600000000073
869.768000000000731
870.396000000000731
872.638000000000733
874.052000000000735
878.299000000000738
878.976000000000739
879.62400000000074
879.86100000000074
880.783000000000741
881.882000000000742
884.462000000000744
884.939000000000744
888.852000000000748
891.39500000000075
892.373000000000751
895.209000000000753
895.657000000000754
895.909000000000754
898.267000000000756
943.819000000000797
944.338000000000797
957.430000000000809
958.038000000000809
958.93700000000081
961.508000000000812
962.980000000000814
963.960000000000814
964.199000000000815
964.829000000000815
965.100000000000815
966.933000000000817
967.662000000000818
968.887000000000819
970.68300000000082
972.737000000000822
982.678000000000831
984.466000000000833
985.051000000000833
985.732000000000834
991.135000000000839
991.872000000000839
992.45400000000084
992.71700000000084
993.427000000000841
994.330000000000842
994.518000000000842
996.189000000000843
1006.218000000000852
1007.959000000000854
1008.813000000000854
1009.074000000000855
1009.594000000000855
1010.237000000000856
1012.883000000000858
1013.311000000000858
1013.551000000000859
1013.856000000000859
1014.140000000000859
1016.304000000000861
1016.551000000000861
1019.464000000000864
1058.0680000000009
1059.1800000000009
1059.5050000000009
1060.5890000000009
1062.0450000000009
1063.0520000000009
1072.50600000000091
1073.66200000000091
1074.02800000000091
1074.61900000000091
1074.99600000000091
1077.07600000000091
1078.48600000000092
1079.18200000000092
1081.72200000000092
1082.19000000000092
1083.35800000000092
1086.03600000000092
1086.86400000000092
1088.48500000000092
1091.80000000000093
1106.51300000000094
1107.12000000000094
1107.94900000000094
1108.29600000000094
1108.74700000000094
1110.81700000000094
1115.60200000000095
1120.75800000000095
1121.16200000000095
1121.68200000000095
1121.91200000000095
1122.72600000000096
1123.22400000000096
1123.86100000000096
1124.18600000000096
1126.54500000000096
1127.39500000000096
1128.30200000000096
1128.84300000000096
1132.16000000000096
1133.50500000000096
1134.06900000000097
1134.44200000000097
1134.92300000000097
1135.48600000000097
1136.81700000000097
1147.55900000000098
1148.16300000000098
1148.53300000000098
1148.78000000000098
1150.95800000000098
1151.26400000000098
1151.55400000000098
1152.21300000000098
1152.59600000000098
1165.14000000000099
1166.37900000000099
1168.569000000001
1170.848000000001
1171.373000000001
1171.753000000001
1173.359000000001
1176.650000000001
1177.908000000001
1178.65800000000101
1179.47000000000101
1179.63700000000101
1182.20500000000101
1182.88400000000101
1184.14100000000101
1188.42800000000101
1189.06800000000101
1195.46600000000102
1196.16600000000102
1199.55000000000102
1200.02300000000102
1200.52700000000102
1200.88700000000102
1201.38100000000103
1202.79700000000103
1207.14100000000103
1208.13200000000103
1208.56900000000103
1208.86500000000103
1209.05700000000103
1210.50500000000103
1212.13600000000103
1217.54600000000104
1219.58100000000104
1220.47700000000104
1223.35700000000104
1224.14100000000105
1224.51200000000105
1225.13100000000105
1225.56600000000105
1226.80700000000105
1228.75200000000105
1229.73700000000105
1230.11300000000105
1230.35800000000105
1232.96200000000105
1234.14300000000105
1234.61100000000105
1234.92000000000106
1235.32400000000106
1235.64800000000106
1236.79100000000106
1256.80200000000107
1260.43700000000108
1265.15200000000108
1267.09900000000108
1269.20700000000109
1271.56900000000109
1272.84300000000109
1274.00100000000109
1274.34400000000109
1277.46700000000109
1277.75400000000109
1278.12700000000109
1278.52700000000109
1278.96600000000109
1279.29500000000109
1279.9170000000011
1283.4210000000011
1284.4860000000011
1286.8880000000011
1287.4330000000011
1287.8060000000011
1288.0650000000011
1290.2700000000011
1291.62300000000111
1294.88200000000111
1296.65800000000111
1361.76200000000117
1362.84700000000117
1364.89900000000117
1366.79600000000117
1367.08000000000117
1368.18000000000117
1370.38600000000118
1371.33400000000118
1379.17200000000118
1379.82000000000118
1380.30200000000118
1380.73900000000118
1381.18100000000118
1381.42600000000119
1384.30300000000119
1385.07200000000119
1385.86900000000119
1386.12000000000119
1386.90800000000119
1388.33400000000119
1390.59200000000119
1391.07200000000119
1391.42700000000119
1391.90100000000119
1393.3640000000012
1395.5440000000012
1397.9400000000012
1408.21400000000121
1409.13600000000121
1430.00300000000123
1431.38900000000123
1431.70200000000123
1433.24400000000123
1434.38400000000123
1435.54800000000123
1436.06700000000123
1437.11700000000123
1440.45600000000124
1441.55700000000124
1442.99300000000124
1443.33500000000124
1444.38800000000124
1444.72200000000124
1445.56400000000124
1446.78400000000124
1449.18400000000125
1450.07300000000125
1450.40900000000125
1450.75900000000125
1456.23100000000125
1456.57900000000125
1476.35500000000127
1477.19700000000127
1477.74700000000127
1478.68800000000127
1479.63000000000127
1480.92800000000127
1483.85900000000128
1484.59200000000128
1484.99500000000128
1485.28300000000128
1485.84800000000128
1486.53100000000128
1487.75100000000128
1489.23600000000128
1490.60100000000128
1492.46400000000128
1494.83900000000129
1496.20700000000129
1499.28300000000129
1499.87800000000129
1501.33400000000129
1506.6560000000013
1510.6150000000013
1510.9160000000013
1511.3950000000013
1511.7620000000013
1514.9250000000013
1516.53400000000131
1516.81000000000131
1517.18300000000131
1517.42200000000131
1519.30500000000131
1521.32400000000131
1522.92600000000131
1523.31700000000131
1524.14000000000131
1540.65500000000133
1541.69400000000133
1544.87500000000133
1545.45000000000133
1545.75800000000133
1546.24800000000133
1546.69100000000133
1547.40300000000133
1560.93300000000134
1562.11600000000135
1562.59500000000135
1563.39300000000135
1564.27100000000135
1566.28200000000135
1575.61700000000136
1576.77700000000136
1577.56000000000136
1578.08700000000136
1578.46100000000136
1578.80300000000136
1579.70800000000136
1581.90200000000136
1583.13400000000136
1583.37500000000136
1583.83500000000136
1584.15300000000137
1584.51800000000137
1586.11100000000137
1589.83900000000137
1591.01500000000137
1593.04700000000137
1594.32600000000137
1595.88900000000138
1596.51800000000138
1599.64600000000138
1600.60600000000138
1601.01400000000138
1623.0030000000014
1625.4860000000014
1627.0760000000014
1633.79300000000141
1635.11400000000141
1636.11800000000141
1636.37500000000141
1636.75300000000141
1715.41100000000148
1716.74000000000148
1721.75300000000149
1722.40400000000149
1722.98900000000149
1726.06500000000149
1728.07300000000149
1728.41900000000149
1728.71300000000149
1732.7720000000015
1733.6390000000015
1735.0650000000015
1741.2670000000015
1743.43500000000151
1746.77000000000151
1747.81200000000151
1765.30100000000153
1767.85100000000153
1768.60200000000153
1769.49400000000153
1770.40900000000153
1782.88600000000154
1784.38000000000154
1784.93100000000154
1786.63300000000154
1787.09700000000155
1787.51000000000155
1788.68600000000155
1788.99800000000155
1789.34100000000155
1790.49800000000155
1796.68900000000155
1801.30500000000156
1803.17800000000156
1805.08400000000156
1806.29700000000156
1811.75000000000157
1813.54200000000157
1819.33600000000157
1820.48000000000158
1821.14100000000158
1821.49600000000158
1824.47200000000158
1825.42000000000158
1825.71700000000158
1826.38500000000158
1826.86000000000158
1827.36600000000158
1843.3190000000016
1848.3870000000016
1848.9560000000016
1849.6370000000016
1852.9280000000016
1853.1920000000016
1854.0070000000016
1854.49400000000161
1857.79800000000161
1859.93600000000161
1987.54900000000172
1988.25800000000172
1989.03000000000172
1991.24400000000173
1992.27600000000173
1992.63400000000173
1994.85000000000173
1995.30100000000173
2007.72100000000174
2009.09200000000174
2144.9749999999911
2188.07399999998635
2192.43999999998587
2193.62299999998574
2196.61699999998541
2200.25099999998501
2207.89699999998417
2208.84699999998406
2213.9439999999835
2214.69899999998342
2234.63499999998122
2235.38899999998114
2252.0499999999793
2253.79099999997911
2255.35999999997894
2257.43199999997871
2259.41299999997849
2260.56899999997837
2260.89699999997833
2266.35699999997773
2267.40299999997761
2267.69999999997758
2289.56299999997517
2290.35899999997509
2290.71299999997505
2293.64299999997472
2294.22799999997466
2294.49599999997463
2295.02699999997457
2295.36999999997453
2295.81099999997448
2296.37899999997442
2298.44399999997419
2299.86899999997404
2300.28699999997399
2300.59099999997396
2301.35099999997387
2302.57499999997374
2302.9449999999737
2303.96299999997359
2308.95899999997304
2309.90199999997293
2310.27899999997289
2312.53699999997264
2313.24199999997256
2313.48399999997254
2313.99899999997248
2321.88699999997161
2323.03099999997149
2324.32599999997134
2324.7649999999713
2332.8999999999704
2352.40099999996825
2352.97099999996819
2353.37599999996814
2361.73999999996722
2364.01899999996697
2364.6589999999669
2365.09399999996685
2367.82399999996655
2374.26199999996584
2375.13599999996575
2376.87199999996556
2382.03099999996499
2383.11399999996487
2384.70199999996469
2393.09299999996377
2393.33899999996374
2394.00099999996367
2394.30099999996364
2394.58999999996361
2395.32699999996352
2395.67499999996349
2396.76799999996337
2401.23099999996287
2402.03999999996279
2403.17099999996266
2454.18299999995704
2455.06899999995694
2468.2139999999555
2492.26699999995285
2493.06999999995276
2494.38299999995262
2496.10399999995243
2496.3719999999524
2496.62799999995237
2497.2239999999523
2500.35999999995196
2501.08899999995188
2501.34399999995185
2502.09799999995177
2504.5289999999515
2506.93499999995123
2507.2069999999512
2525.66299999994917
2526.3279999999491
2527.14999999994901
2528.0779999999489
2528.66299999994884
2529.22699999994878
2530.02699999994869
2530.24499999994867
2531.46599999994853
2532.73499999994839
2534.73499999994817
2535.13299999994813
2537.34899999994788
2539.12899999994769
2540.41299999994755
2540.70699999994751
2544.77999999994706
2553.97199999994605
2555.41799999994589
2557.24999999994569
2558.87699999994551
2559.94199999994539
2560.18799999994537
2560.60199999994532
2564.17099999994493
2564.94399999994484
2568.83399999994442
2570.08399999994428
2570.44599999994424
2571.33599999994414
2577.25999999994349
2578.26099999994338
2578.60599999994334
2579.68299999994322
2581.86399999994298
2582.28499999994293
2584.82999999994265
2585.10899999994262
2585.46499999994258
2585.75699999994255
2588.22999999994228
2592.33599999994183
2593.05199999994175
2593.34199999994172
2593.78199999994167
2594.16499999994163
2595.02999999994153
2599.19499999994107
2611.26899999993974
2612.30899999993963
2612.6049999999396
2614.3839999999394
2615.06099999993932
2615.88999999993923
2618.60099999993893
2632.12399999993745
2635.61199999993706
2638.93799999993669
2639.35999999993665
2641.31699999993643
2648.53899999993564
2650.46299999993543
2668.46599999993344
2669.26299999993336
2669.53799999993332
2670.05199999993327
2670.47499999993322
2671.75399999993308
2672.87999999993296
2674.69899999993276
2674.96499999993273
2675.26199999993269
2675.82999999993263
2675.95099999993262
2677.99599999993239
2680.16999999993215
2681.90899999993196
2684.16299999993171
2688.92499999993119
2690.52199999993101
2720.31199999992773
2721.27899999992763
2721.79699999992757
2741.13399999992544
2741.78499999992537
2742.16799999992533
2744.02399999992512
2744.57699999992506
2745.18999999992499
2745.48499999992496
2745.93999999992491
2748.60999999992462
2748.89099999992459
2780.00399999992116
2780.65099999992109
2781.61599999992098
2782.87799999992084
2784.1509999999207
2786.26299999992047
2787.12299999992037
2787.44899999992034
2793.61199999991966
2797.35299999991925
2798.80399999991909
2799.06999999991906
2812.01499999991763
2814.66899999991734
2817.31599999991705
2817.63399999991701
2818.04699999991697
2821.13499999991663
2824.18699999991629
2827.02899999991598
2827.80199999991589
2839.89499999991456
2840.54699999991449
2842.2809999999143
2842.64999999991426
2844.26699999991408
2844.62299999991404
2845.31299999991397
2877.57599999991041
2878.41599999991032
2878.66599999991029
2879.45899999991021
2890.62099999990898
2891.69699999990886
2892.40299999990878
2919.16699999990583
2920.31699999990571
2921.13999999990561
2921.59999999990556
2922.08699999990551
2925.93299999990509
2927.53299999990491
2928.85699999990476
2968.03299999990045
2969.20999999990032
2971.51199999990007
2974.91099999989969
2976.6199999998995
2977.73099999989938
2978.31099999989932
2982.46099999989886
2983.0489999998988
2983.69199999989873
2984.24599999989866
2984.60099999989863
2984.99299999989858
3009.54899999989588
3012.0829999998956
3024.59199999989422
3028.28299999989381
3029.40899999989369
3032.53299999989335
3033.21499999989327
3034.04099999989318
3034.84199999989309
3038.3899999998927
3057.4579999998906
3069.82199999988924
3070.96999999988911
3071.76099999988903
3072.31899999988896
3073.40499999988885
3075.24999999988864
3091.59899999988684
3092.51499999988674
3092.9039999998867
3098.3209999998861
3099.11599999988601
3099.87599999988593
3103.03999999988558
3104.15999999988546
3106.4849999998852
3128.60999999988276
3130.26799999988258
3130.59799999988255
3132.14899999988238
3133.49799999988223
3133.89999999988218
3135.82499999988197
3138.09799999988172
3168.72199999987835
3169.53399999987826
3170.37299999987817
3171.51599999987804
3176.82699999987745
3180.10799999987709
3180.988999999877
3182.07599999987688
3183.6819999998767
3186.3739999998764
3188.11099999987621
3200.75799999987482
3201.7989999998747
3207.56699999987407
3227.08199999987192
3235.13399999987103
3242.04599999987027
3243.34399999987013
3243.89099999987007
3248.47999999986956
3251.40999999986924
3284.72299999986557
3289.86499999986501
3290.67699999986492
3291.26599999986485
3291.87299999986478
3293.27499999986463
3293.75599999986458
3301.13899999986376
3303.61999999986349
3306.00899999986323
3310.65899999986272
3311.31999999986264
3311.65699999986261
3312.44899999986252
3316.40899999986208
3318.13899999986189
3318.87899999986181
3321.60799999986151
3322.20199999986144
3322.83099999986138
3323.38999999986131
3323.75599999986127
3325.73699999986105
3335.94799999985993
3337.02599999985981
3338.27699999985967
3355.11299999985782
3356.36799999985768
3359.06599999985738
3408.76699999985191
3409.58599999985182
3410.20699999985175
3410.86799999985168
3411.96299999985156
3412.89899999985146
3443.27999999984811
3447.85399999984761
3450.6209999998473
3453.62099999984697
3454.50599999984687
3472.21199999984492
3473.12399999984482
3473.70299999984476
3474.56799999984466
3477.20299999984437
3478.23399999984426
3478.58999999984422
3479.32699999984414
3482.67399999984377
3483.93699999984363
3484.2239999998436
3489.04699999984307
3552.54499999983608
3553.54399999983597
3555.54499999983574
3556.35599999983566
3558.77099999983539
3609.57699999982979
3610.67099999982967
3612.99199999982942
3616.04099999982908
3635.16399999982698
3635.70699999982692
3636.33899999982685
3652.75699999982504
3653.80599999982492
3656.90799999982458
3659.32999999982432
3661.59399999982407
3665.42499999982364
3668.17399999982334
3668.5109999998233
4022.82699999978428
4025.22599999978402
4028.37699999978367
4030.34499999978345
4074.62999999977858
4103.53899999977539
4109.15799999977477
4134.20399999977202
4135.49799999977187
4137.01799999977171
4139.38199999977144
4140.52399999977132
4157.28299999976947
27
-1
0.774
8.51500000000000016
41.1929999999999949
111.4250000000000573
175.282000000000114
199.451000000000136
255.107000000000185
291.295000000000217
395.95400000000031
454.757000000000362
497.919000000000401
562.044000000000458
635.187000000000522
770.453000000000643
944.339000000000797
1063.0530000000009
1152.21400000000098
1236.79200000000106
1409.13700000000121
1524.14100000000131
1747.81300000000151
2235.38999999998114
2455.06999999995694
2618.60199999993893
2892.40399999990878
3251.41099999986924
4109.15899999977477
0
0
5000
0
0
0
0
7200
0
0
0
0
0
28
0
5909.25999999957652
1800.00000000000156
1800
0
82
0
1
4
7
10
13
16
19
22
25
28
31
34
37
40
43
46
49
52
55
58
61
64
67
70
73
76
79
82
85
88
91
94
97
100
103
106
109
112
115
118
121
124
127
130
133
136
139
142
145
148
151
154
157
160
163
166
169
172
175
178
181
184
187
190
193
196
199
202
205
208
211
214
217
220
223
226
229
232
235
238
241
244
247
250
253
256
259
262
265
268
271
274
277
280
283
286
289
292
295
298
301
304
307
310
313
316
319
322
325
328
331
334
337
340
343
346
349
352
355
358
361
364
367
370
373
376
379
382
385
388
391
394
397
400
403
406
409
412
415
418
421
424
427
430
433
436
439
442
445
448
451
454
457
460
463
466
469
472
475
478
481
484
487
490
493
496
499
502
505
508
511
514
517
520
523
526
529
532
535
538
541
544
547
550
