11
06
19
11
06
19
cPPR1.11
FR1_day3
0
1
10
10
01
10
56
13
24
2
.3
1
109
1
75
1
1
1
1
1
1
1
1
1
1
1
1
1
1
1
1
1
1
1
1
1
1
108
-1
92.0990000000000402
92.7010000000000407
98.7680000000000461
99.0900000000000464
111.8120000000000577
112.9050000000000586
193.01100000000013
193.13000000000013
193.32600000000013
198.489000000000135
217.316000000000151
217.944000000000152
228.062000000000161
267.933000000000196
300.961000000000226
317.851000000000241
318.246000000000241
327.140000000000249
329.357000000000251
329.615000000000251
330.736000000000252
394.994000000000309
456.089000000000363
463.46700000000037
486.665000000000391
498.367000000000401
507.499000000000409
507.822000000000409
512.771000000000414
517.982000000000418
518.286000000000419
530.128000000000429
546.806000000000444
559.265000000000455
576.03700000000047
614.928000000000504
686.790000000000568
705.998000000000585
706.220000000000586
710.563000000000589
711.45300000000059
711.866000000000591
720.622000000000598
889.933000000000749
905.269000000000762
923.260000000000778
923.864000000000779
930.785000000000785
959.856000000000811
970.33000000000082
981.39200000000083
1022.042000000000866
1035.90300000000088
1036.13200000000088
1050.77600000000089
1063.6500000000009
1114.64400000000095
1122.04900000000095
1129.03600000000096
1138.97000000000097
1154.88400000000098
1155.22800000000098
1172.857000000001
1189.43500000000101
1385.66200000000119
1446.00000000000124
1446.11400000000124
1468.12200000000126
1626.4950000000014
1626.6050000000014
1640.02400000000141
1660.41200000000143
1669.77800000000144
1670.05000000000144
1671.66100000000144
1680.58600000000145
1680.80000000000145
1695.59300000000146
1714.91900000000148
1727.83500000000149
1746.32200000000151
1746.63200000000151
1746.73300000000151
1746.85200000000151
1757.27800000000152
1771.55000000000153
1784.71900000000154
1803.55000000000156
1844.9540000000016
1879.07000000000163
1890.40900000000164
1891.39700000000164
1901.91600000000165
1917.93800000000166
1979.63000000000172
1980.69700000000172
2014.78100000000175
2067.01399999999968
2070.80599999999927
2073.51799999999897
2076.8379999999986
2078.05099999999847
2078.18899999999845
2078.85099999999838
2079.46299999999831
2079.81599999999827
2385.71999999996458
2534.63399999994818
74
-1
92.0990000000000402
98.7680000000000461
111.8120000000000577
193.01100000000013
198.489000000000135
217.316000000000151
228.062000000000161
267.933000000000196
300.961000000000226
317.851000000000241
327.140000000000249
394.994000000000309
456.089000000000363
463.46700000000037
486.665000000000391
498.367000000000401
507.499000000000409
512.771000000000414
517.982000000000418
530.128000000000429
546.806000000000444
559.265000000000455
576.03700000000047
614.928000000000504
686.790000000000568
705.998000000000585
711.45300000000059
720.622000000000598
889.933000000000749
905.269000000000762
923.260000000000778
930.785000000000785
959.856000000000811
970.33000000000082
981.39200000000083
1022.042000000000866
1035.90300000000088
1050.77600000000089
1063.6500000000009
1114.64400000000095
1122.04900000000095
1129.03600000000096
1138.97000000000097
1154.88400000000098
1172.857000000001
1189.43500000000101
1385.66200000000119
1446.00000000000124
1468.12200000000126
1626.4950000000014
1640.02400000000141
1660.41200000000143
1669.77800000000144
1680.58600000000145
1695.59300000000146
1714.91900000000148
1727.83500000000149
1746.32200000000151
1757.27800000000152
1771.55000000000153
1784.71900000000154
1803.55000000000156
1844.9540000000016
1879.07000000000163
1890.40900000000164
1901.91600000000165
1917.93800000000166
1979.63000000000172
2014.78100000000175
2067.01399999999968
2073.51799999999897
2078.85099999999838
2385.71999999996458
2534.63399999994818
1
0
5000
0
0
0
0
2700
99
0
0
0
0
0
0
2700.79699999992988
0
0
0
0
0
0
