11
07
19
11
07
19
cPPR1.16
FR1_day4
0
2
11
30
31
12
14
31
24
2
.3
1
143
1
101
1
1
1
1
1
1
1
1
1
1
1
1
1
1
1
1
1
1
1
1
1
1
142
-1
2.96800000000000005
71.4950000000000219
71.8170000000000221
77.8490000000000275
83.5850000000000326
84.1120000000000331
84.7440000000000336
89.1290000000000375
89.5720000000000379
89.8680000000000382
98.8790000000000462
113.9400000000000596
125.72000000000007
130.534000000000074
147.372000000000089
152.854000000000094
157.574000000000098
161.633000000000102
166.675000000000106
169.018000000000108
179.294000000000118
188.306000000000126
194.121000000000131
209.773000000000145
238.959000000000171
239.599000000000171
242.869000000000174
245.729000000000177
266.558000000000195
267.098000000000196
267.614000000000196
276.454000000000204
298.558000000000224
307.870000000000232
317.934000000000241
328.62400000000025
334.786000000000256
344.411000000000264
355.528000000000274
356.329000000000275
357.287000000000276
365.591000000000283
373.30900000000029
373.85600000000029
383.316000000000299
387.247000000000302
392.213000000000307
394.812000000000309
400.558000000000314
408.453000000000321
408.804000000000321
409.062000000000322
417.663000000000329
427.241000000000338
472.557000000000378
480.445000000000385
491.149000000000395
499.466000000000402
506.462000000000408
506.950000000000409
514.218000000000415
530.82100000000043
531.01000000000043
531.40200000000043
538.970000000000437
547.694000000000445
561.310000000000457
562.221000000000458
568.359000000000463
576.65000000000047
587.25500000000048
598.60500000000049
599.558000000000491
607.309000000000498
607.850000000000498
612.282000000000502
615.839000000000505
622.082000000000511
638.772000000000526
645.030000000000531
652.853000000000538
653.911000000000539
668.969000000000552
681.210000000000563
688.97100000000057
698.476000000000579
704.539000000000584
711.45500000000059
729.988000000000607
772.376000000000644
774.885000000000647
921.780000000000777
931.309000000000786
931.528000000000786
942.434000000000795
952.250000000000804
1017.507000000000862
1024.56900000000087
1024.93100000000087
1031.93600000000087
1050.80000000000089
1051.48800000000089
1051.90700000000089
1060.7770000000009
1061.0480000000009
1073.76300000000091
1087.49900000000092
1087.63600000000092
1096.57200000000093
1107.06800000000094
1123.37400000000096
1152.47700000000098
1160.51300000000099
1160.90100000000099
1161.25200000000099
1169.670000000001
1178.425000000001
1192.02700000000102
1226.99400000000105
1234.43800000000105
1234.73300000000105
2198.82199999998517
2238.31999999998082
2238.76699999998077
2262.15099999997819
2345.41399999996902
2362.07699999996719
2365.96799999996676
2369.1969999999664
2369.66599999996635
2398.36999999996319
2399.74499999996304
2418.43399999996098
2427.67699999995996
2444.01899999995816
2462.68499999995611
2490.21499999995307
2491.00599999995299
2501.61199999995182
2512.92999999995057
2530.72799999994861
2540.87799999994749
100
-1
2.96800000000000005
71.4950000000000219
77.8490000000000275
83.5850000000000326
89.1290000000000375
98.8790000000000462
113.9400000000000596
125.72000000000007
147.372000000000089
152.854000000000094
161.633000000000102
169.018000000000108
179.294000000000118
188.306000000000126
194.121000000000131
209.773000000000145
238.959000000000171
245.729000000000177
266.558000000000195
276.454000000000204
298.558000000000224
307.870000000000232
317.934000000000241
328.62400000000025
334.786000000000256
344.411000000000264
355.528000000000274
365.591000000000283
373.30900000000029
383.316000000000299
392.213000000000307
400.558000000000314
408.453000000000321
417.663000000000329
427.241000000000338
472.557000000000378
480.445000000000385
491.149000000000395
499.466000000000402
506.462000000000408
514.218000000000415
530.82100000000043
538.970000000000437
547.694000000000445
561.310000000000457
568.359000000000463
576.65000000000047
587.25500000000048
598.60500000000049
607.309000000000498
615.839000000000505
622.082000000000511
638.772000000000526
645.030000000000531
652.853000000000538
668.969000000000552
681.210000000000563
688.97100000000057
698.476000000000579
704.539000000000584
711.45500000000059
729.988000000000607
772.376000000000644
921.780000000000777
931.309000000000786
942.434000000000795
952.250000000000804
1017.507000000000862
1024.56900000000087
1031.93600000000087
1050.80000000000089
1060.7770000000009
1073.76300000000091
1087.49900000000092
1096.57200000000093
1107.06800000000094
1123.37400000000096
1152.47700000000098
1160.51300000000099
1169.670000000001
1178.425000000001
1192.02700000000102
1226.99400000000105
1234.43800000000105
2198.82199999998517
2238.31999999998082
2262.15099999997819
2345.41399999996902
2362.07699999996719
2369.1969999999664
2398.36999999996319
2418.43399999996098
2427.67699999995996
2444.01899999995816
2462.68499999995611
2490.21499999995307
2501.61199999995182
2512.92999999995057
2530.72799999994861
2540.87799999994749
1
0
5000
0
0
0
0
2700
99
0
0
0
0
0
0
2540.87799999994749
0
0
0
0
0
0
