11
28
19
11
28
19
cPPR1.16
PR3_day4
0
2
14
05
14
15
31
12
23
3
.3
1
1443
1
32
1
1
1
1
1
1
1
1
1
1
1
1
1
1
1
1
1
1
1
1
1
184
1442
-1
28.1269999999999901
28.5279999999999897
37.0229999999999912
39.4339999999999934
39.6609999999999936
39.9139999999999938
40.137999999999994
40.4089999999999942
48.2450000000000012
52.4450000000000049
53.0990000000000055
54.1900000000000065
58.13200000000001
59.325000000000011
59.6980000000000114
60.3230000000000119
99.2020000000000465
100.2000000000000473
102.7230000000000496
106.4820000000000529
108.1190000000000544
108.3830000000000546
110.2020000000000562
111.071000000000057
111.5380000000000574
111.8810000000000577
188.458000000000126
189.849000000000127
190.345000000000127
193.49300000000013
198.269000000000134
198.647000000000135
199.402000000000135
199.837000000000136
201.607000000000137
203.022000000000139
203.377000000000139
203.849000000000139
204.40300000000014
205.699000000000141
279.057000000000206
280.073000000000207
280.750000000000208
281.453000000000208
282.376000000000209
282.737000000000209
283.969000000000211
284.499000000000211
292.802000000000218
293.316000000000219
294.58500000000022
295.515000000000221
296.489000000000222
297.493000000000223
297.934000000000223
299.097000000000224
321.590000000000244
322.007000000000244
323.855000000000246
325.189000000000247
329.547000000000251
330.091000000000252
333.756000000000255
334.277000000000255
337.534000000000258
339.37200000000026
339.97300000000026
341.737000000000262
342.402000000000262
344.277000000000264
345.053000000000265
346.156000000000266
347.142000000000267
350.001000000000269
350.35100000000027
357.009000000000275
357.409000000000276
357.870000000000276
358.369000000000277
358.793000000000277
359.422000000000278
359.880000000000278
360.920000000000279
361.295000000000279
361.82600000000028
362.43000000000028
363.160000000000281
366.349000000000284
368.562000000000286
369.853000000000287
370.306000000000287
372.325000000000289
372.98700000000029
375.671000000000292
376.172000000000292
377.210000000000293
377.784000000000294
382.887000000000298
384.3250000000003
385.557000000000301
386.041000000000301
386.367000000000302
389.697000000000304
389.976000000000305
390.959000000000306
392.282000000000307
393.282000000000308
395.54000000000031
396.668000000000311
397.236000000000311
397.648000000000312
397.801000000000312
400.153000000000314
400.240000000000314
401.251000000000315
451.90000000000036
452.77800000000036
453.374000000000361
454.123000000000362
454.581000000000362
455.164000000000363
458.030000000000365
458.689000000000366
471.464000000000377
472.072000000000378
473.275000000000379
473.917000000000379
474.99200000000038
475.952000000000381
476.785000000000382
477.317000000000382
478.271000000000383
481.525000000000386
482.968000000000387
483.687000000000388
484.393000000000389
484.808000000000389
485.014000000000389
486.828000000000391
487.120000000000391
488.081000000000392
488.690000000000392
489.837000000000393
490.520000000000394
490.628000000000394
491.508000000000395
492.228000000000396
492.784000000000396
493.247000000000396
494.294000000000397
494.821000000000398
512.963000000000414
513.516000000000414
513.872000000000415
514.984000000000416
515.380000000000416
516.524000000000417
517.023000000000418
518.216000000000419
518.368000000000419
520.23800000000042
521.256000000000421
521.414000000000421
523.686000000000423
524.862000000000424
524.993000000000425
525.624000000000425
527.070000000000426
528.120000000000427
531.672000000000431
533.453000000000432
534.008000000000433
534.622000000000433
535.383000000000434
536.055000000000434
537.309000000000436
539.314000000000437
539.864000000000438
540.630000000000438
542.91500000000044
544.326000000000442
545.467000000000443
545.820000000000443
546.501000000000444
556.389000000000452
557.207000000000453
557.555000000000454
558.504000000000454
561.362000000000457
562.950000000000458
564.34300000000046
565.11900000000046
565.575000000000461
566.456000000000461
567.608000000000462
568.583000000000463
569.185000000000464
570.221000000000465
571.747000000000466
573.311000000000468
574.449000000000469
575.80800000000047
576.51000000000047
576.970000000000471
577.407000000000471
577.815000000000472
578.259000000000472
578.664000000000472
580.524000000000474
583.230000000000476
584.106000000000477
586.034000000000479
586.84900000000048
587.59000000000048
588.102000000000481
589.008000000000481
590.585000000000483
592.357000000000484
601.074000000000492
601.976000000000493
602.081000000000493
602.964000000000494
604.467000000000495
605.320000000000496
606.471000000000497
606.986000000000497
607.438000000000498
608.055000000000498
609.155000000000499
609.9730000000005
610.802000000000501
612.413000000000502
613.755000000000503
616.388000000000506
618.954000000000508
619.349000000000508
620.094000000000509
622.133000000000511
622.608000000000511
625.696000000000514
626.585000000000515
628.316000000000516
628.911000000000517
629.339000000000517
629.835000000000518
630.250000000000518
630.798000000000519
631.482000000000519
632.59200000000052
635.559000000000523
636.398000000000524
638.612000000000526
640.087000000000527
640.819000000000528
641.101000000000528
648.935000000000535
650.238000000000536
651.474000000000537
652.578000000000538
653.357000000000539
654.024000000000539
655.36000000000054
657.185000000000542
659.532000000000544
660.857000000000545
662.569000000000547
665.59400000000055
667.195000000000551
668.147000000000552
669.739000000000553
670.710000000000554
671.242000000000554
671.618000000000555
672.144000000000555
673.043000000000556
673.399000000000556
673.992000000000557
675.267000000000558
676.553000000000559
677.68100000000056
677.84600000000056
678.622000000000561
680.218000000000562
681.332000000000563
682.801000000000565
684.551000000000566
686.352000000000568
687.068000000000569
687.551000000000569
693.918000000000575
694.449000000000575
695.272000000000576
699.55100000000058
702.563000000000582
703.508000000000583
711.76800000000059
712.292000000000591
713.528000000000592
715.964000000000594
716.845000000000595
717.300000000000595
721.9790000000006
723.931000000000601
724.375000000000602
725.395000000000603
726.524000000000604
726.943000000000604
727.376000000000604
729.522000000000606
731.068000000000608
732.448000000000609
732.804000000000609
734.13100000000061
734.544000000000611
735.310000000000611
736.439000000000612
739.472000000000615
740.766000000000616
741.651000000000617
745.20400000000062
747.550000000000622
748.851000000000623
749.548000000000624
750.684000000000625
751.023000000000625
752.190000000000626
754.706000000000629
755.412000000000629
757.014000000000631
758.305000000000632
759.097000000000633
759.832000000000633
760.778000000000634
762.548000000000636
763.528000000000636
765.948000000000639
767.59700000000064
768.428000000000641
774.739000000000646
776.637000000000648
778.001000000000649
778.80300000000065
779.31500000000065
779.825000000000651
780.293000000000651
780.868000000000652
782.475000000000653
784.308000000000655
785.395000000000656
786.306000000000657
787.335000000000658
792.363000000000662
795.361000000000665
795.915000000000665
797.534000000000667
798.040000000000667
801.80300000000067
803.790000000000672
804.392000000000673
807.978000000000676
810.995000000000679
812.10200000000068
813.17700000000068
813.609000000000681
815.899000000000683
818.377000000000685
819.872000000000686
824.560000000000691
825.981000000000692
827.095000000000693
828.391000000000694
828.945000000000695
829.252000000000695
829.805000000000695
830.879000000000696
831.974000000000697
833.107000000000698
835.5370000000007
836.835000000000702
838.018000000000703
839.455000000000704
841.216000000000705
841.984000000000706
843.044000000000707
862.991000000000725
864.883000000000726
865.033000000000727
866.797000000000728
867.533000000000729
868.180000000000729
868.57400000000073
869.02200000000073
870.524000000000732
871.100000000000732
871.984000000000733
873.861000000000734
874.739000000000735
875.811000000000736
876.146000000000736
876.541000000000737
877.164000000000737
877.630000000000738
877.846000000000738
878.607000000000739
879.131000000000739
879.236000000000739
879.80700000000074
880.06600000000074
881.967000000000742
882.846000000000742
883.421000000000743
883.879000000000743
885.527000000000745
888.080000000000747
888.966000000000748
890.420000000000749
890.507000000000749
891.13500000000075
891.47100000000075
891.79900000000075
892.161000000000751
892.854000000000751
893.049000000000752
893.819000000000752
894.469000000000753
895.062000000000753
895.431000000000754
896.110000000000754
896.775000000000755
898.904000000000757
899.493000000000757
900.731000000000758
901.536000000000759
901.864000000000759
946.158000000000799
947.6720000000008
948.981000000000801
952.643000000000804
953.110000000000805
953.599000000000805
954.638000000000806
955.181000000000807
955.540000000000807
956.164000000000808
963.705000000000814
964.158000000000815
965.105000000000816
965.366000000000816
966.023000000000816
966.705000000000817
967.473000000000818
967.634000000000818
968.115000000000818
969.529000000000819
970.26900000000082
971.216000000000821
972.942000000000822
974.506000000000824
975.044000000000824
975.389000000000825
975.862000000000825
976.413000000000826
976.723000000000826
978.706000000000828
979.343000000000828
979.609000000000828
981.98100000000083
983.413000000000832
990.927000000000838
997.677000000000844
998.218000000000845
1002.066000000000848
1002.859000000000849
1004.17900000000085
1004.776000000000851
1007.529000000000853
1008.288000000000854
1009.003000000000854
1009.500000000000855
1009.808000000000855
1011.138000000000856
1012.583000000000858
1014.140000000000859
1014.71700000000086
1015.20500000000086
1015.908000000000861
1023.067000000000867
1024.02600000000087
1024.37100000000087
1025.48500000000087
1027.18400000000087
1027.68100000000087
1028.20800000000087
1029.02800000000087
1030.18400000000087
1031.36200000000087
1031.90300000000087
1034.29100000000088
1036.77600000000088
1062.6480000000009
1063.2520000000009
1063.7650000000009
1064.8550000000009
1067.33200000000091
1068.95800000000091
1070.26200000000091
1070.84800000000091
1071.75600000000091
1072.20700000000091
1072.57800000000091
1073.00800000000091
1073.80900000000091
1075.64200000000091
1076.17500000000091
1077.42700000000092
1077.76400000000092
1078.32400000000092
1078.71200000000092
1079.95200000000092
1080.37800000000092
1080.91100000000092
1081.35200000000092
1081.84300000000092
1082.09300000000092
1082.66800000000092
1082.97100000000092
1083.59500000000092
1083.75900000000092
1087.15200000000092
1087.43900000000092
1088.61700000000093
1089.29800000000093
1089.92300000000093
1090.60300000000093
1092.20500000000093
1092.72200000000093
1093.02600000000093
1093.37900000000093
1093.79100000000093
1094.28100000000093
1095.19000000000093
1095.60200000000093
1103.48300000000094
1106.46300000000094
1107.44400000000094
1108.03500000000094
1109.15500000000094
1111.02600000000094
1113.28300000000095
1113.96500000000095
1114.61400000000095
1115.35300000000095
1115.93900000000095
1116.70100000000095
1117.51600000000095
1118.02700000000095
1118.35100000000095
1122.26500000000096
1123.67600000000096
1124.97800000000096
1125.40500000000096
1126.16500000000096
1126.48000000000096
1126.87600000000096
1127.69100000000096
1128.79800000000096
1129.41100000000096
1130.10100000000096
1130.66500000000096
1131.31300000000096
1133.39200000000096
1135.34100000000097
1136.02100000000097
1136.87900000000097
1137.94300000000097
1138.64900000000097
1139.25900000000097
1140.35000000000097
1144.42500000000097
1144.86700000000098
1166.83500000000099
1167.426000000001
1167.920000000001
1168.297000000001
1168.706000000001
1169.866000000001
1171.365000000001
1171.700000000001
1173.657000000001
1176.385000000001
1178.587000000001
1179.59700000000101
1180.53000000000101
1180.94600000000101
1181.12300000000101
1181.72600000000101
1182.31100000000101
1183.14000000000101
1184.03400000000101
1184.71600000000101
1193.32900000000102
1194.39800000000102
1195.87700000000102
1197.77600000000102
1198.98100000000102
1199.17700000000102
1199.57900000000102
1203.57400000000103
1204.44000000000103
1205.47000000000103
1206.63700000000103
1207.83100000000103
1269.55000000000109
1270.53100000000109
1271.88800000000109
1272.30900000000109
1274.16100000000109
1274.58100000000109
1275.01500000000109
1275.69100000000109
1278.28900000000109
1279.8930000000011
1281.6940000000011
1283.1050000000011
1283.8420000000011
1284.5700000000011
1285.1130000000011
1286.2820000000011
1288.1200000000011
1288.7180000000011
1289.1400000000011
1290.0290000000011
1291.0500000000011
1291.43500000000111
1292.48000000000111
1292.91500000000111
1294.52900000000111
1295.51100000000111
1296.15800000000111
1296.66300000000111
1297.14100000000111
1298.45300000000111
1299.33300000000111
1305.85900000000112
1306.39200000000112
1306.98200000000112
1307.33600000000112
1308.12300000000112
1311.07000000000112
1312.32000000000112
1313.05600000000112
1313.89100000000113
1314.19000000000113
1314.58700000000113
1315.21400000000113
1315.84400000000113
1320.14800000000113
1321.27200000000113
1323.55600000000113
1325.52700000000114
1326.48700000000114
1341.17400000000115
1341.90200000000115
1342.09800000000115
1343.19900000000115
1343.60000000000115
1344.01400000000115
1345.11800000000115
1345.65300000000115
1346.15800000000115
1346.92800000000115
1347.89600000000116
1349.18100000000116
1349.61500000000116
1353.12800000000116
1354.07400000000116
1355.36000000000116
1355.91000000000116
1356.02000000000116
1356.19700000000116
1356.91600000000116
1358.26900000000116
1360.35200000000117
1361.75200000000117
1363.24500000000117
1363.99200000000117
1364.63000000000117
1365.12100000000117
1365.61000000000117
1366.09700000000117
1366.46400000000117
1367.62300000000117
1368.02600000000117
1368.82800000000117
1369.44000000000117
1370.25000000000118
1370.68100000000118
1371.24700000000118
1375.14200000000118
1375.56900000000118
1375.92000000000118
1376.60500000000118
1377.14700000000118
1378.41600000000118
1378.81300000000118
1379.53200000000118
1381.10400000000118
1383.46700000000119
1387.92400000000119
1389.17000000000119
1389.66000000000119
1393.5220000000012
1393.8370000000012
1394.4810000000012
1394.9630000000012
1396.5300000000012
1398.6390000000012
1400.7830000000012
1403.0240000000012
1405.41600000000121
1406.41300000000121
1407.74500000000121
1407.96700000000121
1410.12300000000121
1411.75200000000121
1425.80600000000122
1427.44700000000123
1427.86200000000123
1429.18000000000123
1429.90400000000123
1430.75600000000123
1431.82000000000123
1433.70800000000123
1434.18600000000123
1435.87500000000123
1436.59200000000123
1437.47300000000124
1438.29600000000124
1438.78500000000124
1441.56700000000124
1442.63400000000124
1443.61600000000124
1444.99800000000124
1445.88000000000124
1446.58200000000124
1447.15800000000124
1448.04800000000124
1450.82600000000125
1451.30400000000125
1451.60100000000125
1452.01800000000125
1453.72900000000125
1454.52000000000125
1454.97000000000125
1455.45300000000125
1459.88100000000126
1460.50500000000126
1460.81900000000126
1461.25700000000126
1461.54200000000126
1462.36800000000126
1462.84300000000126
1463.49300000000126
1464.41700000000126
1465.53600000000126
1469.86300000000126
1470.44100000000126
1471.72500000000127
1472.84800000000127
1474.22000000000127
1477.35400000000127
1478.97100000000127
1480.35700000000127
1480.93100000000127
1481.41000000000127
1481.62400000000127
1483.41500000000128
1484.12000000000128
1487.53900000000128
1488.97800000000128
1489.61800000000128
1492.18000000000128
1495.61700000000129
1497.26600000000129
1498.82400000000129
1499.81500000000129
1501.24800000000129
1501.65200000000129
1502.29700000000129
1504.49900000000129
1505.0470000000013
1505.5480000000013
1505.9340000000013
1506.0340000000013
1506.3630000000013
1618.9550000000014
1620.4230000000014
1622.0530000000014
1623.9730000000014
1624.9610000000014
1626.1450000000014
1626.6490000000014
1628.2580000000014
1629.09600000000141
1630.31300000000141
1630.54000000000141
1632.37100000000141
1632.67400000000141
1632.95600000000141
1633.80800000000141
1643.10900000000142
1643.39000000000142
1644.42600000000142
1648.27200000000142
1649.54200000000142
1650.57200000000142
1653.39700000000143
1657.12000000000143
1657.45000000000143
1658.08100000000143
1666.18200000000144
1668.46700000000144
1669.93200000000144
1670.49400000000144
1671.09200000000144
1672.10600000000144
1672.43600000000144
1673.46900000000144
1673.94100000000144
1675.11900000000145
1675.82600000000145
1676.53900000000145
1677.04100000000145
1677.24800000000145
1677.67000000000145
1678.00700000000145
1678.38000000000145
1678.85700000000145
1680.46600000000145
1681.49800000000145
1682.88100000000145
1684.23400000000145
1684.95600000000145
1686.76500000000146
1687.25300000000146
1688.07800000000146
1689.05900000000146
1689.48200000000146
1689.90100000000146
1694.03100000000146
1695.13600000000146
1695.56200000000146
1697.74500000000147
1699.97400000000147
1701.26500000000147
1701.48800000000147
1702.19000000000147
1703.28500000000147
1703.50900000000147
1707.36400000000147
1708.42200000000148
1708.66600000000148
1709.71000000000148
1710.75200000000148
1712.15100000000148
1801.50200000000156
1807.61900000000156
1810.44500000000157
1813.19600000000157
1905.28400000000165
1906.55900000000165
1907.12200000000165
1907.41700000000165
1911.02600000000166
1911.59800000000166
1913.01800000000166
1913.43500000000166
1914.39400000000166
1914.93400000000166
1918.54200000000166
1922.30900000000167
1924.18000000000167
1924.61200000000167
1926.37100000000167
1928.21400000000167
1930.32600000000167
1931.75300000000167
1934.17700000000168
1936.04800000000168
1936.92300000000168
1939.93200000000168
1940.98200000000168
1942.17400000000168
1943.41300000000168
1944.04900000000168
1949.23700000000169
1950.26800000000169
1951.19200000000169
1954.79100000000169
1955.7570000000017
1958.5190000000017
1959.1060000000017
1959.5140000000017
1959.9530000000017
1960.3710000000017
1960.9960000000017
1961.4940000000017
1961.9270000000017
1962.7440000000017
1963.1240000000017
1968.44900000000171
1969.16300000000171
1969.69000000000171
1970.27300000000171
1973.91100000000171
1974.97600000000171
1976.80900000000171
1977.96600000000172
1978.74300000000172
1980.35600000000172
1982.25200000000172
1982.95800000000172
1983.97200000000172
1984.88500000000172
1985.33200000000172
1985.75000000000172
1986.23500000000172
1987.58900000000172
1990.18500000000173
1991.21800000000173
1991.83200000000173
1992.71300000000173
1993.09700000000173
1993.43300000000173
1994.04700000000173
1994.73500000000173
1998.49000000000173
2000.89900000000174
2019.03100000000175
2020.61800000000175
2021.25600000000175
2022.10800000000175
2023.60700000000176
2024.73200000000176
2025.67500000000176
2026.23000000000176
2027.18400000000176
2066.48699999999974
2067.68199999999961
2068.45699999999952
2069.52499999999941
2070.27599999999932
2071.28299999999921
2071.63599999999917
2072.10899999999912
2072.66199999999906
2073.11999999999901
2073.78899999999894
2074.30599999999888
2074.79299999999883
2075.34099999999877
2075.72699999999872
2076.13999999999868
2081.4019999999981
2082.68199999999796
2083.51399999999787
2083.81099999999783
2084.27299999999778
2084.73799999999773
2085.19499999999768
2085.99199999999759
2086.42099999999755
2086.88699999999749
2087.85199999999739
2088.33199999999734
2089.65299999999719
2090.63699999999708
2091.53499999999698
2097.80699999999629
2098.99399999999616
2099.59799999999609
2100.17299999999603
2101.02099999999594
2101.79699999999585
2102.55499999999577
2103.1949999999957
2104.02099999999561
2104.9779999999955
2105.60199999999543
2106.52199999999533
2106.8369999999953
2107.38099999999524
2110.75899999999487
2113.44299999999457
2114.83499999999442
2116.27299999999426
2117.10799999999417
2118.29199999999404
2119.41299999999391
2120.82699999999376
2121.77999999999365
2122.34099999999359
2123.01299999999352
2123.42699999999347
2124.18999999999339
2125.0149999999933
2125.37499999999326
2125.97199999999319
2126.89699999999309
2128.43699999999292
2129.16399999999284
2129.65599999999278
2132.04899999999252
2132.51899999999247
2132.88499999999243
2164.42499999998895
2165.10099999998888
2165.21399999998887
2166.01499999998878
2166.45199999998873
2167.03199999998867
2170.15499999998832
2213.60599999998354
2214.45999999998344
2225.50799999998223
2228.93399999998185
2229.63099999998177
2230.72099999998165
2231.30299999998159
2232.92499999998141
2234.29799999998126
2234.8279999999812
2235.30099999998115
2235.7449999999811
2236.89599999998097
2239.86799999998065
2241.98299999998041
2242.91299999998031
2244.91399999998009
2245.69799999998
2246.6039999999799
2247.80599999997977
2248.56599999997969
2249.00199999997964
2249.74799999997956
2251.41299999997937
2252.62899999997924
2253.54099999997914
2253.71799999997912
2253.83599999997911
2254.46199999997904
2255.04099999997898
2255.36699999997894
2256.5979999999788
2257.39199999997872
2257.92399999997866
2259.3679999999785
2260.60699999997836
2262.61699999997814
2263.61899999997803
2263.95299999997799
2265.04799999997787
2267.67199999997758
2272.22199999997708
2274.93099999997678
2275.28299999997675
2276.81899999997658
2277.33899999997652
2278.76799999997636
2279.49699999997628
2280.37299999997619
2281.47499999997606
2282.56199999997594
2283.24399999997587
2284.08999999997578
2284.63199999997572
2285.46299999997562
2286.10799999997555
2286.42199999997552
2287.00399999997545
2287.83099999997536
2288.68899999997527
2294.58999999997462
2296.6159999999744
2298.54299999997418
2299.23999999997411
2300.53299999997396
2303.35899999997365
2304.47799999997353
2304.61899999997351
2305.61399999997341
2306.94599999997326
2307.78899999997317
2308.57799999997308
2432.66199999995941
2433.6449999999593
2436.02299999995904
2437.44499999995889
2439.00599999995871
2440.56399999995854
2441.20099999995847
2442.15899999995837
2442.70499999995831
2443.34899999995824
2444.08999999995815
2457.96599999995663
2458.58299999995656
2465.57299999995579
2473.6079999999549
2474.91299999995476
2476.54099999995458
2478.93199999995432
2479.81399999995422
2481.67299999995402
2482.87799999995388
2491.38399999995295
2556.49599999994577
2558.32899999994557
2561.79299999994519
2563.81899999994497
2565.65399999994477
2566.51999999994467
2567.1459999999446
2568.19599999994449
2570.62299999994422
2571.79399999994409
2572.26099999994404
2572.91199999994397
2573.57999999994389
2574.72999999994377
2575.50699999994368
2576.69899999994355
2580.68999999994311
2582.5999999999429
2585.10099999994262
2585.91499999994253
2587.19299999994239
2588.19299999994228
2589.22399999994217
2589.91499999994209
2591.33999999994194
2591.48799999994192
2599.34599999994106
2600.12399999994097
2600.19399999994096
2600.93599999994088
2601.6989999999408
2602.25299999994074
2604.46499999994049
2605.2709999999404
2605.90799999994033
2606.33499999994029
2606.92799999994022
2607.70799999994013
2609.57699999993993
2611.41699999993973
2611.82999999993968
2612.40199999993962
2613.4549999999395
2613.73999999993947
2614.17399999993942
2615.50399999993928
2618.28299999993897
2620.85199999993869
2621.71299999993859
2622.24899999993853
2624.45599999993829
2624.94299999993824
2627.38499999993797
2629.49399999993773
2632.98599999993735
2633.53299999993729
2634.15399999993722
2634.91299999993714
2636.120999999937
2636.68999999993694
2636.93999999993691
2637.0329999999369
2699.45499999993003
2700.44899999992992
2701.01899999992986
2701.70099999992978
2711.90599999992866
2714.96099999992832
2716.0279999999282
2716.79599999992812
2719.04999999992787
2720.25299999992774
2720.97899999992766
2721.46599999992761
2721.97499999992755
2722.74599999992746
2724.86599999992723
2727.99199999992689
2729.29199999992674
2731.5479999999265
2732.16199999992643
2732.28299999992641
2736.81699999992591
2738.23799999992576
2741.59899999992539
2742.17199999992533
2742.98899999992524
2744.10499999992511
2745.96599999992491
2747.07499999992479
2748.68399999992461
2750.35799999992442
2751.59999999992429
2752.3649999999242
2753.44399999992408
2754.25099999992399
2756.0499999999238
2757.07999999992368
2758.63199999992351
2759.6799999999234
2760.22899999992334
2760.63499999992329
2761.07899999992324
2762.07199999992313
2762.76299999992306
2764.39299999992288
2765.14799999992279
2765.71399999992273
2766.38099999992266
2766.66099999992263
2768.33199999992244
2769.85099999992228
2771.32199999992211
2772.23799999992201
2773.09799999992192
2773.54799999992187
2773.99999999992182
2774.56499999992176
2775.24599999992168
2775.60899999992164
2776.45699999992155
2777.18799999992147
2778.91399999992128
2779.82999999992118
2780.25599999992113
2780.81699999992107
2781.18999999992103
2786.70199999992042
2787.68999999992031
2788.86799999992018
2789.26799999992014
2790.31499999992002
2793.69399999991965
2794.92699999991952
2795.87599999991941
2797.7989999999192
2799.40799999991902
2833.86299999991523
2834.44299999991516
2836.42099999991495
2837.91299999991478
2838.45599999991472
2839.92799999991456
2842.78799999991424
2843.82299999991413
2844.88399999991401
2845.39499999991396
2922.03799999990552
2922.78499999990543
2924.16799999990528
2924.50399999990524
2925.24799999990516
2925.89899999990509
2926.42099999990503
2927.22099999990494
2927.96699999990486
2928.48599999990481
2929.50999999990469
2930.03299999990464
2931.40499999990448
2932.1649999999044
2933.31199999990427
2935.835999999904
2941.08499999990342
2941.91999999990333
2944.851999999903
2946.23099999990285
2947.50799999990271
2948.25499999990263
2949.59199999990248
2950.50799999990238
2953.14399999990209
2953.987999999902
2954.74499999990191
2958.82099999990146
2975.90399999989958
2977.00099999989946
2977.5439999998994
2978.16999999989933
3087.73099999988727
3090.116999999887
3090.56099999988696
3091.9319999998868
3094.06699999988657
3095.05899999988646
3103.7909999998855
3104.80899999988539
3105.30699999988533
3106.92199999988515
3107.4469999998851
3109.56399999988486
3109.92699999988482
3110.38099999988477
3115.39499999988422
3117.04099999988404
3117.73999999988396
3118.35999999988389
3119.10199999988381
3120.0899999998837
3121.50699999988355
3122.71499999988341
3123.80899999988329
3124.33899999988324
3126.21699999988303
3130.23699999988259
3130.96599999988251
3131.19499999988248
3133.53099999988222
3134.6319999998821
3135.49299999988201
3137.28899999988181
3138.03699999988173
3140.36499999988147
3140.84199999988142
3142.8129999998812
3143.39299999988114
3144.05299999988106
3145.06399999988095
3147.00499999988074
3147.88199999988064
3150.32499999988037
3151.54899999988024
3152.15599999988017
3152.41099999988014
3152.71299999988011
3153.15299999988006
3154.18199999987995
3155.28199999987983
3156.02499999987975
3157.64499999987957
3159.60899999987935
3161.70999999987912
3162.55399999987903
3163.65199999987891
3164.15799999987885
3212.65899999987351
3213.53599999987341
3215.4799999998732
3216.17599999987312
3216.92399999987304
3217.80499999987294
3218.41499999987287
3219.49199999987276
3219.92499999987271
3220.06899999987269
3220.67699999987263
3222.47199999987243
3223.06999999987236
3224.11099999987225
3224.93299999987216
3225.70599999987207
3226.48699999987199
3227.18099999987191
3227.88699999987183
3229.32399999987167
3231.92299999987139
3234.11899999987114
3235.13699999987103
3236.04199999987093
3236.93899999987083
3238.1929999998707
3243.08499999987016
3244.01799999987005
3244.53999999987
3246.57899999986977
3247.44799999986968
3247.95599999986962
3248.37399999986958
3250.93399999986929
3252.85699999986908
3254.26299999986893
3255.15599999986883
3260.03599999986829
3277.30099999986639
3278.75299999986623
3281.46299999986593
3286.88599999986533
3287.41399999986528
3287.77299999986524
3288.37399999986517
3289.38999999986506
3290.19799999986497
3291.35399999986484
3291.84999999986479
3292.84999999986468
3294.31399999986452
3294.66599999986448
3294.91699999986445
3295.3849999998644
3296.2249999998643
3296.87699999986423
3297.62099999986415
3299.36699999986396
3299.9409999998639
3301.48399999986373
3302.07999999986366
3302.93799999986357
3303.70199999986348
3304.23099999986342
3304.97699999986334
3306.47499999986318
3307.01299999986312
3307.75699999986304
3309.23399999986287
3309.78699999986281
3310.59299999986272
3311.60499999986261
3312.44299999986252
3314.09099999986234
3315.52799999986218
3316.09699999986212
3316.76799999986204
3318.0819999998619
3318.52999999986185
3320.73699999986161
3322.27099999986144
3324.11299999986123
3324.61099999986118
3325.66999999986106
3326.63099999986096
3327.29799999986088
3327.92699999986081
3328.55999999986074
3329.13899999986068
3330.05599999986058
3331.11899999986046
31
-1
28.1279999999999901
39.9149999999999938
59.6990000000000114
111.8820000000000577
204.40400000000014
299.098000000000224
350.35200000000027
377.785000000000294
458.690000000000366
494.822000000000398
545.468000000000443
592.358000000000484
641.102000000000528
703.509000000000583
768.429000000000641
843.045000000000707
901.537000000000759
1015.909000000000861
1095.19100000000093
1184.71700000000101
1326.48800000000114
1411.75300000000121
1505.5490000000013
1712.15200000000148
2000.90000000000174
2132.51999999999247
2308.57899999997308
2636.69099999993694
2845.39599999991396
3164.15899999987885
3331.11999999986046
0
0
5000
0
0
0
0
7200
0
0
0
0
0
32
0
5131.22099999966221
1800.00000000000156
1800
0
94
0
1
4
7
10
13
16
19
22
25
28
31
34
37
40
43
46
49
52
55
58
61
64
67
70
73
76
79
82
85
88
91
94
97
100
103
106
109
112
115
118
121
124
127
130
133
136
139
142
145
148
151
154
157
160
163
166
169
172
175
178
181
184
187
190
193
196
199
202
205
208
211
214
217
220
223
226
229
232
235
238
241
244
247
250
253
256
259
262
265
268
271
274
277
280
283
286
289
292
295
298
301
304
307
310
313
316
319
322
325
328
331
334
337
340
343
346
349
352
355
358
361
364
367
370
373
376
379
382
385
388
391
394
397
400
403
406
409
412
415
418
421
424
427
430
433
436
439
442
445
448
451
454
457
460
463
466
469
472
475
478
481
484
487
490
493
496
499
502
505
508
511
514
517
520
523
526
529
532
535
538
541
544
547
550
