11
29
19
11
29
19
cPPR1.11
PR3_day5
0
1
10
04
11
11
50
26
23
3
.3
1
426
1
17
1
1
1
1
1
1
1
1
1
1
1
1
1
1
1
1
1
1
1
1
1
184
425
-1
2.54200000000000004
2.69300000000000004
6.47500000000000012
6.67900000000000013
7.31000000000000014
14.8520000000000003
15.30800000000000031
15.93700000000000032
16.369
31.3499999999999873
31.5129999999999872
31.9379999999999868
32.7179999999999874
33.2139999999999879
34.7739999999999892
35.8929999999999902
41.5839999999999953
43.500999999999997
74.4650000000000245
74.6440000000000246
74.8160000000000248
75.4020000000000253
77.1520000000000269
77.7070000000000274
83.7830000000000328
105.2760000000000519
105.461000000000052
106.1220000000000526
110.0120000000000561
110.2470000000000563
131.476000000000075
131.708000000000075
132.919000000000076
133.199000000000077
133.319000000000077
133.876000000000077
134.373000000000078
134.488000000000078
134.622000000000078
134.765000000000078
135.636000000000079
138.144000000000081
140.268000000000083
146.375000000000088
147.352000000000089
147.605000000000089
147.78500000000009
149.567000000000091
149.783000000000091
152.335000000000094
152.920000000000094
192.455000000000129
195.611000000000132
196.825000000000133
201.879000000000138
202.407000000000138
206.405000000000142
207.957000000000143
208.909000000000144
223.823000000000157
225.809000000000159
225.970000000000159
226.96300000000016
233.638000000000166
235.187000000000167
235.642000000000168
235.761000000000168
237.511000000000169
238.01600000000017
271.081000000000199
276.098000000000204
277.715000000000205
279.679000000000207
280.640000000000208
282.351000000000209
283.38500000000021
286.125000000000212
289.175000000000215
316.228000000000239
316.367000000000239
317.45000000000024
318.341000000000241
319.040000000000242
325.688000000000248
325.806000000000248
328.71600000000025
330.207000000000252
353.217000000000272
359.738000000000278
359.804000000000278
360.378000000000278
361.170000000000279
361.358000000000279
367.556000000000285
368.893000000000286
370.417000000000287
371.301000000000288
373.39700000000029
374.067000000000291
375.441000000000292
382.842000000000298
385.334000000000301
387.567000000000303
390.086000000000305
404.063000000000317
406.472000000000319
409.011000000000322
431.416000000000342
434.190000000000344
435.141000000000345
436.906000000000346
494.056000000000397
495.778000000000399
499.270000000000402
501.178000000000403
501.814000000000404
504.293000000000406
504.787000000000407
512.457000000000413
515.078000000000416
515.226000000000416
515.573000000000416
520.435000000000421
522.084000000000422
523.721000000000423
528.233000000000427
532.348000000000431
543.381000000000441
652.331000000000538
652.957000000000538
654.051000000000539
655.43900000000054
656.871000000000542
657.708000000000542
658.678000000000543
658.752000000000543
661.453000000000546
662.748000000000547
693.431000000000574
694.847000000000575
697.570000000000578
699.137000000000579
700.869000000000581
702.281000000000582
705.270000000000585
706.427000000000586
718.775000000000597
720.060000000000598
720.486000000000598
720.933000000000599
725.361000000000603
731.632000000000608
732.480000000000609
733.068000000000609
764.469000000000637
767.61100000000064
769.785000000000642
777.233000000000649
777.663000000000649
777.849000000000649
780.059000000000651
783.987000000000655
787.691000000000658
788.468000000000659
788.950000000000659
793.719000000000663
845.644000000000709
846.96900000000071
897.765000000000756
902.20300000000076
918.321000000000774
920.365000000000776
920.485000000000776
1006.934000000000853
1008.269000000000854
1012.463000000000858
1014.589000000000859
1021.383000000000865
1108.35300000000094
1113.36200000000095
1114.43900000000095
1117.24600000000095
1195.41800000000102
1200.04200000000102
1375.21700000000118
1388.60900000000119
1390.04100000000119
1390.49500000000119
1392.05400000000119
1393.0610000000012
1394.9100000000012
1395.5790000000012
1495.01100000000129
1498.32500000000129
1501.42800000000129
1502.97600000000129
1505.7980000000013
1509.8930000000013
1511.9700000000013
1512.8450000000013
1513.8660000000013
1523.95600000000131
1525.77400000000131
1528.50600000000132
1529.31800000000132
1530.23100000000132
1536.65300000000132
1549.78000000000133
1554.41200000000134
1557.82600000000134
1559.30800000000134
1563.65500000000135
1567.81400000000135
1571.77400000000135
1573.87100000000136
1611.16500000000139
1612.29900000000139
1613.15500000000139
1616.92100000000139
1633.42000000000141
1637.06400000000141
1639.79300000000141
1665.66100000000144
1667.03300000000144
1668.12200000000144
1672.07200000000144
1672.84700000000144
1679.71400000000145
1680.63600000000145
1685.23500000000146
1686.49200000000146
1689.50000000000146
1690.09900000000146
1691.33300000000146
1692.46800000000146
1694.91500000000146
1695.50400000000146
1696.10800000000146
1826.53000000000158
1830.52300000000158
1832.55300000000159
2032.87800000000176
2036.60700000000177
2103.99599999999561
2106.20099999999537
2109.20999999999504
2109.70999999999498
2113.58899999999455
2126.45099999999314
2425.86899999996016
2427.33699999996
2429.55299999995976
2449.18199999995759
2453.71999999995709
2458.47399999995657
2489.9529999999531
2490.20899999995307
2510.31899999995086
2516.09799999995022
2518.53499999994996
2530.00899999994869
2534.22099999994823
2536.67799999994796
2538.36099999994777
2539.24599999994767
2541.05399999994748
2569.55899999994434
2570.03099999994428
2576.02999999994362
2583.07099999994285
2588.0589999999423
2603.30299999994062
2605.71199999994035
2702.69399999992967
2714.39199999992838
2720.31399999992773
2797.05899999991928
2801.96699999991874
2802.56999999991867
2805.75399999991832
2812.06599999991763
2827.82099999991589
2829.07599999991575
2833.08999999991531
2890.29999999990901
2892.51599999990877
2896.7679999999083
2904.17199999990748
2906.80799999990719
2911.81999999990664
2914.0499999999064
2943.37599999990317
2944.82999999990301
2947.51299999990271
2951.39999999990228
2956.75999999990169
3265.07799999986774
3278.04999999986631
3281.61999999986591
3287.11299999986531
3290.29399999986496
3294.15399999986453
3299.27799999986397
3303.43599999986351
3308.31499999986297
3311.10999999986267
3313.75799999986237
3345.99999999985882
3348.17099999985858
3351.51399999985822
3357.1259999998576
3359.04299999985739
3363.97899999985684
3366.01899999985662
3405.66799999985225
3406.83499999985212
3410.06699999985177
3415.02299999985122
3419.00399999985078
3421.96299999985046
3426.72299999984993
3492.69299999984267
3495.44499999984236
3497.74999999984211
3571.06099999983404
3574.90999999983361
3586.24399999983236
3596.29499999983126
3616.00799999982909
3639.99799999982644
3640.70599999982637
3642.42399999982618
3642.85899999982613
3643.79299999982603
3644.50399999982595
3646.07499999982577
3648.19799999982554
3650.82399999982525
3711.07999999981862
3714.74299999981821
3729.31099999981661
3731.72399999981634
3774.52899999981163
3775.6969999998115
3776.41799999981142
3778.67299999981117
3781.1379999998109
3805.07199999980826
3807.511999999808
3808.30999999980791
3810.59499999980766
3812.76099999980742
3813.7869999998073
3816.61599999980699
3818.62599999980677
3825.38999999980603
3826.75999999980588
3828.07599999980573
3867.28999999980141
3867.88199999980135
3871.22199999980098
3876.11899999980044
3879.10499999980011
3957.67899999979146
3960.78499999979111
3964.72299999979068
3967.74899999979035
3970.0149999997901
3973.55399999978971
4013.5519999997853
4018.04799999978481
4029.54199999978354
4030.31499999978346
4269.34299999975713
4271.21499999975693
4274.31799999975658
4276.07499999975639
4277.24199999975626
4287.14599999975517
4495.39799999973224
4499.96099999973173
4502.89899999973141
4508.81099999973076
4513.38499999973025
4517.77799999972977
4519.00099999972964
4540.98299999972721
4546.05599999972666
4562.16299999972488
4591.30199999972167
4594.7259999997213
4598.54399999972088
4660.72299999971403
4664.06099999971366
4670.9969999997129
4682.24199999971166
4687.12199999971112
4693.00299999971047
4772.98799999970166
4775.21699999970142
4778.28999999970108
4781.07299999970077
4784.23699999970042
4784.88299999970035
4788.61799999969994
4790.64199999969972
4879.8199999996899
4883.90999999968945
4885.64299999968926
4886.86099999968912
4889.13999999968887
4891.6229999996886
4893.26399999968842
4896.02799999968811
4898.58999999968783
4899.7759999996877
4902.97199999968735
4913.21299999968622
4916.83399999968582
4917.38199999968576
4919.43599999968553
4928.09699999968458
4932.03899999968415
5024.98999999967391
5029.49299999967341
16
-1
2.54300000000000004
16.37
35.8939999999999902
105.2770000000000519
140.269000000000083
208.910000000000144
289.176000000000215
375.442000000000292
523.722000000000423
733.069000000000609
1375.21800000000118
1616.92200000000139
2489.9539999999531
3265.07899999986774
3714.74399999981821
4519.00199999972964
0
0
5000
0
0
0
0
7200
0
0
0
0
0
17
0
6319.10299999953138
1800.00000000000156
1800
0
49
0
1
4
7
10
13
16
19
22
25
28
31
34
37
40
43
46
49
52
55
58
61
64
67
70
73
76
79
82
85
88
91
94
97
100
103
106
109
112
115
118
121
124
127
130
133
136
139
142
145
148
151
154
157
160
163
166
169
172
175
178
181
184
187
190
193
196
199
202
205
208
211
214
217
220
223
226
229
232
235
238
241
244
247
250
253
256
259
262
265
268
271
274
277
280
283
286
289
292
295
298
301
304
307
310
313
316
319
322
325
328
331
334
337
340
343
346
349
352
355
358
361
364
367
370
373
376
379
382
385
388
391
394
397
400
403
406
409
412
415
418
421
424
427
430
433
436
439
442
445
448
451
454
457
460
463
466
469
472
475
478
481
484
487
490
493
496
499
502
505
508
511
514
517
520
523
526
529
532
535
538
541
544
547
550
