11
11
19
11
11
19
cPPR1.15
FR2_day1
0
1
11
58
15
12
14
22
24
2
.3
1
354
1
101
1
1
1
1
1
1
1
1
1
1
1
1
1
1
1
1
1
1
1
1
1
1
353
-1
0.847
6.59800000000000012
9.83500000000000019
10.80400000000000021
11.94100000000000024
13.05900000000000026
15.51200000000000031
23.9549999999999936
24.0909999999999935
26.6819999999999913
27.8249999999999903
29.429999999999989
31.3419999999999873
34.0739999999999886
36.6029999999999909
37.4519999999999916
39.9709999999999939
43.0459999999999966
49.8420000000000026
53.5560000000000059
53.9350000000000063
54.6530000000000069
56.0450000000000081
57.8700000000000098
61.9130000000000133
62.8140000000000141
64.4050000000000156
65.2420000000000163
70.1410000000000206
71.1300000000000215
78.473000000000028
80.7820000000000301
81.835000000000031
83.7780000000000328
85.123000000000034
88.7140000000000372
89.6130000000000379
90.1900000000000385
91.4100000000000395
92.3370000000000404
101.5180000000000485
102.6970000000000496
105.5110000000000521
106.7880000000000532
107.5630000000000539
108.3790000000000546
109.5610000000000557
113.1720000000000589
113.6840000000000593
115.2740000000000607
116.6290000000000619
119.2750000000000643
119.6700000000000646
120.4070000000000653
121.3050000000000661
122.7130000000000674
123.5550000000000681
127.0050000000000712
127.7020000000000718
128.081000000000072
130.495000000000074
133.926000000000077
137.33300000000008
138.085000000000081
141.536000000000084
142.255000000000085
145.628000000000088
147.380000000000089
148.08100000000009
149.469000000000091
153.337000000000095
153.477000000000095
154.659000000000096
155.793000000000097
157.541000000000098
174.939000000000114
176.663000000000115
181.232000000000119
182.20000000000012
182.798000000000121
185.498000000000123
185.819000000000123
186.090000000000124
186.976000000000124
188.615000000000126
190.289000000000127
193.31700000000013
193.67800000000013
193.943000000000131
194.498000000000131
196.762000000000133
198.699000000000135
202.382000000000138
202.778000000000138
206.831000000000142
207.919000000000143
222.842000000000156
224.861000000000158
229.536000000000162
230.138000000000163
230.813000000000163
233.862000000000166
234.306000000000166
234.599000000000167
237.82100000000017
239.195000000000171
243.427000000000175
244.457000000000175
244.988000000000176
249.39700000000018
250.08000000000018
250.464000000000181
252.597000000000183
257.350000000000187
260.016000000000189
261.694000000000191
264.684000000000193
265.923000000000195
267.521000000000196
270.322000000000198
274.590000000000202
275.405000000000203
277.984000000000205
278.956000000000206
283.82500000000021
284.127000000000211
284.463000000000211
285.744000000000212
295.761000000000221
296.395000000000222
299.565000000000224
299.915000000000225
301.427000000000226
301.690000000000226
302.864000000000227
306.24300000000023
306.928000000000231
308.046000000000232
308.289000000000232
309.925000000000234
314.181000000000237
315.188000000000238
315.766000000000239
319.606000000000242
321.658000000000244
322.486000000000245
327.166000000000249
330.968000000000252
334.438000000000255
337.402000000000258
338.422000000000259
340.08800000000026
340.583000000000261
344.041000000000264
344.607000000000264
344.925000000000265
346.119000000000266
348.153000000000268
351.23700000000027
352.754000000000272
353.274000000000272
355.245000000000274
356.584000000000275
359.774000000000278
360.171000000000278
362.74100000000028
365.044000000000283
369.087000000000286
369.328000000000286
370.453000000000287
371.718000000000288
374.478000000000291
374.960000000000291
378.887000000000295
379.792000000000296
383.610000000000299
384.5260000000003
386.228000000000301
387.933000000000303
391.175000000000306
393.217000000000308
395.62100000000031
399.468000000000313
400.787000000000314
403.189000000000316
418.68400000000033
431.056000000000341
431.367000000000341
434.591000000000344
434.931000000000345
435.985000000000346
438.468000000000348
440.307000000000349
446.489000000000355
447.702000000000356
451.384000000000359
451.78000000000036
453.165000000000361
454.542000000000362
457.994000000000365
458.314000000000365
458.878000000000366
459.980000000000367
461.786000000000368
465.887000000000372
466.239000000000372
468.848000000000375
470.749000000000376
474.71100000000038
478.639000000000383
479.332000000000384
484.921000000000389
486.05700000000039
491.454000000000395
494.451000000000398
498.233000000000401
498.996000000000402
501.113000000000403
503.306000000000405
507.667000000000409
507.891000000000409
509.383000000000411
510.070000000000411
513.055000000000414
513.516000000000414
513.907000000000415
514.835000000000416
518.340000000000419
520.483000000000421
524.227000000000424
527.178000000000427
529.365000000000428
533.690000000000432
535.042000000000434
535.864000000000434
540.428000000000438
540.846000000000439
543.855000000000441
544.492000000000442
544.794000000000442
549.048000000000446
549.272000000000446
549.656000000000446
550.260000000000447
551.279000000000448
555.256000000000451
555.564000000000452
555.961000000000452
556.617000000000453
558.378000000000454
562.333000000000458
563.400000000000459
565.07600000000046
566.135000000000461
574.679000000000469
576.21500000000047
583.025000000000476
583.584000000000477
588.128000000000481
590.059000000000482
590.192000000000482
596.639000000000488
597.213000000000489
603.542000000000494
604.514000000000495
608.126000000000498
608.791000000000499
611.311000000000501
613.962000000000504
621.38300000000051
623.571000000000512
627.843000000000516
628.973000000000517
630.052000000000518
633.493000000000521
637.656000000000525
638.769000000000526
665.197000000000549
667.462000000000551
674.867000000000558
675.883000000000559
681.368000000000564
681.744000000000564
684.765000000000566
685.719000000000567
688.20700000000057
688.95100000000057
693.648000000000574
694.650000000000575
697.073000000000577
700.35400000000058
701.198000000000581
702.862000000000583
703.466000000000583
710.072000000000589
710.389000000000589
715.630000000000594
716.941000000000595
717.933000000000596
720.829000000000599
721.252000000000599
721.495000000000599
722.1930000000006
726.981000000000604
730.842000000000607
731.773000000000608
733.67900000000061
737.000000000000613
737.650000000000614
740.340000000000616
740.973000000000616
741.848000000000617
743.340000000000618
744.58200000000062
769.179000000000642
771.747000000000644
806.089000000000674
806.891000000000675
819.847000000000686
820.502000000000687
824.20300000000069
824.547000000000691
827.739000000000694
831.284000000000697
834.8030000000007
835.3400000000007
835.885000000000701
836.349000000000701
838.142000000000703
838.886000000000703
845.69000000000071
846.14900000000071
850.029000000000713
850.991000000000714
851.292000000000714
852.033000000000715
853.581000000000716
872.284000000000733
872.787000000000734
878.811000000000739
880.19300000000074
888.248000000000747
890.198000000000749
896.401000000000754
897.118000000000755
906.353000000000763
907.260000000000764
912.398000000000769
914.13200000000077
915.486000000000771
916.235000000000772
922.460000000000778
924.020000000000779
100
-1
6.59800000000000012
13.05900000000000026
24.0909999999999935
31.3419999999999873
37.4519999999999916
49.8420000000000026
57.8700000000000098
65.2420000000000163
78.473000000000028
85.123000000000034
92.3370000000000404
102.6970000000000496
109.5610000000000557
116.6290000000000619
123.5550000000000681
133.926000000000077
142.255000000000085
149.469000000000091
157.541000000000098
176.663000000000115
182.798000000000121
190.289000000000127
198.699000000000135
207.919000000000143
224.861000000000158
230.813000000000163
239.195000000000171
244.988000000000176
252.597000000000183
261.694000000000191
270.322000000000198
278.956000000000206
285.744000000000212
296.395000000000222
302.864000000000227
309.925000000000234
315.766000000000239
322.486000000000245
334.438000000000255
340.583000000000261
348.153000000000268
356.584000000000275
365.044000000000283
371.718000000000288
379.792000000000296
387.933000000000303
395.62100000000031
418.68400000000033
431.367000000000341
440.307000000000349
447.702000000000356
454.542000000000362
461.786000000000368
470.749000000000376
479.332000000000384
486.05700000000039
494.451000000000398
503.306000000000405
510.070000000000411
520.483000000000421
529.365000000000428
535.864000000000434
544.492000000000442
551.279000000000448
558.378000000000454
566.135000000000461
576.21500000000047
583.584000000000477
590.192000000000482
597.213000000000489
604.514000000000495
613.962000000000504
623.571000000000512
630.052000000000518
638.769000000000526
667.462000000000551
675.883000000000559
681.744000000000564
688.95100000000057
697.073000000000577
703.466000000000583
710.389000000000589
716.941000000000595
726.981000000000604
737.000000000000613
744.58200000000062
771.747000000000644
806.891000000000675
820.502000000000687
831.284000000000697
838.886000000000703
846.14900000000071
853.581000000000716
872.787000000000734
880.19300000000074
890.198000000000749
897.118000000000755
907.260000000000764
915.486000000000771
924.020000000000779
2
0
5000
0
0
0
0
2700
99
0
0
0
0
0
0
924.020000000000779
0
0
0
0
0
0
