11
29
19
11
29
19
cPPR1.14
PR3_day5
0
4
10
43
54
11
48
10
23
3
.3
1
754
1
23
1
1
1
1
1
1
1
1
1
1
1
1
1
1
1
1
1
1
1
1
1
184
753
-1
0.803
9.36100000000000018
10.3260000000000002
14.15500000000000028
32.5519999999999873
52.7090000000000052
53.2940000000000057
54.2840000000000066
54.8610000000000071
56.4680000000000085
57.1210000000000091
57.5290000000000094
62.9310000000000142
80.4490000000000298
81.8540000000000311
83.4780000000000325
84.9210000000000338
85.5700000000000344
85.7230000000000345
86.1180000000000348
88.4680000000000369
89.1840000000000376
95.5510000000000432
96.0370000000000436
96.7800000000000443
98.735000000000046
102.3310000000000492
102.8850000000000497
103.3960000000000502
103.5860000000000504
104.8110000000000514
106.9530000000000534
107.5980000000000539
108.8800000000000551
109.3060000000000554
114.39100000000006
115.4910000000000609
150.567000000000092
151.996000000000093
152.445000000000094
153.176000000000094
154.932000000000096
155.362000000000096
155.995000000000097
156.482000000000097
157.620000000000098
158.388000000000099
159.5680000000001
159.9570000000001
161.316000000000102
161.572000000000102
161.997000000000102
169.734000000000109
171.817000000000111
172.184000000000111
173.418000000000112
174.496000000000113
175.701000000000114
176.517000000000115
181.057000000000119
182.738000000000121
183.132000000000121
183.448000000000121
183.650000000000121
184.398000000000122
185.690000000000123
186.787000000000124
187.735000000000125
188.288000000000126
189.071000000000126
191.013000000000128
216.444000000000151
216.870000000000151
217.717000000000152
218.020000000000152
222.237000000000156
224.455000000000158
224.726000000000158
225.175000000000158
225.302000000000158
225.870000000000159
226.69200000000016
227.59000000000016
228.752000000000162
229.689000000000162
231.783000000000164
232.993000000000165
234.212000000000166
234.874000000000167
235.057000000000167
240.068000000000172
241.431000000000173
243.068000000000174
252.116000000000182
252.748000000000183
253.361000000000183
253.911000000000184
254.911000000000185
257.083000000000187
260.021000000000189
261.837000000000191
262.688000000000192
263.763000000000193
263.990000000000193
264.184000000000193
264.792000000000194
266.580000000000195
266.833000000000195
267.381000000000196
268.402000000000197
268.892000000000197
269.697000000000198
270.297000000000198
270.652000000000199
271.5390000000002
273.334000000000201
274.294000000000202
274.580000000000202
316.325000000000239
317.00300000000024
318.723000000000241
319.188000000000242
320.449000000000243
320.788000000000243
321.161000000000244
321.850000000000244
323.232000000000245
325.133000000000247
326.707000000000248
327.092000000000249
327.352000000000249
328.27600000000025
329.002000000000251
329.468000000000251
331.453000000000253
332.679000000000254
334.253000000000255
334.439000000000255
335.698000000000256
337.383000000000258
340.683000000000261
341.271000000000261
342.985000000000263
343.830000000000264
344.189000000000264
349.065000000000268
361.500000000000279
362.821000000000281
363.364000000000281
364.520000000000282
369.057000000000286
370.250000000000287
370.607000000000288
370.929000000000288
371.283000000000288
373.67300000000029
377.791000000000294
378.105000000000294
378.673000000000295
401.833000000000315
402.383000000000316
402.700000000000316
403.161000000000316
403.456000000000317
403.973000000000317
404.600000000000318
405.638000000000319
406.080000000000319
407.44200000000032
407.76300000000032
408.476000000000321
409.659000000000322
410.640000000000323
412.704000000000325
413.011000000000325
414.127000000000326
414.564000000000327
424.891000000000336
425.999000000000337
426.287000000000337
426.611000000000337
427.390000000000338
427.658000000000338
429.17800000000034
434.698000000000344
435.318000000000345
435.574000000000345
435.903000000000346
436.695000000000346
489.279000000000393
490.168000000000394
491.617000000000395
492.273000000000396
494.674000000000398
498.433000000000401
498.788000000000401
499.123000000000402
501.392000000000404
502.175000000000404
503.173000000000405
503.472000000000406
503.861000000000406
504.211000000000406
505.054000000000407
505.496000000000407
506.008000000000408
506.277000000000408
507.203000000000409
507.315000000000409
508.07700000000041
508.82500000000041
509.329000000000411
541.057000000000439
541.649000000000439
542.39900000000044
543.302000000000441
544.459000000000442
544.814000000000442
545.640000000000443
545.877000000000443
546.290000000000444
546.763000000000444
547.045000000000444
548.458000000000445
549.743000000000447
550.252000000000447
550.769000000000448
552.719000000000449
553.40800000000045
554.189000000000451
555.077000000000451
556.597000000000453
557.819000000000454
563.146000000000458
564.48100000000046
566.954000000000462
567.241000000000462
568.982000000000464
571.811000000000466
573.335000000000468
574.376000000000468
575.354000000000469
576.29000000000047
576.47400000000047
579.140000000000473
579.993000000000473
581.763000000000475
582.531000000000476
583.155000000000476
598.50600000000049
600.069000000000491
600.499000000000492
613.234000000000503
620.119000000000509
620.76800000000051
629.908000000000518
630.888000000000519
632.94500000000052
636.343000000000524
636.913000000000524
639.201000000000526
640.391000000000527
641.345000000000528
641.688000000000528
643.96000000000053
644.734000000000531
645.008000000000531
650.037000000000536
650.271000000000536
650.687000000000536
650.962000000000536
651.758000000000537
652.200000000000538
654.74100000000054
655.525000000000541
655.687000000000541
656.078000000000541
656.800000000000542
658.253000000000543
658.664000000000543
660.970000000000545
662.953000000000547
663.867000000000548
664.044000000000548
664.405000000000548
664.842000000000549
665.403000000000549
665.67700000000055
666.06300000000055
691.456000000000572
693.923000000000575
695.460000000000576
695.887000000000576
696.182000000000577
697.592000000000578
698.238000000000578
701.695000000000582
781.148000000000652
809.234000000000677
816.879000000000684
817.408000000000684
826.720000000000693
828.769000000000694
831.893000000000697
834.109000000000699
837.551000000000702
837.891000000000702
838.485000000000703
841.427000000000706
906.094000000000763
908.236000000000765
942.341000000000795
1026.66600000000087
1029.96400000000087
1030.84900000000087
1034.13400000000088
1034.84800000000088
1035.15500000000088
1035.29400000000088
1037.26400000000088
1052.58900000000089
1055.7760000000009
1056.5300000000009
1057.1190000000009
1057.2960000000009
1057.5820000000009
1058.0470000000009
1058.5080000000009
1060.2810000000009
1061.3660000000009
1061.8340000000009
1063.3780000000009
1098.41600000000093
1101.60800000000094
1103.20700000000094
1104.53600000000094
1105.13900000000094
1105.30900000000094
1105.83600000000094
1107.04800000000094
1108.76100000000094
1109.55000000000094
1109.86200000000094
1110.67700000000094
1111.89000000000095
1113.20600000000095
1113.74100000000095
1114.34500000000095
1114.83300000000095
1115.14600000000095
1116.00200000000095
1116.74100000000095
1116.98100000000095
1118.45000000000095
1119.76900000000095
1119.94200000000095
1120.58000000000095
1121.42100000000095
1121.76700000000095
1122.05500000000095
1123.87500000000096
1125.88700000000096
1126.52100000000096
1127.33700000000096
1127.57200000000096
1127.79800000000096
1136.11600000000097
1136.36700000000097
1138.07400000000097
1138.35700000000097
1144.81700000000098
1146.77200000000098
1146.95300000000098
1147.82400000000098
1147.96700000000098
1152.92200000000098
1153.16900000000098
1154.39900000000098
1269.46300000000109
1270.56700000000109
1272.78800000000109
1273.18800000000109
1274.00700000000109
1274.36700000000109
1276.30000000000109
1276.73400000000109
1278.30900000000109
1278.81200000000109
1278.97600000000109
1281.1400000000011
1281.9500000000011
1283.5850000000011
1283.8780000000011
1284.7260000000011
1295.23700000000111
1296.12900000000111
1296.93500000000111
1297.22900000000111
1298.75900000000111
1299.50300000000111
1299.90400000000111
1300.21300000000111
1300.47500000000111
1300.84500000000111
1302.48500000000112
1302.92400000000112
1303.32100000000112
1305.35600000000112
1306.25200000000112
1306.89200000000112
1307.04100000000112
1307.67000000000112
1307.94700000000112
1308.11200000000112
1308.29000000000112
1308.66800000000112
1310.16800000000112
1310.40100000000112
1314.52100000000113
1314.90000000000113
1315.15200000000113
1315.55600000000113
1316.19200000000113
1317.32100000000113
1318.35700000000113
1320.60300000000113
1321.56400000000113
1338.27500000000115
1338.81700000000115
1339.92000000000115
1345.10300000000115
1345.59200000000115
1360.04100000000117
1360.74800000000117
1361.45300000000117
1362.00400000000117
1362.41400000000117
1364.84700000000117
1365.76000000000117
1367.45700000000117
1368.23200000000117
1369.30400000000117
1369.57400000000117
1371.05200000000118
1371.58500000000118
1371.89800000000118
1374.13400000000118
1378.08300000000118
1379.36900000000118
1381.04000000000118
1381.47300000000119
1381.71400000000119
1382.61500000000119
1384.07700000000119
1387.35700000000119
1389.13200000000119
1389.29500000000119
1389.50000000000119
1390.13300000000119
1390.46900000000119
1393.9760000000012
1394.4680000000012
1394.9420000000012
1396.2720000000012
1398.1590000000012
1399.5380000000012
1400.3160000000012
1403.7260000000012
1406.79400000000121
1407.06200000000121
1407.67800000000121
1408.35200000000121
1408.74100000000121
1408.87800000000121
1409.97500000000121
1410.64000000000121
1411.25900000000121
1412.15100000000121
1412.79900000000121
1478.39200000000127
1481.68500000000127
1482.65900000000128
1486.00500000000128
1489.87900000000128
1491.12700000000128
1491.64400000000128
1492.22300000000128
1493.62000000000128
1496.45400000000129
1498.31000000000129
1498.59400000000129
1499.26700000000129
1499.65100000000129
1499.96600000000129
1500.23400000000129
1501.02500000000129
1501.70200000000129
1502.01100000000129
1502.40500000000129
1502.78100000000129
1503.18800000000129
1504.62600000000129
1505.2940000000013
1505.7940000000013
1508.4660000000013
1508.7280000000013
1509.1110000000013
1509.6190000000013
1510.0310000000013
1510.3120000000013
1510.5440000000013
1511.2410000000013
1511.7150000000013
1512.1930000000013
1513.4060000000013
1514.4340000000013
1514.9980000000013
1515.7750000000013
1516.0510000000013
1517.41500000000131
1518.22800000000131
1518.93200000000131
1519.30600000000131
1524.40100000000131
1525.01100000000131
1525.55500000000131
1525.84700000000131
1526.33800000000131
1527.24900000000131
1530.95700000000132
1531.71400000000132
1531.86300000000132
1532.20500000000132
1532.61800000000132
1583.09800000000136
1585.00300000000137
1588.69100000000137
1588.84000000000137
1589.71400000000137
1592.60300000000137
1592.94400000000137
1593.54500000000137
1593.72200000000137
1594.01200000000137
1594.31500000000137
1594.93100000000137
1602.62700000000138
1603.00500000000138
1603.18100000000138
1606.33900000000138
1606.76200000000139
1607.08700000000139
1608.63100000000139
1609.64400000000139
1610.35400000000139
1612.34000000000139
1612.89500000000139
1613.35800000000139
1615.78600000000139
1616.70800000000139
1618.6360000000014
1619.5630000000014
1620.9090000000014
1621.3690000000014
1621.8200000000014
1622.2650000000014
1622.5660000000014
1624.0360000000014
1624.9120000000014
1625.2210000000014
1626.0000000000014
1626.1380000000014
1631.59600000000141
1632.06800000000141
1632.68000000000141
1632.99300000000141
1633.22300000000141
1634.32700000000141
1635.08900000000141
1636.87200000000141
1637.42200000000141
1637.58000000000141
1639.59100000000141
1640.44500000000142
1641.15600000000142
1641.70900000000142
1642.77800000000142
1645.27300000000142
1649.37600000000142
1650.25000000000142
1650.79500000000142
1656.96700000000143
1799.63200000000156
1801.23500000000156
1802.29600000000156
1806.00700000000156
1807.89300000000156
1808.71500000000156
1810.78800000000157
1813.17500000000157
1814.10500000000157
1815.48100000000157
1815.76400000000157
1819.75600000000157
1824.14200000000158
1825.01300000000158
1825.90200000000158
1828.01800000000158
1828.67500000000158
1829.06700000000158
1829.76700000000158
1830.63900000000158
1831.60500000000158
1832.50300000000159
1833.30200000000159
1834.41100000000159
1835.05900000000159
1837.34200000000159
1838.18200000000159
1839.14100000000159
1839.67800000000159
1839.85100000000159
1839.97500000000159
1840.40700000000159
1842.8610000000016
1843.6430000000016
1843.9440000000016
1844.7790000000016
1844.9490000000016
1845.1640000000016
1845.5780000000016
1845.7760000000016
1846.2220000000016
1849.8060000000016
1850.0970000000016
1850.2880000000016
1850.7120000000016
1852.6550000000016
1853.0730000000016
1854.1030000000016
1855.39600000000161
1856.95900000000161
1857.87500000000161
1858.52800000000161
1859.45700000000161
1859.72600000000161
1860.44100000000161
1862.02800000000161
1862.28900000000161
1862.47900000000161
1862.98900000000161
1869.14600000000162
1870.57000000000162
1888.23100000000164
1888.62700000000164
1925.84700000000167
1926.67600000000167
1927.22900000000167
1927.37600000000167
1927.52700000000167
1927.94400000000167
1930.99100000000167
1954.64600000000169
1956.0840000000017
1957.7000000000017
1961.0150000000017
1961.2310000000017
1961.8670000000017
1963.5370000000017
1964.0230000000017
1964.4570000000017
1964.9450000000017
1965.8370000000017
1965.9950000000017
1966.3600000000017
1966.97100000000171
1967.80200000000171
1968.53300000000171
1970.50700000000171
1970.96900000000171
1974.94500000000171
1975.92500000000171
1976.16300000000171
1977.84200000000171
1978.16100000000172
1980.11500000000172
1981.63800000000172
1981.98800000000172
1982.40700000000172
1983.29900000000172
1983.52300000000172
1984.06700000000172
1985.86300000000172
1988.69500000000172
1989.85200000000173
1990.95800000000173
1992.54600000000173
1993.13900000000173
1993.43300000000173
1994.45800000000173
1995.56600000000173
1998.70100000000173
2000.17200000000173
2000.44100000000174
2000.61400000000174
2000.86500000000174
2001.30100000000174
2001.71800000000174
2002.42100000000174
2003.06300000000174
2003.53600000000174
2004.55800000000174
2005.41900000000174
2006.06900000000174
2006.19400000000174
2006.36200000000174
2006.60100000000174
2022.62700000000175
2022.94600000000176
2023.87100000000176
2026.88400000000176
2027.16800000000176
2027.48800000000176
2027.78600000000176
2027.99800000000176
2029.27800000000176
2030.63700000000176
2033.05700000000176
2033.36600000000176
2033.53000000000176
2033.69500000000176
2034.43500000000177
2034.72700000000177
2035.01100000000177
2035.44300000000177
2036.33600000000177
2039.66000000000177
2039.97500000000177
2040.55000000000177
2040.80800000000177
2044.94700000000177
2045.39900000000178
2046.24100000000178
2046.48500000000178
2046.66800000000178
2047.14500000000178
2049.85500000000157
2052.27800000000131
2052.75800000000125
2053.09900000000122
2053.64300000000116
2054.37000000000108
2122.19099999999361
22
-1
0.804
32.5529999999999873
57.5300000000000094
89.1850000000000376
109.3070000000000554
161.998000000000102
191.014000000000128
243.069000000000174
274.581000000000202
349.066000000000268
414.565000000000327
508.82600000000041
583.156000000000476
666.06400000000055
1063.3790000000009
1154.40000000000098
1321.56500000000113
1412.80000000000121
1532.61900000000132
1656.96800000000143
1870.57100000000162
2006.60200000000174
0
0
5000
0
0
0
0
7200
0
0
0
0
0
23
0
3806.70299999980808
1800.00000000000156
1800
0
67
0
1
4
7
10
13
16
19
22
25
28
31
34
37
40
43
46
49
52
55
58
61
64
67
70
73
76
79
82
85
88
91
94
97
100
103
106
109
112
115
118
121
124
127
130
133
136
139
142
145
148
151
154
157
160
163
166
169
172
175
178
181
184
187
190
193
196
199
202
205
208
211
214
217
220
223
226
229
232
235
238
241
244
247
250
253
256
259
262
265
268
271
274
277
280
283
286
289
292
295
298
301
304
307
310
313
316
319
322
325
328
331
334
337
340
343
346
349
352
355
358
361
364
367
370
373
376
379
382
385
388
391
394
397
400
403
406
409
412
415
418
421
424
427
430
433
436
439
442
445
448
451
454
457
460
463
466
469
472
475
478
481
484
487
490
493
496
499
502
505
508
511
514
517
520
523
526
529
532
535
538
541
544
547
550
