11
22
19
11
22
19
cPPR1.12
FR5_day5
0
2
10
14
50
10
43
16
24
2
.3
1
617
1
101
1
1
1
1
1
1
1
1
1
1
1
1
1
1
1
1
1
1
1
1
1
1
616
-1
1.29100000000000001
3.12900000000000005
3.44500000000000006
4.11300000000000007
33.0109999999999877
33.2989999999999879
36.1389999999999904
37.0989999999999913
37.6959999999999918
38.2229999999999923
38.8939999999999929
39.5389999999999935
39.9429999999999938
40.8339999999999946
43.466999999999997
43.7769999999999972
48.8200000000000017
50.1530000000000029
51.3020000000000039
52.3750000000000049
53.2570000000000057
68.0390000000000188
69.0950000000000197
69.8920000000000204
70.2670000000000208
70.8070000000000212
75.2450000000000252
75.9870000000000258
76.4000000000000262
77.7730000000000274
77.9090000000000276
78.8960000000000284
79.4170000000000289
79.7000000000000291
82.6340000000000318
82.871000000000032
83.6880000000000327
84.3230000000000332
84.6500000000000335
84.9880000000000338
85.8000000000000346
86.8450000000000355
88.3000000000000368
88.536000000000037
106.604000000000053
107.4970000000000538
109.6860000000000558
111.102000000000057
111.6210000000000575
127.7670000000000718
127.960000000000072
128.453000000000072
128.835000000000073
129.564000000000073
157.020000000000098
157.938000000000099
158.106000000000099
159.5140000000001
159.9070000000001
162.148000000000102
162.461000000000103
162.887000000000103
163.126000000000103
163.396000000000103
163.730000000000104
164.395000000000104
164.802000000000105
164.994000000000105
165.671000000000106
167.082000000000107
167.750000000000107
168.668000000000108
169.210000000000109
180.331000000000119
181.47200000000012
182.660000000000121
183.153000000000121
183.978000000000122
186.690000000000124
188.314000000000126
188.959000000000126
189.355000000000127
191.241000000000128
192.206000000000129
192.638000000000129
192.90200000000013
204.76700000000014
205.360000000000141
205.833000000000141
206.555000000000142
206.927000000000142
207.233000000000142
211.175000000000146
212.898000000000147
213.437000000000148
214.107000000000149
215.000000000000149
216.02800000000015
216.30900000000015
220.752000000000154
221.317000000000155
221.644000000000155
222.428000000000156
223.317000000000157
223.529000000000157
223.830000000000157
226.72100000000016
227.731000000000161
227.964000000000161
228.251000000000161
228.614000000000161
229.747000000000162
230.250000000000163
230.890000000000163
231.518000000000164
232.347000000000165
234.834000000000167
236.144000000000168
236.523000000000168
236.871000000000169
237.045000000000169
237.453000000000169
238.03000000000017
238.75000000000017
239.369000000000171
239.717000000000171
239.981000000000172
243.166000000000174
244.207000000000175
244.681000000000176
244.861000000000176
246.231000000000177
246.762000000000178
247.008000000000178
248.472000000000179
249.41200000000018
253.276000000000183
253.602000000000184
254.479000000000184
256.015000000000186
256.895000000000186
257.065000000000187
257.889000000000187
260.239000000000189
263.485000000000192
264.324000000000193
266.800000000000195
267.145000000000196
268.997000000000197
270.010000000000198
270.241000000000198
274.002000000000202
274.394000000000202
275.337000000000203
275.526000000000203
276.034000000000204
276.804000000000204
278.787000000000206
282.129000000000209
285.175000000000212
286.318000000000213
286.669000000000213
286.946000000000213
288.599000000000215
290.762000000000217
291.714000000000217
291.959000000000218
294.22100000000022
298.949000000000224
299.565000000000224
300.480000000000225
301.001000000000226
301.230000000000226
302.712000000000227
303.072000000000228
319.037000000000242
319.303000000000242
320.117000000000243
323.106000000000245
324.133000000000246
329.263000000000251
332.376000000000254
332.950000000000254
333.679000000000255
335.891000000000257
336.270000000000257
340.230000000000261
340.759000000000261
341.371000000000262
341.974000000000262
342.314000000000262
342.558000000000263
343.224000000000263
344.901000000000265
348.631000000000268
355.177000000000274
355.994000000000275
356.497000000000275
358.145000000000276
358.955000000000277
359.561000000000278
364.292000000000282
364.968000000000282
365.535000000000283
366.545000000000284
366.789000000000284
369.883000000000287
370.616000000000288
370.778000000000288
371.200000000000288
371.763000000000289
372.632000000000289
373.16200000000029
374.223000000000291
374.515000000000291
375.669000000000292
380.118000000000296
381.048000000000297
381.492000000000297
382.453000000000298
383.743000000000299
384.005000000000299
387.698000000000303
389.913000000000305
390.867000000000306
391.598000000000306
392.297000000000307
392.811000000000307
393.083000000000307
409.469000000000322
410.265000000000323
411.525000000000324
413.194000000000325
413.541000000000326
418.19700000000033
419.00700000000033
419.942000000000331
420.649000000000332
422.456000000000334
426.222000000000337
429.050000000000339
431.199000000000341
431.518000000000342
431.821000000000342
432.079000000000342
432.477000000000342
432.855000000000343
438.699000000000348
442.046000000000351
442.702000000000352
443.012000000000352
444.318000000000353
449.862000000000358
450.547000000000358
450.998000000000359
451.314000000000359
452.794000000000361
458.295000000000365
459.456000000000366
459.781000000000367
461.389000000000368
463.17400000000037
466.639000000000373
468.130000000000374
468.879000000000375
469.156000000000375
471.132000000000377
471.541000000000377
472.000000000000378
487.896000000000392
488.259000000000392
488.507000000000392
489.538000000000393
490.108000000000394
494.879000000000398
495.269000000000398
495.632000000000399
496.086000000000399
496.7770000000004
497.7390000000004
498.147000000000401
504.641000000000407
504.918000000000407
505.353000000000407
506.185000000000408
507.127000000000409
512.186000000000413
512.596000000000414
514.191000000000415
514.603000000000415
516.524000000000417
517.649000000000418
521.514000000000422
523.106000000000423
523.576000000000423
524.052000000000424
525.572000000000425
526.105000000000426
532.895000000000432
537.500000000000436
539.821000000000438
542.01100000000044
542.85400000000044
543.146000000000441
547.626000000000445
548.778000000000446
549.083000000000446
549.495000000000446
550.393000000000447
552.145000000000449
557.920000000000454
558.563000000000454
562.917000000000458
563.621000000000459
565.03100000000046
571.853000000000466
574.260000000000468
575.482000000000469
576.832000000000471
578.567000000000472
584.502000000000478
585.185000000000478
586.315000000000479
587.12200000000048
587.68000000000048
588.094000000000481
593.424000000000485
595.256000000000487
597.225000000000489
598.20600000000049
599.09800000000049
603.415000000000494
603.800000000000495
607.826000000000498
608.307000000000499
608.926000000000499
610.1760000000005
613.030000000000503
618.131000000000507
623.756000000000512
624.779000000000513
625.320000000000514
625.735000000000514
626.005000000000514
629.157000000000517
630.101000000000518
630.857000000000519
631.350000000000519
633.125000000000521
634.068000000000522
635.564000000000523
636.483000000000524
636.996000000000524
639.991000000000527
640.259000000000527
640.793000000000527
642.155000000000529
644.19000000000053
644.631000000000531
644.791000000000531
647.891000000000534
671.653000000000555
672.630000000000556
674.349000000000557
675.114000000000558
675.991000000000559
683.016000000000565
683.405000000000565
684.169000000000566
686.789000000000568
688.12800000000057
693.878000000000575
694.427000000000575
695.880000000000576
696.033000000000576
696.408000000000577
696.689000000000577
743.648000000000619
744.043000000000619
744.93900000000062
746.163000000000621
747.149000000000622
752.728000000000627
753.731000000000628
755.158000000000629
756.31800000000063
757.784000000000631
763.284000000000636
764.794000000000638
765.124000000000638
765.459000000000638
766.442000000000639
766.758000000000639
773.488000000000645
774.247000000000646
774.523000000000646
775.399000000000647
777.014000000000648
782.788000000000654
783.289000000000654
783.921000000000655
785.215000000000656
786.288000000000657
787.184000000000657
791.907000000000662
801.69800000000067
802.668000000000671
803.590000000000672
804.297000000000673
816.517000000000684
817.274000000000684
819.062000000000686
821.959000000000688
824.15200000000069
828.657000000000694
829.069000000000695
829.857000000000695
830.313000000000696
830.979000000000696
833.045000000000698
833.962000000000699
834.238000000000699
842.404000000000706
843.557000000000708
844.305000000000708
845.523000000000709
845.98500000000071
850.420000000000714
854.702000000000717
855.755000000000718
856.269000000000719
857.34200000000072
858.207000000000721
861.387000000000723
863.104000000000725
863.441000000000725
863.534000000000725
864.805000000000726
866.207000000000728
866.669000000000728
872.590000000000733
874.508000000000735
877.418000000000738
878.958000000000739
880.983000000000741
885.539000000000745
885.929000000000745
886.727000000000746
887.410000000000746
887.944000000000747
888.843000000000748
889.692000000000749
898.407000000000756
900.896000000000758
903.415000000000761
904.817000000000762
909.022000000000766
909.374000000000766
916.288000000000772
917.076000000000773
917.550000000000773
919.267000000000775
919.898000000000775
925.30300000000078
927.946000000000782
928.289000000000783
928.850000000000783
929.493000000000784
935.194000000000789
940.725000000000794
941.149000000000794
942.647000000000796
943.177000000000796
972.747000000000822
973.530000000000823
974.117000000000824
974.555000000000824
974.897000000000824
975.049000000000824
982.942000000000831
983.848000000000832
984.228000000000832
985.597000000000834
985.987000000000834
993.805000000000841
995.511000000000843
996.255000000000843
998.679000000000845
999.606000000000846
999.840000000000846
1006.399000000000852
1007.197000000000853
1007.728000000000853
1008.041000000000854
1012.236000000000857
1018.588000000000863
1018.989000000000863
1019.350000000000864
1021.366000000000865
1021.986000000000866
1031.05500000000087
1032.89800000000088
1033.56700000000088
1037.21300000000088
1038.40200000000088
1045.99200000000089
1047.33200000000089
1047.64000000000089
1050.16900000000089
1052.09500000000089
1064.4170000000009
1065.1090000000009
1066.82500000000091
1069.15800000000091
1071.75000000000091
1078.94400000000092
1080.16400000000092
1080.62600000000092
1082.48100000000092
1084.88900000000092
1092.18700000000093
1092.87600000000093
1097.52200000000093
1100.46000000000094
1104.80500000000094
1110.60100000000094
1111.75600000000095
1112.50300000000095
1113.16600000000095
1115.57500000000095
1125.12900000000096
1125.77100000000096
1127.92300000000096
1131.90300000000096
1132.45300000000096
1138.96400000000097
1139.70300000000097
1139.96100000000097
1140.24700000000097
1141.51600000000097
1149.92700000000098
1151.98900000000098
1153.71800000000098
1154.24300000000098
1154.86800000000098
1302.74800000000112
1304.71400000000112
1305.15000000000112
1305.52700000000112
1308.00300000000112
1316.00900000000113
1316.53500000000113
1320.09400000000113
1320.69800000000113
1321.26000000000113
1341.25900000000115
1343.23600000000115
1343.87400000000115
1347.73600000000116
1348.12900000000116
1348.48500000000116
1356.84700000000116
1358.33700000000116
1371.12400000000118
1371.50600000000118
1398.4820000000012
1398.9940000000012
1406.15500000000121
1407.83200000000121
1409.02500000000121
1410.40600000000121
1411.28300000000121
1416.80800000000122
1417.86600000000122
1419.03000000000122
1419.74500000000122
1421.46100000000122
1427.73000000000123
1432.82900000000123
1433.64500000000123
1434.56900000000123
1435.22800000000123
1440.06500000000124
1440.97400000000124
1441.40500000000124
1442.17900000000124
1443.58300000000124
1445.04000000000124
1445.35500000000124
1451.38900000000125
1458.62200000000125
1460.13500000000126
1461.69500000000126
1464.32800000000126
1468.77200000000126
1469.29400000000126
1470.78400000000126
1472.10700000000127
1473.33000000000127
1474.73200000000127
1475.03500000000127
1481.14400000000127
1482.47200000000128
1482.77900000000128
1484.01200000000128
1486.62800000000128
1499.12400000000129
1499.89400000000129
1500.31400000000129
1502.91600000000129
1503.82400000000129
1511.0760000000013
1512.8980000000013
1516.2630000000013
1517.34200000000131
1518.58800000000131
100
-1
33.0109999999999877
40.8339999999999946
53.2570000000000057
70.8070000000000212
79.4170000000000289
88.3000000000000368
111.6210000000000575
129.564000000000073
159.9070000000001
169.210000000000109
183.978000000000122
192.90200000000013
206.927000000000142
216.02800000000015
223.529000000000157
232.347000000000165
239.981000000000172
249.41200000000018
260.239000000000189
270.241000000000198
282.129000000000209
294.22100000000022
302.712000000000227
324.133000000000246
336.270000000000257
344.901000000000265
358.955000000000277
366.789000000000284
375.669000000000292
384.005000000000299
392.811000000000307
413.541000000000326
426.222000000000337
432.855000000000343
444.318000000000353
452.794000000000361
463.17400000000037
472.000000000000378
490.108000000000394
498.147000000000401
507.127000000000409
517.649000000000418
526.105000000000426
542.85400000000044
552.145000000000449
565.03100000000046
578.567000000000472
587.68000000000048
599.09800000000049
613.030000000000503
626.005000000000514
636.483000000000524
647.891000000000534
675.991000000000559
688.12800000000057
696.408000000000577
747.149000000000622
757.784000000000631
766.442000000000639
777.014000000000648
786.288000000000657
804.297000000000673
824.15200000000069
833.962000000000699
845.98500000000071
858.207000000000721
866.669000000000728
880.983000000000741
889.692000000000749
909.022000000000766
919.898000000000775
929.493000000000784
943.177000000000796
974.897000000000824
985.987000000000834
999.606000000000846
1012.236000000000857
1021.986000000000866
1038.40200000000088
1052.09500000000089
1071.75000000000091
1084.88900000000092
1104.80500000000094
1115.57500000000095
1132.45300000000096
1141.51600000000097
1154.86800000000098
1308.00300000000112
1321.26000000000113
1348.12900000000116
1398.4820000000012
1411.28300000000121
1421.46100000000122
1435.22800000000123
1445.04000000000124
1464.32800000000126
1475.03500000000127
1486.62800000000128
1503.82400000000129
1518.58800000000131
5
0
5000
0
0
0
0
2700
99
0
0
0
0
0
0
1518.58800000000131
0
0
0
0
0
0
