11
18
19
11
18
19
cPPR1.13
FR5_day1
0
3
10
50
03
11
35
49
24
2
.3
1
504
1
82
1
1
1
1
1
1
1
1
1
1
1
1
1
1
1
1
1
1
1
1
1
1
503
-1
1.00600000000000001
1.65700000000000002
2.41500000000000004
4.49000000000000008
4.78300000000000009
8.51400000000000016
8.83200000000000017
9.40600000000000018
9.67000000000000019
10.59600000000000021
10.82900000000000021
11.08500000000000022
11.57400000000000023
20.4579999999999965
22.6459999999999947
22.8769999999999945
23.5759999999999939
24.8119999999999929
25.7179999999999921
25.9519999999999919
26.2609999999999916
26.7609999999999912
30.0579999999999884
32.7339999999999874
32.9559999999999876
33.2399999999999879
33.407999999999988
33.6749999999999883
36.1989999999999905
37.6449999999999918
38.4749999999999925
40.7209999999999945
41.0019999999999948
46.1319999999999993
47.4290000000000005
49.2720000000000021
50.0200000000000028
52.8950000000000053
53.3490000000000057
57.4310000000000094
70.0350000000000206
70.581000000000021
73.1060000000000233
73.957000000000024
74.5310000000000246
75.020000000000025
76.9220000000000267
79.6380000000000291
79.8570000000000293
80.3010000000000297
81.0760000000000304
82.6330000000000318
82.9910000000000321
86.5410000000000352
87.1130000000000357
87.400000000000036
87.6780000000000362
88.0720000000000366
88.552000000000037
89.1710000000000376
90.3970000000000386
91.7010000000000398
92.8810000000000408
105.9650000000000525
106.4010000000000529
106.7130000000000531
108.1010000000000544
108.9480000000000551
112.7170000000000585
113.0740000000000588
113.4340000000000591
113.6790000000000593
113.9640000000000596
114.5110000000000601
117.4950000000000627
117.763000000000063
119.4540000000000644
119.7170000000000647
122.1170000000000668
123.0690000000000677
123.3020000000000679
123.5590000000000681
125.1530000000000695
125.3970000000000697
125.70000000000007
126.1500000000000704
127.8310000000000719
138.624000000000081
139.381000000000082
143.141000000000085
143.440000000000086
144.821000000000087
149.881000000000091
150.095000000000092
150.473000000000092
151.387000000000093
153.682000000000095
155.120000000000096
160.325000000000101
160.660000000000101
160.842000000000101
161.063000000000101
161.360000000000102
161.718000000000102
165.358000000000105
165.840000000000106
166.066000000000106
166.291000000000106
167.497000000000107
168.107000000000108
171.768000000000111
171.983000000000111
172.224000000000111
175.931000000000115
176.427000000000115
176.745000000000115
179.922000000000118
180.141000000000118
180.394000000000119
181.148000000000119
184.983000000000123
188.256000000000126
190.170000000000127
190.396000000000127
192.548000000000129
193.03200000000013
195.411000000000132
198.079000000000134
215.024000000000149
215.161000000000149
217.525000000000152
218.764000000000153
222.402000000000156
230.168000000000163
230.680000000000163
231.336000000000164
231.735000000000164
234.765000000000167
238.40100000000017
239.002000000000171
239.345000000000171
242.413000000000174
242.922000000000174
245.905000000000177
246.213000000000177
246.514000000000177
249.59400000000018
250.407000000000181
250.627000000000181
250.919000000000181
253.696000000000184
254.003000000000184
254.260000000000184
256.031000000000186
256.287000000000186
259.437000000000189
261.708000000000191
261.961000000000191
262.230000000000191
266.445000000000195
266.858000000000195
270.730000000000199
271.6350000000002
271.9270000000002
272.1990000000002
273.753000000000201
275.282000000000203
275.957000000000203
278.354000000000206
280.941000000000208
282.500000000000209
285.754000000000212
286.755000000000213
287.322000000000214
290.428000000000216
290.681000000000216
294.23100000000022
295.10100000000022
296.681000000000222
296.998000000000222
297.440000000000223
297.825000000000223
298.888000000000224
303.670000000000228
305.026000000000229
305.283000000000229
305.74000000000023
311.396000000000235
314.599000000000238
318.983000000000242
319.192000000000242
319.773000000000242
320.033000000000243
321.344000000000244
324.246000000000246
326.223000000000248
380.401000000000296
383.219000000000299
383.652000000000299
384.5970000000003
386.119000000000301
386.514000000000302
389.435000000000304
390.027000000000305
391.161000000000306
394.653000000000309
396.19600000000031
396.811000000000311
397.258000000000311
397.989000000000312
399.208000000000313
401.252000000000315
403.865000000000317
406.033000000000319
408.101000000000321
408.634000000000321
411.460000000000324
411.925000000000324
413.054000000000325
417.581000000000329
417.91000000000033
418.73500000000033
419.738000000000331
420.753000000000332
429.93600000000034
430.505000000000341
435.367000000000345
436.927000000000346
437.350000000000347
438.047000000000347
441.24400000000035
441.877000000000351
446.961000000000355
448.592000000000357
448.856000000000357
450.509000000000358
450.824000000000359
453.558000000000361
458.395000000000366
459.727000000000367
460.267000000000367
460.540000000000367
460.958000000000368
463.19900000000037
468.683000000000375
470.997000000000377
471.267000000000377
475.18900000000038
475.550000000000381
480.986000000000386
481.475000000000386
482.097000000000386
482.813000000000387
483.189000000000388
490.127000000000394
490.583000000000394
490.875000000000394
494.802000000000398
495.206000000000398
503.086000000000405
503.833000000000406
504.156000000000406
504.822000000000407
513.687000000000415
518.772000000000419
519.95000000000042
520.33200000000042
523.054000000000423
523.639000000000423
524.988000000000425
528.205000000000427
530.51800000000043
530.91200000000043
533.809000000000432
534.039000000000433
534.515000000000433
539.899000000000438
540.296000000000438
541.391000000000439
543.767000000000441
544.196000000000442
549.556000000000446
550.053000000000447
550.429000000000447
552.358000000000449
553.87700000000045
558.132000000000454
560.830000000000456
561.251000000000457
561.803000000000457
563.670000000000459
564.126000000000459
569.335000000000464
570.940000000000465
571.716000000000466
575.82500000000047
577.488000000000471
583.544000000000477
584.600000000000478
585.011000000000478
586.744000000000479
587.08200000000048
590.832000000000483
593.430000000000485
594.073000000000486
594.453000000000486
597.350000000000489
598.25700000000049
602.927000000000494
604.995000000000496
605.721000000000496
607.853000000000498
608.229000000000499
609.9520000000005
613.694000000000503
614.347000000000504
631.496000000000519
633.993000000000521
634.550000000000522
636.413000000000524
636.702000000000524
641.269000000000528
641.528000000000528
641.925000000000528
643.18400000000053
644.19400000000053
645.083000000000531
648.038000000000534
650.971000000000536
654.97900000000054
655.624000000000541
656.277000000000541
658.459000000000543
660.225000000000545
664.335000000000548
666.73200000000055
667.262000000000551
668.135000000000552
670.232000000000554
672.548000000000556
676.236000000000559
679.711000000000562
680.297000000000563
683.395000000000565
684.773000000000566
685.613000000000567
689.538000000000571
692.707000000000574
693.422000000000574
693.711000000000574
694.534000000000575
695.330000000000576
698.947000000000579
701.401000000000581
701.750000000000582
702.105000000000582
702.571000000000582
717.887000000000596
724.380000000000602
724.852000000000602
725.391000000000603
728.219000000000605
729.151000000000606
732.555000000000609
734.16900000000061
734.831000000000611
735.373000000000611
737.258000000000613
738.837000000000614
739.369000000000615
742.897000000000618
747.698000000000622
748.205000000000623
749.145000000000624
751.747000000000626
752.366000000000627
760.716000000000634
763.400000000000636
765.173000000000638
769.661000000000642
769.977000000000642
774.206000000000646
775.963000000000648
776.298000000000648
781.035000000000652
781.484000000000652
785.264000000000656
790.12800000000066
790.734000000000661
792.193000000000662
793.052000000000663
793.694000000000663
797.551000000000667
800.76700000000067
802.360000000000671
803.745000000000672
804.373000000000673
804.647000000000673
806.663000000000675
807.991000000000676
827.812000000000694
828.734000000000694
828.831000000000694
829.143000000000695
834.128000000000699
841.798000000000706
843.096000000000707
843.587000000000708
844.865000000000709
845.420000000000709
855.792000000000718
856.167000000000719
856.903000000000719
858.215000000000721
860.353000000000722
865.297000000000727
868.172000000000729
869.966000000000731
870.954000000000732
872.572000000000733
873.542000000000734
883.366000000000743
886.847000000000746
887.290000000000746
889.976000000000749
890.96900000000075
894.649000000000753
899.039000000000757
902.81700000000076
903.481000000000761
905.340000000000762
908.430000000000765
914.791000000000771
917.320000000000773
921.720000000000777
926.134000000000781
926.707000000000781
932.924000000000787
935.317000000000789
937.334000000000791
937.758000000000791
939.998000000000793
948.718000000000801
950.199000000000802
959.32500000000081
963.770000000000814
967.105000000000817
973.923000000000823
977.032000000000826
978.829000000000828
979.507000000000828
1136.90300000000097
1153.51600000000098
1154.55100000000098
1158.21900000000099
1159.04400000000099
1161.82700000000099
1176.648000000001
1177.378000000001
1180.15600000000101
1181.69800000000101
1183.11400000000101
1264.37900000000108
1269.02700000000109
1273.73200000000109
1274.82300000000109
1275.81000000000109
1290.6160000000011
1291.33600000000111
1292.66800000000111
1296.21600000000111
1296.81000000000111
1310.78100000000112
1311.64200000000112
1312.36200000000112
1313.91900000000113
1316.31800000000113
1337.56500000000115
1340.50100000000115
1341.13700000000115
1345.96000000000115
1346.36800000000115
1359.65200000000117
1360.63100000000117
1361.73300000000117
1365.43300000000117
1365.97400000000117
1370.12100000000118
1374.38700000000118
1375.26000000000118
1376.28900000000118
1377.37400000000118
1378.33600000000118
1394.2260000000012
1394.6850000000012
1396.1030000000012
1396.9350000000012
1399.8940000000012
1415.47200000000122
1418.58900000000122
1419.05000000000122
1420.72900000000122
1428.40900000000123
81
-1
4.78300000000000009
20.4579999999999965
30.0579999999999884
41.0019999999999948
53.3490000000000057
74.5310000000000246
82.9910000000000321
92.8810000000000408
108.9480000000000551
119.7170000000000647
127.8310000000000719
144.821000000000087
155.120000000000096
161.718000000000102
172.224000000000111
184.983000000000123
198.079000000000134
222.402000000000156
234.765000000000167
246.514000000000177
256.287000000000186
266.858000000000195
278.354000000000206
290.681000000000216
298.888000000000224
314.599000000000238
380.401000000000296
391.161000000000306
401.252000000000315
413.054000000000325
430.505000000000341
441.877000000000351
453.558000000000361
463.19900000000037
475.550000000000381
483.189000000000388
495.206000000000398
513.687000000000415
524.988000000000425
534.515000000000433
544.196000000000442
553.87700000000045
564.126000000000459
577.488000000000471
587.08200000000048
598.25700000000049
609.9520000000005
636.702000000000524
648.038000000000534
660.225000000000545
672.548000000000556
685.613000000000567
695.330000000000576
717.887000000000596
729.151000000000606
739.369000000000615
752.366000000000627
769.977000000000642
785.264000000000656
797.551000000000667
807.991000000000676
834.128000000000699
845.420000000000709
860.353000000000722
873.542000000000734
890.96900000000075
908.430000000000765
926.707000000000781
939.998000000000793
967.105000000000817
1136.90300000000097
1161.82700000000099
1183.11400000000101
1275.81000000000109
1296.81000000000111
1316.31800000000113
1346.36800000000115
1365.97400000000117
1378.33600000000118
1399.8940000000012
1428.40900000000123
5
0
5000
0
0
0
0
2700
99
0
0
0
0
0
0
2700.79599999992988
0
0
0
0
0
0
