11
20
19
11
20
19
cPPR1.16
FR5_day3
0
2
11
28
41
11
57
02
24
2
.3
1
565
1
101
1
1
1
1
1
1
1
1
1
1
1
1
1
1
1
1
1
1
1
1
1
1
564
-1
21.8839999999999953
23.3399999999999941
23.8749999999999937
24.665999999999993
25.3039999999999924
57.8140000000000097
58.11800000000001
59.6960000000000114
60.1550000000000118
60.455000000000012
62.0400000000000135
65.8140000000000168
68.9960000000000196
69.43000000000002
70.488000000000021
70.7120000000000212
81.9570000000000311
82.3500000000000315
82.887000000000032
83.2850000000000323
86.8030000000000354
107.0240000000000534
107.7630000000000541
108.4520000000000547
109.943000000000056
136.99300000000008
142.551000000000085
144.515000000000087
145.295000000000087
147.380000000000089
148.812000000000091
149.607000000000091
155.563000000000097
155.953000000000097
156.215000000000097
158.384000000000099
159.7920000000001
200.907000000000137
201.884000000000138
207.662000000000143
208.944000000000144
211.765000000000146
213.096000000000148
217.177000000000151
220.598000000000154
221.198000000000155
221.487000000000155
224.338000000000158
224.451000000000158
232.958000000000165
233.406000000000166
234.021000000000166
234.757000000000167
235.690000000000168
240.298000000000172
240.773000000000172
241.213000000000173
242.206000000000173
242.611000000000174
242.932000000000174
243.885000000000175
249.00800000000018
249.29800000000018
249.96300000000018
250.486000000000181
268.830000000000197
272.3770000000002
276.213000000000204
277.957000000000205
278.488000000000206
280.514000000000208
280.625000000000208
285.257000000000212
285.682000000000212
290.922000000000217
292.420000000000218
293.306000000000219
294.63600000000022
297.356000000000222
297.794000000000223
302.546000000000227
303.928000000000228
311.303000000000235
313.414000000000237
314.924000000000238
316.012000000000239
320.177000000000243
320.520000000000243
320.830000000000243
323.872000000000246
326.467000000000248
329.182000000000251
329.774000000000251
330.609000000000252
335.576000000000256
335.876000000000257
336.588000000000257
337.228000000000258
337.524000000000258
339.29500000000026
343.213000000000263
344.483000000000264
344.620000000000264
344.961000000000265
347.256000000000267
350.34100000000027
350.50500000000027
351.22300000000027
360.722000000000279
361.99200000000028
363.755000000000281
364.356000000000282
364.829000000000282
387.425000000000302
388.152000000000303
388.456000000000303
390.556000000000305
390.907000000000306
395.41200000000031
396.613000000000311
397.461000000000311
398.245000000000312
399.127000000000313
399.721000000000313
406.165000000000319
406.577000000000319
407.14200000000032
408.355000000000321
409.006000000000322
413.964000000000326
415.038000000000327
415.631000000000328
415.886000000000328
416.708000000000328
417.826000000000329
424.135000000000335
425.995000000000337
427.100000000000338
427.458000000000338
428.505000000000339
433.997000000000344
435.286000000000345
435.879000000000345
436.257000000000346
437.498000000000347
437.929000000000347
443.837000000000353
461.037000000000368
461.837000000000369
463.92500000000037
464.938000000000371
473.468000000000379
473.863000000000379
475.587000000000381
476.046000000000381
477.452000000000382
478.173000000000383
482.679000000000387
483.907000000000388
484.241000000000388
484.951000000000389
485.373000000000389
490.886000000000394
491.779000000000395
492.751000000000396
493.465000000000397
497.3520000000004
501.289000000000404
502.101000000000404
502.574000000000405
503.234000000000405
505.170000000000407
506.477000000000408
507.310000000000409
515.657000000000416
516.499000000000417
516.861000000000417
517.818000000000418
518.897000000000419
520.37000000000042
522.017000000000422
523.316000000000423
524.518000000000424
524.992000000000425
527.705000000000427
528.128000000000427
529.313000000000428
530.295000000000429
535.690000000000434
537.436000000000436
538.742000000000437
541.283000000000439
542.18000000000044
548.167000000000445
549.673000000000447
550.374000000000447
552.255000000000449
553.82100000000045
559.210000000000455
559.527000000000455
559.936000000000456
561.293000000000457
562.447000000000458
566.982000000000462
567.385000000000462
568.364000000000463
568.805000000000464
569.457000000000464
571.835000000000466
572.829000000000467
588.804000000000481
589.722000000000482
590.578000000000483
590.859000000000483
597.329000000000489
598.53500000000049
606.083000000000497
607.393000000000498
607.776000000000498
610.3240000000005
611.569000000000502
612.363000000000502
620.86400000000051
622.909000000000512
626.247000000000515
627.492000000000516
628.797000000000517
629.254000000000517
643.77700000000053
645.218000000000531
646.196000000000532
649.958000000000536
651.468000000000537
652.316000000000538
659.115000000000544
660.522000000000545
663.089000000000547
664.263000000000548
664.651000000000549
675.897000000000559
676.88200000000056
677.42300000000056
679.393000000000562
680.055000000000562
686.922000000000568
687.384000000000569
687.817000000000569
688.98900000000057
690.884000000000572
692.226000000000573
698.887000000000579
699.83400000000058
702.958000000000583
704.881000000000584
707.987000000000587
715.500000000000594
715.925000000000594
717.834000000000596
718.495000000000596
719.877000000000598
733.23900000000061
734.15700000000061
737.275000000000613
737.682000000000614
738.637000000000614
740.017000000000616
746.940000000000622
748.064000000000623
748.783000000000623
749.584000000000624
750.854000000000625
751.203000000000626
751.926000000000626
756.65800000000063
758.285000000000632
758.782000000000632
761.152000000000634
762.686000000000636
763.900000000000637
772.923000000000645
773.942000000000646
774.124000000000646
776.012000000000648
777.494000000000649
778.149000000000649
787.397000000000658
788.295000000000658
790.16700000000066
790.956000000000661
791.681000000000661
808.545000000000676
808.940000000000677
809.864000000000678
810.678000000000678
811.027000000000679
816.631000000000684
817.558000000000684
818.024000000000685
818.820000000000686
820.580000000000687
829.383000000000695
830.484000000000696
831.175000000000696
834.223000000000699
834.8950000000007
835.2810000000007
843.333000000000707
844.180000000000708
844.610000000000708
845.040000000000709
845.92900000000071
855.922000000000718
857.29600000000072
857.91200000000072
859.045000000000721
859.557000000000722
860.645000000000723
866.290000000000728
868.49000000000073
869.08400000000073
869.999000000000731
870.922000000000732
871.850000000000733
879.022000000000739
880.13500000000074
880.59600000000074
881.286000000000741
882.074000000000742
891.02500000000075
892.626000000000751
893.494000000000752
894.580000000000753
894.903000000000753
901.807000000000759
903.04300000000076
903.550000000000761
904.115000000000761
904.744000000000762
914.633000000000771
916.607000000000772
916.757000000000773
917.821000000000773
918.427000000000774
928.472000000000783
929.553000000000784
930.325000000000785
930.766000000000785
931.059000000000785
941.320000000000794
942.223000000000795
943.679000000000796
944.137000000000797
945.422000000000798
957.889000000000809
958.036000000000809
958.96500000000081
959.940000000000811
963.027000000000814
963.448000000000814
969.212000000000819
970.25500000000082
971.579000000000821
972.502000000000822
974.604000000000824
987.173000000000835
987.435000000000835
988.903000000000837
989.360000000000837
989.867000000000838
990.204000000000838
996.482000000000843
997.236000000000844
998.140000000000845
998.670000000000845
1000.614000000000847
1001.083000000000847
1007.565000000000853
1013.488000000000858
1014.512000000000859
1015.76500000000086
1018.552000000000863
1018.947000000000863
1023.889000000000868
1024.73500000000087
1026.12400000000087
1027.01400000000087
1027.15500000000087
1027.50000000000087
1028.36100000000087
1033.01500000000088
1043.12400000000088
1043.90000000000089
1045.78900000000089
1047.07200000000089
1048.22500000000089
1054.37700000000089
1056.1060000000009
1056.9560000000009
1057.8460000000009
1058.8280000000009
1072.53200000000091
1073.36800000000091
1074.20100000000091
1074.80700000000091
1075.40600000000091
1076.08300000000091
1082.14600000000092
1082.79700000000092
1083.63200000000092
1084.15300000000092
1086.46600000000092
1086.91700000000092
1097.39200000000093
1097.81800000000093
1100.04600000000094
1101.12900000000094
1101.61100000000094
1106.72200000000094
1107.64200000000094
1108.17900000000094
1112.26900000000095
1113.47600000000095
1113.75800000000095
1121.01400000000095
1121.66300000000095
1122.39100000000096
1122.85500000000096
1123.64700000000096
1138.32400000000097
1140.31100000000097
1142.07000000000097
1142.81100000000097
1148.49300000000098
1157.20100000000099
1157.90700000000099
1159.10600000000099
1161.29500000000099
1163.30700000000099
1177.028000000001
1177.557000000001
1178.98500000000101
1179.93900000000101
1180.68000000000101
1189.04000000000101
1190.07500000000102
1192.98800000000102
1193.92500000000102
1195.67400000000102
1207.57600000000103
1209.52100000000103
1211.70100000000103
1212.46700000000104
1213.53800000000104
1264.75500000000108
1265.82000000000108
1268.19100000000108
1268.73900000000109
1269.21000000000109
1301.54200000000111
1302.50400000000112
1306.00200000000112
1306.45600000000112
1307.15600000000112
1316.00500000000113
1316.59500000000113
1317.59400000000113
1317.73000000000113
1319.20100000000113
1320.07800000000113
1334.94300000000114
1335.99500000000114
1338.57000000000115
1339.10000000000115
1339.24900000000115
1340.39300000000115
1349.23100000000116
1349.99800000000116
1350.96800000000116
1351.74800000000116
1352.23100000000116
1367.45100000000117
1370.08000000000118
1373.41700000000118
1374.05300000000118
1374.67900000000118
1397.6340000000012
1398.0590000000012
1399.0110000000012
1400.4540000000012
1400.8320000000012
1411.79600000000121
1412.90100000000121
1414.36600000000121
1414.69900000000121
1416.82800000000122
1417.52500000000122
1418.25100000000122
1419.40900000000122
1427.32600000000123
1429.05100000000123
1430.36100000000123
1431.30700000000123
1432.09900000000123
1444.35900000000124
1446.43000000000124
1446.69300000000124
1447.61900000000124
1448.52200000000124
1465.81100000000126
1467.53900000000126
1469.12600000000126
1469.63900000000126
1472.44900000000127
1473.88500000000127
1477.59700000000127
1478.15200000000127
1479.31500000000127
1480.40300000000127
1480.80600000000127
1482.12400000000127
1489.98800000000128
1491.73400000000128
1492.49300000000128
1493.17800000000128
1494.07500000000129
1504.18400000000129
1508.2380000000013
1508.8090000000013
1509.3570000000013
1511.6670000000013
1513.5340000000013
1521.94300000000131
1522.60300000000131
1528.32000000000132
1528.72900000000132
1529.60500000000132
1529.98400000000132
1536.23200000000132
1538.28800000000132
1538.93700000000133
1539.53800000000133
1540.24200000000133
1562.86400000000135
1563.65800000000135
1564.41500000000135
1567.33200000000135
1568.07400000000135
1569.28500000000135
1578.26300000000136
1579.32400000000136
1579.48500000000136
1580.43000000000136
1581.26400000000136
1598.24000000000138
1599.45000000000138
1600.36000000000138
1601.56600000000138
1602.17000000000138
1602.86200000000138
1615.22400000000139
1616.02900000000139
1620.3680000000014
1621.7900000000014
1628.5730000000014
100
-1
25.3039999999999924
60.455000000000012
70.7120000000000212
86.8030000000000354
136.99300000000008
148.812000000000091
159.7920000000001
211.765000000000146
224.338000000000158
235.690000000000168
243.885000000000175
272.3770000000002
285.257000000000212
297.356000000000222
316.012000000000239
330.609000000000252
339.29500000000026
350.50500000000027
364.829000000000282
390.907000000000306
399.721000000000313
409.006000000000322
417.826000000000329
428.505000000000339
437.498000000000347
464.938000000000371
477.452000000000382
485.373000000000389
497.3520000000004
507.310000000000409
518.897000000000419
529.313000000000428
542.18000000000044
553.82100000000045
562.447000000000458
572.829000000000467
597.329000000000489
611.569000000000502
628.797000000000517
651.468000000000537
664.651000000000549
680.055000000000562
690.884000000000572
707.987000000000587
719.877000000000598
738.637000000000614
750.854000000000625
762.686000000000636
777.494000000000649
791.681000000000661
811.027000000000679
820.580000000000687
834.8950000000007
845.92900000000071
859.557000000000722
870.922000000000732
882.074000000000742
894.903000000000753
904.744000000000762
918.427000000000774
931.059000000000785
945.422000000000798
963.027000000000814
974.604000000000824
989.867000000000838
1000.614000000000847
1018.552000000000863
1027.15500000000087
1047.07200000000089
1058.8280000000009
1075.40600000000091
1086.46600000000092
1101.61100000000094
1113.75800000000095
1123.64700000000096
1148.49300000000098
1163.30700000000099
1180.68000000000101
1195.67400000000102
1213.53800000000104
1269.21000000000109
1307.15600000000112
1319.20100000000113
1339.24900000000115
1352.23100000000116
1374.67900000000118
1400.8320000000012
1416.82800000000122
1432.09900000000123
1448.52200000000124
1472.44900000000127
1482.12400000000127
1494.07500000000129
1511.6670000000013
1529.60500000000132
1540.24200000000133
1568.07400000000135
1581.26400000000136
1602.17000000000138
1628.5730000000014
5
0
5000
0
0
0
0
2700
99
0
0
0
0
0
0
1628.5740000000014
0
0
0
0
0
0
