11
12
19
11
12
19
cPPR1.11
FR2_day2
0
1
10
35
26
11
22
06
24
2
.3
1
256
1
79
1
1
1
1
1
1
1
1
1
1
1
1
1
1
1
1
1
1
1
1
1
1
255
-1
15.2960000000000003
15.59900000000000031
15.77000000000000032
16.1010000000000002
19.5649999999999973
19.7229999999999972
21.070999999999996
21.7229999999999955
28.3699999999999898
30.4529999999999881
40.7149999999999945
41.0349999999999948
52.3410000000000048
54.1620000000000065
54.3030000000000066
54.5050000000000068
59.9520000000000116
60.6170000000000122
60.7060000000000123
65.4530000000000165
66.2260000000000172
68.0150000000000188
76.188000000000026
76.6980000000000265
81.1260000000000304
83.3200000000000324
87.6680000000000362
87.8320000000000364
87.9510000000000365
110.4270000000000564
110.5420000000000565
110.6470000000000566
110.7700000000000567
113.6080000000000593
113.8980000000000595
115.4050000000000608
115.571000000000061
118.5320000000000636
118.6710000000000638
118.8500000000000639
125.5880000000000699
127.8400000000000719
127.969000000000072
143.699000000000086
143.907000000000086
144.033000000000086
150.642000000000092
151.338000000000093
157.025000000000098
161.359000000000102
161.543000000000102
165.419000000000105
165.615000000000105
166.622000000000106
166.832000000000107
170.25600000000011
170.47900000000011
170.69400000000011
171.509000000000111
171.759000000000111
172.005000000000111
172.277000000000111
172.459000000000112
177.302000000000116
177.460000000000116
177.690000000000116
177.953000000000116
182.831000000000121
183.588000000000121
183.942000000000122
206.683000000000142
208.634000000000144
211.642000000000146
212.750000000000147
213.371000000000148
213.485000000000148
214.242000000000149
214.296000000000149
214.454000000000149
214.665000000000149
217.572000000000152
217.768000000000152
218.273000000000152
218.717000000000153
237.80000000000017
237.96000000000017
241.858000000000173
242.365000000000174
244.326000000000175
244.540000000000176
249.30900000000018
249.55100000000018
249.79600000000018
249.88000000000018
254.622000000000185
255.084000000000185
257.477000000000187
257.708000000000187
264.404000000000193
264.575000000000193
300.556000000000225
302.803000000000227
307.948000000000232
310.439000000000234
310.801000000000234
311.110000000000235
313.990000000000237
314.216000000000237
316.293000000000239
317.31300000000024
317.48500000000024
322.864000000000245
323.041000000000245
332.904000000000254
337.125000000000258
337.284000000000258
364.665000000000282
364.814000000000282
369.380000000000286
370.333000000000287
372.701000000000289
375.192000000000292
377.705000000000294
377.855000000000294
378.108000000000294
378.223000000000294
407.09400000000032
408.365000000000321
408.549000000000321
413.170000000000325
413.325000000000325
413.456000000000326
415.104000000000327
415.244000000000327
420.751000000000332
422.148000000000333
422.327000000000333
427.344000000000338
427.869000000000338
428.046000000000339
435.776000000000345
437.079000000000347
442.044000000000351
445.305000000000354
445.537000000000354
460.197000000000367
460.800000000000368
465.105000000000371
466.785000000000373
478.301000000000383
483.225000000000388
483.394000000000388
483.893000000000388
484.369000000000389
487.010000000000391
487.747000000000392
488.282000000000392
489.092000000000393
489.272000000000393
490.413000000000394
492.255000000000396
492.848000000000396
500.064000000000402
516.762000000000417
517.110000000000418
521.412000000000421
521.694000000000422
522.828000000000423
523.026000000000423
527.311000000000427
528.158000000000427
528.403000000000428
528.857000000000428
533.679000000000432
534.036000000000433
534.587000000000433
534.996000000000434
557.246000000000453
557.496000000000453
565.738000000000461
565.945000000000461
572.707000000000467
572.863000000000467
577.732000000000471
579.147000000000473
579.506000000000473
589.412000000000482
590.011000000000482
597.969000000000489
600.327000000000492
608.316000000000499
609.158000000000499
609.5390000000005
613.851000000000504
615.646000000000505
618.533000000000508
627.348000000000516
627.962000000000516
638.070000000000525
641.899000000000528
668.422000000000552
668.652000000000552
672.038000000000555
673.252000000000556
673.422000000000556
674.217000000000557
675.512000000000558
680.182000000000562
683.636000000000566
684.194000000000566
688.87700000000057
689.21100000000057
689.482000000000571
690.597000000000572
690.815000000000572
700.982000000000581
701.832000000000582
707.598000000000587
710.264000000000589
720.891000000000599
748.675000000000623
758.107000000000632
758.188000000000632
763.049000000000636
767.44000000000064
816.346000000000683
816.734000000000684
826.841000000000693
827.529000000000693
884.695000000000744
886.979000000000746
887.172000000000746
887.244000000000746
1047.76100000000089
1048.58400000000089
1051.32200000000089
1053.27000000000089
1053.94700000000089
1942.43700000000168
1963.1470000000017
1965.7190000000017
1972.57700000000171
1973.82200000000171
1980.03300000000172
1980.95500000000172
1994.43000000000173
1995.42800000000173
2012.89300000000175
2014.83400000000175
2025.24900000000176
2033.82400000000176
2047.76400000000178
2048.85900000000168
2048.95800000000167
2393.80799999996369
78
-1
15.59900000000000031
21.7229999999999955
30.4529999999999881
41.0349999999999948
54.1620000000000065
60.6170000000000122
68.0150000000000188
76.6980000000000265
87.6680000000000362
110.5420000000000565
118.6710000000000638
127.8400000000000719
143.907000000000086
151.338000000000093
161.359000000000102
166.832000000000107
172.459000000000112
177.953000000000116
183.942000000000122
208.634000000000144
214.296000000000149
237.96000000000017
244.540000000000176
249.88000000000018
257.708000000000187
264.575000000000193
302.803000000000227
310.801000000000234
317.31300000000024
323.041000000000245
337.125000000000258
364.814000000000282
372.701000000000289
378.223000000000294
408.365000000000321
415.244000000000327
422.148000000000333
428.046000000000339
437.079000000000347
445.537000000000354
460.800000000000368
478.301000000000383
484.369000000000389
492.255000000000396
516.762000000000417
523.026000000000423
528.857000000000428
534.996000000000434
557.496000000000453
565.945000000000461
572.863000000000467
579.506000000000473
590.011000000000482
600.327000000000492
609.158000000000499
618.533000000000508
627.962000000000516
641.899000000000528
668.652000000000552
675.512000000000558
684.194000000000566
690.597000000000572
701.832000000000582
710.264000000000589
748.675000000000623
758.188000000000632
816.346000000000683
827.529000000000693
886.979000000000746
1048.58400000000089
1942.43700000000168
1965.7190000000017
1973.82200000000171
1980.95500000000172
1995.42800000000173
2014.83400000000175
2033.82400000000176
2048.85900000000168
2
0
5000
0
0
0
0
2700
99
0
0
0
0
0
0
2700.79599999992988
0
0
0
0
0
0
