11
07
19
11
07
19
cPPR1.12
FR1_day4
0
2
10
16
22
10
33
51
24
2
.3
1
167
1
101
1
1
1
1
1
1
1
1
1
1
1
1
1
1
1
1
1
1
1
1
1
1
166
-1
1.43400000000000002
1.65500000000000002
4.65400000000000008
5.11800000000000009
7.86300000000000015
12.65000000000000025
14.9020000000000003
15.1310000000000003
26.3519999999999916
26.8349999999999911
30.3439999999999882
32.4419999999999872
35.4639999999999898
36.0809999999999904
36.9959999999999912
37.8149999999999919
43.1989999999999967
48.1660000000000011
49.9470000000000027
54.0990000000000064
56.0130000000000081
56.1090000000000082
56.2590000000000083
67.8370000000000186
73.7300000000000238
77.7260000000000274
78.5220000000000281
79.582000000000029
83.7040000000000327
86.5340000000000352
90.3320000000000386
92.5680000000000406
96.9110000000000444
98.4850000000000458
104.7720000000000514
116.5170000000000618
117.793000000000063
123.0040000000000676
129.218000000000073
133.372000000000077
134.657000000000078
150.063000000000092
153.533000000000095
156.572000000000097
157.005000000000098
160.218000000000101
162.558000000000103
168.839000000000108
177.570000000000116
182.01900000000012
185.955000000000124
186.376000000000124
189.939000000000127
192.144000000000129
201.033000000000137
204.82000000000014
210.252000000000145
230.797000000000163
231.363000000000164
233.793000000000166
234.535000000000167
236.096000000000168
240.057000000000172
241.094000000000172
243.035000000000174
249.06300000000018
259.340000000000189
260.93600000000019
265.748000000000194
266.055000000000195
276.491000000000204
276.806000000000204
281.801000000000209
282.153000000000209
298.867000000000224
306.05400000000023
310.971000000000235
316.524000000000239
321.759000000000244
325.897000000000248
327.570000000000249
332.765000000000254
340.776000000000261
347.689000000000267
362.49600000000028
363.071000000000281
366.713000000000284
367.814000000000285
371.252000000000288
372.146000000000289
373.53000000000029
374.045000000000291
379.317000000000295
380.196000000000296
384.1290000000003
388.057000000000303
397.021000000000311
397.587000000000311
401.269000000000315
403.076000000000316
415.355000000000327
420.617000000000332
426.908000000000338
453.400000000000361
454.316000000000362
460.167000000000367
464.388000000000371
468.483000000000374
476.189000000000381
482.016000000000386
488.767000000000392
495.907000000000399
505.647000000000407
520.579000000000421
526.555000000000426
526.938000000000426
539.292000000000437
546.151000000000443
551.787000000000448
563.596000000000459
563.907000000000459
570.934000000000465
571.526000000000466
577.316000000000471
595.070000000000487
595.515000000000487
600.480000000000492
610.2250000000005
616.890000000000506
627.088000000000515
627.536000000000516
635.065000000000522
642.013000000000528
659.254000000000544
692.922000000000574
698.811000000000579
705.393000000000585
705.917000000000585
724.383000000000602
728.903000000000606
733.43400000000061
733.91500000000061
738.881000000000615
745.08700000000062
745.58500000000062
755.205000000000629
755.88300000000063
764.505000000000637
764.921000000000638
794.875000000000664
837.843000000000702
862.625000000000724
893.355000000000752
899.355000000000757
899.688000000000757
900.688000000000758
901.804000000000759
906.164000000000763
914.983000000000771
929.374000000000784
941.217000000000794
941.337000000000794
952.717000000000805
954.368000000000806
961.310000000000812
969.325000000000819
100
-1
1.43400000000000002
7.86300000000000015
14.9020000000000003
26.3519999999999916
32.4419999999999872
37.8149999999999919
43.1989999999999967
49.9470000000000027
56.0130000000000081
67.8370000000000186
73.7300000000000238
79.582000000000029
86.5340000000000352
92.5680000000000406
98.4850000000000458
104.7720000000000514
116.5170000000000618
123.0040000000000676
129.218000000000073
134.657000000000078
150.063000000000092
156.572000000000097
162.558000000000103
168.839000000000108
177.570000000000116
185.955000000000124
192.144000000000129
201.033000000000137
210.252000000000145
230.797000000000163
236.096000000000168
243.035000000000174
249.06300000000018
259.340000000000189
265.748000000000194
276.491000000000204
281.801000000000209
298.867000000000224
306.05400000000023
316.524000000000239
321.759000000000244
327.570000000000249
332.765000000000254
340.776000000000261
347.689000000000267
362.49600000000028
367.814000000000285
373.53000000000029
379.317000000000295
388.057000000000303
397.021000000000311
403.076000000000316
415.355000000000327
420.617000000000332
426.908000000000338
453.400000000000361
460.167000000000367
468.483000000000374
476.189000000000381
482.016000000000386
488.767000000000392
495.907000000000399
505.647000000000407
520.579000000000421
526.555000000000426
539.292000000000437
546.151000000000443
551.787000000000448
563.596000000000459
570.934000000000465
577.316000000000471
595.070000000000487
600.480000000000492
610.2250000000005
616.890000000000506
627.088000000000515
635.065000000000522
642.013000000000528
659.254000000000544
692.922000000000574
698.811000000000579
705.393000000000585
724.383000000000602
733.43400000000061
738.881000000000615
745.08700000000062
755.205000000000629
764.505000000000637
794.875000000000664
837.843000000000702
862.625000000000724
893.355000000000752
899.355000000000757
906.164000000000763
914.983000000000771
929.374000000000784
941.217000000000794
952.717000000000805
961.310000000000812
969.325000000000819
1
0
5000
0
0
0
0
2700
99
0
0
0
0
0
0
969.325000000000819
0
0
0
0
0
0
