12
11
19
12
11
19
cPPR1.14
PR3_day2.3
0
4
13
10
17
13
56
42
23
3
.3
1
430
1
18
1
1
1
1
1
1
1
1
1
1
1
1
1
1
1
1
1
1
1
1
1
184
429
-1
14.27100000000000028
19.891999999999997
24.3989999999999932
24.8039999999999929
25.3139999999999924
25.6469999999999922
42.8209999999999964
44.7949999999999981
45.3929999999999987
46.0009999999999992
46.6319999999999998
47.0940000000000002
47.3650000000000004
50.4530000000000032
53.1140000000000055
54.9420000000000072
86.1980000000000349
87.1180000000000357
87.390000000000036
89.2090000000000376
90.1680000000000384
90.4010000000000386
90.7130000000000389
91.6530000000000398
96.5520000000000441
96.7930000000000443
96.9360000000000444
97.3480000000000448
97.6760000000000451
98.1370000000000455
98.3680000000000457
98.5670000000000459
99.2120000000000465
99.9060000000000471
100.0860000000000472
100.2810000000000474
100.4950000000000476
100.6670000000000478
107.3800000000000537
107.729000000000054
107.9100000000000542
108.0680000000000543
108.3020000000000545
108.4900000000000547
108.6800000000000549
108.8890000000000551
109.1060000000000553
109.8560000000000559
110.1710000000000562
111.5640000000000574
112.0120000000000578
112.227000000000058
112.4310000000000582
112.9520000000000587
113.1950000000000589
121.3810000000000662
121.8820000000000666
122.0790000000000668
122.5310000000000672
122.7100000000000673
123.0150000000000676
123.1770000000000678
123.5960000000000681
124.0310000000000685
124.1370000000000686
124.3200000000000688
124.7580000000000692
125.0620000000000694
126.1250000000000704
126.5890000000000708
127.2640000000000714
127.4120000000000715
128.903000000000073
129.092000000000073
221.373000000000155
223.002000000000156
224.139000000000157
226.450000000000159
226.58200000000016
226.71700000000016
227.57300000000016
232.281000000000165
232.799000000000165
233.032000000000165
233.225000000000165
234.049000000000166
234.303000000000166
234.612000000000167
235.429000000000167
235.699000000000168
235.987000000000168
236.936000000000169
237.103000000000169
237.458000000000169
237.671000000000169
238.63200000000017
271.8990000000002
272.0320000000002
272.4190000000002
272.725000000000201
296.086000000000221
296.353000000000222
296.865000000000222
297.008000000000222
297.178000000000222
297.641000000000223
298.834000000000224
299.831000000000225
300.080000000000225
300.563000000000225
300.720000000000225
300.891000000000226
301.061000000000226
301.419000000000226
301.838000000000226
302.045000000000227
302.605000000000227
303.335000000000228
303.566000000000228
303.899000000000228
304.288000000000229
383.439000000000299
384.070000000000299
385.434000000000301
385.664000000000301
388.037000000000303
388.389000000000303
389.194000000000304
390.086000000000305
390.454000000000305
390.598000000000305
392.536000000000307
392.842000000000307
394.046000000000308
394.236000000000308
395.175000000000309
395.43200000000031
396.39900000000031
397.753000000000312
398.549000000000312
398.855000000000313
399.176000000000313
402.528000000000316
403.151000000000316
404.818000000000318
405.060000000000318
405.566000000000319
405.862000000000319
406.105000000000319
415.351000000000327
418.74600000000033
423.112000000000334
423.394000000000334
423.654000000000335
423.863000000000335
424.087000000000335
424.298000000000335
424.486000000000335
424.717000000000336
425.237000000000336
426.107000000000337
427.763000000000338
428.125000000000339
428.837000000000339
429.015000000000339
429.23200000000034
430.721000000000341
431.493000000000342
431.665000000000342
431.871000000000342
432.010000000000342
432.377000000000342
432.664000000000343
432.888000000000343
433.450000000000343
433.716000000000344
433.952000000000344
435.393000000000345
435.596000000000345
435.783000000000345
529.081000000000428
530.008000000000429
531.43500000000043
531.62200000000043
532.471000000000431
533.423000000000432
534.750000000000433
534.896000000000433
535.087000000000434
535.362000000000434
535.608000000000434
535.957000000000434
537.069000000000435
537.593000000000436
538.094000000000436
538.257000000000436
538.426000000000437
539.155000000000437
540.578000000000438
541.79200000000044
542.45000000000044
542.63200000000044
542.77000000000044
543.082000000000441
544.774000000000442
545.224000000000443
545.456000000000443
545.774000000000443
546.342000000000444
546.695000000000444
547.385000000000444
548.162000000000445
549.226000000000446
549.386000000000446
564.236000000000459
564.65300000000046
566.613000000000462
566.907000000000462
567.396000000000462
567.986000000000463
568.715000000000463
569.214000000000464
569.765000000000464
570.104000000000465
570.298000000000465
570.509000000000465
570.705000000000465
571.409000000000466
572.103000000000466
572.359000000000467
572.825000000000467
572.966000000000467
573.667000000000468
574.328000000000468
574.536000000000469
574.979000000000469
576.961000000000471
577.268000000000471
577.702000000000471
578.095000000000472
578.661000000000472
578.856000000000472
579.329000000000473
579.513000000000473
580.206000000000474
580.360000000000474
580.509000000000474
580.787000000000474
581.259000000000475
582.424000000000476
583.690000000000477
595.993000000000488
596.595000000000488
597.222000000000489
597.751000000000489
598.16100000000049
599.10600000000049
599.648000000000491
600.131000000000491
602.207000000000493
602.499000000000493
603.307000000000494
603.941000000000495
604.143000000000495
605.364000000000496
605.953000000000496
607.553000000000498
608.037000000000498
608.290000000000499
609.9900000000005
610.1140000000005
610.2550000000005
611.648000000000502
613.716000000000503
615.783000000000505
616.082000000000506
616.424000000000506
617.270000000000507
617.678000000000507
618.272000000000507
620.040000000000509
622.214000000000511
622.557000000000511
622.737000000000511
623.253000000000512
623.513000000000512
623.877000000000512
624.360000000000513
625.152000000000514
627.273000000000515
627.993000000000516
639.524000000000526
639.986000000000527
642.107000000000529
642.618000000000529
642.806000000000529
646.480000000000532
647.049000000000533
647.604000000000534
648.110000000000534
648.930000000000535
650.775000000000536
651.168000000000537
651.336000000000537
651.490000000000537
651.671000000000537
651.871000000000537
652.227000000000538
652.335000000000538
654.89200000000054
655.09100000000054
655.23200000000054
655.604000000000541
655.909000000000541
656.080000000000541
656.263000000000541
656.436000000000541
657.030000000000542
657.339000000000542
658.347000000000543
658.970000000000544
659.318000000000544
659.477000000000544
661.109000000000546
661.474000000000546
661.756000000000546
662.015000000000546
662.414000000000547
662.562000000000547
662.987000000000547
663.909000000000548
664.667000000000549
666.03500000000055
666.31300000000055
704.763000000000584
705.872000000000585
708.472000000000588
710.326000000000589
712.561000000000591
713.120000000000592
713.274000000000592
713.444000000000592
713.610000000000592
721.499000000000599
722.0100000000006
722.4940000000006
725.268000000000602
725.592000000000603
726.025000000000603
726.196000000000603
726.394000000000604
726.545000000000604
726.768000000000604
727.047000000000604
727.464000000000604
727.655000000000605
728.080000000000605
728.734000000000606
728.881000000000606
730.667000000000607
731.695000000000608
732.235000000000609
734.839000000000611
735.817000000000612
736.477000000000612
736.773000000000613
736.938000000000613
737.263000000000613
737.855000000000614
738.005000000000614
738.135000000000614
738.314000000000614
738.474000000000614
738.785000000000614
739.811000000000615
740.080000000000616
740.848000000000616
741.097000000000617
741.308000000000617
741.823000000000617
853.713000000000717
857.09400000000072
858.541000000000721
858.888000000000721
861.012000000000723
861.302000000000723
862.202000000000724
863.658000000000725
863.889000000000726
865.181000000000727
866.114000000000728
866.420000000000728
866.677000000000728
867.042000000000728
867.156000000000728
867.556000000000729
868.000000000000729
868.36600000000073
868.55200000000073
869.07600000000073
870.689000000000732
871.396000000000732
871.609000000000732
872.164000000000733
872.550000000000733
872.913000000000734
873.518000000000734
873.798000000000734
876.398000000000737
877.482000000000738
877.938000000000738
878.097000000000738
878.285000000000738
878.414000000000738
878.627000000000739
878.934000000000739
879.173000000000739
879.97100000000074
881.089000000000741
881.603000000000741
881.936000000000742
882.246000000000742
882.583000000000742
883.660000000000743
884.390000000000744
884.820000000000744
885.175000000000744
885.498000000000745
888.420000000000747
17
-1
14.27200000000000028
25.3149999999999924
47.3660000000000004
91.6540000000000398
100.6680000000000478
112.9530000000000587
129.093000000000073
238.63300000000017
304.289000000000229
406.106000000000319
435.784000000000345
549.387000000000446
583.691000000000477
627.994000000000516
666.31400000000055
741.824000000000617
888.421000000000747
0
0
5000
0
0
0
0
7200
0
0
0
0
0
18
0
2688.52199999993123
1800.00000000000156
1800
0
52
0
1
4
7
10
13
16
19
22
25
28
31
34
37
40
43
46
49
52
55
58
61
64
67
70
73
76
79
82
85
88
91
94
97
100
103
106
109
112
115
118
121
124
127
130
133
136
139
142
145
148
151
154
157
160
163
166
169
172
175
178
181
184
187
190
193
196
199
202
205
208
211
214
217
220
223
226
229
232
235
238
241
244
247
250
253
256
259
262
265
268
271
274
277
280
283
286
289
292
295
298
301
304
307
310
313
316
319
322
325
328
331
334
337
340
343
346
349
352
355
358
361
364
367
370
373
376
379
382
385
388
391
394
397
400
403
406
409
412
415
418
421
424
427
430
433
436
439
442
445
448
451
454
457
460
463
466
469
472
475
478
481
484
487
490
493
496
499
502
505
508
511
514
517
520
523
526
529
532
535
538
541
544
547
550
