11
04
19
11
04
19
cPPR1.15
FR1
0
1
11
34
51
12
16
12
24
2
.3
1
124
1
101
1
1
1
1
1
1
1
1
1
1
1
1
1
1
1
1
1
1
1
1
1
1
123
-1
248.450000000000179
250.635000000000181
251.031000000000181
251.752000000000182
256.753000000000186
258.027000000000188
259.210000000000189
261.14500000000019
262.808000000000192
264.867000000000194
293.616000000000219
342.460000000000262
344.070000000000264
344.207000000000264
345.253000000000265
345.796000000000265
496.7390000000004
511.489000000000413
515.125000000000416
517.749000000000418
537.910000000000436
668.269000000000552
684.442000000000566
696.879000000000577
706.490000000000586
715.288000000000594
728.740000000000606
765.126000000000638
779.893000000000651
969.145000000000819
981.00200000000083
981.12300000000083
987.742000000000836
993.442000000000841
996.443000000000843
1004.13700000000085
1011.016000000000856
1023.135000000000867
1030.92100000000087
1034.66000000000088
1062.6840000000009
1071.47900000000091
1071.99600000000091
1083.99700000000092
1092.41100000000093
1095.45200000000093
1107.99800000000094
1108.85400000000094
1115.20000000000095
1123.08300000000096
1124.66700000000096
1145.37700000000098
1158.52300000000099
1174.155000000001
1187.30800000000101
1199.16600000000102
1228.25700000000105
1238.93400000000106
1253.33800000000107
1261.70300000000108
1270.71300000000109
1277.39200000000109
1309.16000000000112
1316.21900000000113
1325.33200000000114
1331.99000000000114
1332.39600000000114
1336.98700000000115
1342.53800000000115
1391.55300000000119
1403.77400000000121
1408.54700000000121
1409.55800000000121
1419.01000000000122
1435.70500000000123
1441.80200000000124
1481.40200000000127
1490.51100000000128
1509.6040000000013
1515.5990000000013
1522.11700000000131
1530.57000000000132
1553.39100000000134
1553.82100000000134
1559.41100000000134
1565.91900000000135
1587.17000000000137
1615.20800000000139
1623.6670000000014
1677.96700000000145
1684.13900000000145
1697.88100000000147
1706.08700000000147
1752.08800000000151
1760.56500000000152
1767.77500000000153
1774.63400000000153
1809.85800000000157
1817.88400000000157
1824.35200000000158
1834.38900000000159
1841.64300000000159
1863.78200000000161
1872.94900000000162
1881.36200000000163
1889.77300000000164
1917.74100000000166
1924.97400000000167
1936.49500000000168
1977.64000000000171
1989.53000000000173
1996.95500000000173
2172.77099999998804
2183.70299999998683
2193.36799999998577
2207.07399999998426
2214.66199999998342
2305.02599999997347
2313.57699999997253
2322.9149999999715
2336.67699999996998
2348.10099999996873
2388.89799999996423
100
-1
248.450000000000179
256.753000000000186
262.808000000000192
293.616000000000219
342.460000000000262
496.7390000000004
511.489000000000413
517.749000000000418
537.910000000000436
668.269000000000552
684.442000000000566
696.879000000000577
706.490000000000586
715.288000000000594
728.740000000000606
765.126000000000638
779.893000000000651
969.145000000000819
981.00200000000083
987.742000000000836
993.442000000000841
1004.13700000000085
1011.016000000000856
1023.135000000000867
1030.92100000000087
1062.6840000000009
1071.47900000000091
1083.99700000000092
1092.41100000000093
1107.99800000000094
1115.20000000000095
1123.08300000000096
1145.37700000000098
1158.52300000000099
1174.155000000001
1187.30800000000101
1199.16600000000102
1228.25700000000105
1238.93400000000106
1253.33800000000107
1261.70300000000108
1270.71300000000109
1277.39200000000109
1309.16000000000112
1316.21900000000113
1325.33200000000114
1331.99000000000114
1342.53800000000115
1391.55300000000119
1403.77400000000121
1409.55800000000121
1419.01000000000122
1435.70500000000123
1441.80200000000124
1481.40200000000127
1490.51100000000128
1509.6040000000013
1515.5990000000013
1522.11700000000131
1530.57000000000132
1553.39100000000134
1559.41100000000134
1565.91900000000135
1587.17000000000137
1615.20800000000139
1623.6670000000014
1677.96700000000145
1684.13900000000145
1697.88100000000147
1706.08700000000147
1752.08800000000151
1760.56500000000152
1767.77500000000153
1774.63400000000153
1809.85800000000157
1817.88400000000157
1824.35200000000158
1834.38900000000159
1841.64300000000159
1863.78200000000161
1872.94900000000162
1881.36200000000163
1889.77300000000164
1917.74100000000166
1924.97400000000167
1936.49500000000168
1977.64000000000171
1989.53000000000173
1996.95500000000173
2172.77099999998804
2183.70299999998683
2193.36799999998577
2207.07399999998426
2214.66199999998342
2305.02599999997347
2313.57699999997253
2322.9149999999715
2336.67699999996998
2348.10099999996873
2388.89799999996423
1
0
5000
0
0
0
0
2700
99
0
0
0
0
0
0
2388.89799999996423
0
0
0
0
0
0
