11
05
19
11
05
19
cPPR1.10
FR1_day2
0
4
9
06
33
9
33
08
24
2
.3
1
128
1
101
1
1
1
1
1
1
1
1
1
1
1
1
1
1
1
1
1
1
1
1
1
1
127
-1
123.2670000000000678
127.6210000000000717
129.102000000000073
134.198000000000078
142.173000000000085
143.098000000000085
151.238000000000093
159.2430000000001
164.306000000000104
167.156000000000107
170.24600000000011
173.006000000000112
176.927000000000115
182.35700000000012
188.878000000000126
195.646000000000132
202.674000000000138
207.936000000000143
225.803000000000159
240.872000000000172
244.478000000000175
251.592000000000182
252.168000000000182
299.679000000000224
303.632000000000228
307.351000000000231
312.264000000000236
340.514000000000261
349.131000000000268
357.322000000000276
361.63100000000028
364.347000000000282
375.951000000000292
388.765000000000304
391.703000000000306
399.105000000000313
404.311000000000317
421.180000000000332
425.117000000000336
428.728000000000339
432.674000000000343
435.700000000000345
451.390000000000359
459.051000000000366
463.05000000000037
464.07400000000037
467.696000000000374
473.207000000000379
491.563000000000395
496.605000000000399
511.712000000000413
518.167000000000419
525.596000000000425
536.152000000000435
544.034000000000442
552.571000000000449
566.895000000000462
573.119000000000467
582.626000000000476
601.692000000000493
607.354000000000498
614.170000000000504
623.212000000000512
638.671000000000526
640.248000000000527
645.836000000000532
654.192000000000539
666.70000000000055
676.169000000000559
686.540000000000568
694.546000000000575
701.200000000000581
707.133000000000586
725.782000000000603
732.698000000000609
743.362000000000619
754.596000000000629
766.463000000000639
771.399000000000643
775.525000000000647
781.478000000000652
799.232000000000668
810.903000000000679
811.232000000000679
811.744000000000679
817.317000000000684
834.6840000000007
840.746000000000705
851.433000000000714
862.014000000000724
870.643000000000732
882.194000000000742
905.071000000000762
910.944000000000767
915.512000000000771
919.538000000000775
923.731000000000779
925.867000000000781
963.292000000000814
967.974000000000818
971.128000000000821
1002.247000000000848
1008.599000000000854
1015.09900000000086
1032.76400000000088
1060.2290000000009
1106.94000000000094
1115.38200000000095
1126.45700000000096
1134.97200000000097
1147.38000000000098
1155.97300000000098
1179.04100000000101
1186.37400000000101
1195.64400000000102
1209.56200000000103
1221.55500000000104
1230.57700000000105
1240.39600000000106
1271.56300000000109
1302.96600000000112
1303.43300000000112
1306.63400000000112
1308.63600000000112
1351.07600000000116
1356.09700000000116
1491.11800000000128
100
-1
123.2670000000000678
129.102000000000073
142.173000000000085
151.238000000000093
159.2430000000001
167.156000000000107
173.006000000000112
182.35700000000012
188.878000000000126
195.646000000000132
202.674000000000138
207.936000000000143
225.803000000000159
240.872000000000172
251.592000000000182
299.679000000000224
307.351000000000231
340.514000000000261
349.131000000000268
357.322000000000276
364.347000000000282
375.951000000000292
388.765000000000304
399.105000000000313
404.311000000000317
421.180000000000332
428.728000000000339
435.700000000000345
451.390000000000359
459.051000000000366
467.696000000000374
473.207000000000379
491.563000000000395
511.712000000000413
518.167000000000419
525.596000000000425
536.152000000000435
544.034000000000442
552.571000000000449
566.895000000000462
573.119000000000467
582.626000000000476
601.692000000000493
607.354000000000498
614.170000000000504
623.212000000000512
638.671000000000526
645.836000000000532
654.192000000000539
666.70000000000055
676.169000000000559
686.540000000000568
694.546000000000575
701.200000000000581
707.133000000000586
725.782000000000603
732.698000000000609
743.362000000000619
754.596000000000629
766.463000000000639
775.525000000000647
781.478000000000652
799.232000000000668
810.903000000000679
817.317000000000684
834.6840000000007
840.746000000000705
851.433000000000714
862.014000000000724
870.643000000000732
882.194000000000742
905.071000000000762
910.944000000000767
919.538000000000775
925.867000000000781
963.292000000000814
971.128000000000821
1002.247000000000848
1008.599000000000854
1015.09900000000086
1032.76400000000088
1060.2290000000009
1106.94000000000094
1115.38200000000095
1126.45700000000096
1134.97200000000097
1147.38000000000098
1155.97300000000098
1179.04100000000101
1186.37400000000101
1195.64400000000102
1209.56200000000103
1221.55500000000104
1230.57700000000105
1240.39600000000106
1271.56300000000109
1302.96600000000112
1308.63600000000112
1351.07600000000116
1491.11800000000128
1
0
5000
0
0
0
0
2700
99
0
0
0
0
0
0
1491.11800000000128
0
0
0
0
0
0
