11
11
19
11
11
19
cPPR1.11
FR2_day1
0
1
10
19
59
11
06
22
24
2
.3
1
192
1
63
1
1
1
1
1
1
1
1
1
1
1
1
1
1
1
1
1
1
1
1
1
1
191
-1
2.06800000000000003
2.38900000000000004
2.99400000000000005
5.3970000000000001
6.32700000000000012
6.67600000000000013
8.14600000000000016
8.59900000000000017
11.30900000000000022
11.88800000000000024
11.96400000000000024
12.16200000000000024
12.21300000000000024
13.94200000000000028
14.27000000000000028
49.8770000000000027
50.4370000000000032
55.1590000000000073
55.2840000000000075
56.979000000000009
57.2430000000000092
68.8930000000000195
69.8130000000000204
74.3100000000000244
75.8680000000000257
76.206000000000026
76.3290000000000261
80.64200000000003
81.9230000000000311
82.7840000000000319
87.3180000000000359
93.7010000000000416
93.9620000000000418
96.7390000000000443
96.9010000000000444
98.3420000000000457
98.4790000000000458
99.1380000000000464
102.057000000000049
102.2070000000000491
102.4400000000000493
108.3700000000000546
110.1020000000000561
114.9380000000000604
118.1000000000000632
167.309000000000107
172.383000000000111
173.232000000000112
173.495000000000112
177.061000000000116
177.248000000000116
177.472000000000116
177.914000000000116
178.156000000000117
178.592000000000117
178.784000000000117
179.311000000000118
183.197000000000121
183.424000000000121
187.626000000000125
187.787000000000125
187.860000000000125
192.539000000000129
194.312000000000131
194.714000000000131
199.883000000000136
200.915000000000137
201.445000000000137
207.731000000000143
208.112000000000143
213.164000000000148
216.09300000000015
216.471000000000151
220.586000000000154
222.734000000000156
222.911000000000156
226.95900000000016
228.232000000000161
228.599000000000161
232.323000000000165
233.150000000000165
234.678000000000167
236.401000000000168
236.779000000000169
271.057000000000199
271.485000000000199
276.673000000000204
279.744000000000207
381.139000000000297
394.081000000000308
394.204000000000308
399.225000000000313
399.382000000000313
401.328000000000315
401.708000000000315
405.165000000000318
407.10000000000032
409.112000000000322
409.309000000000322
413.942000000000326
414.027000000000326
415.303000000000327
416.300000000000328
421.692000000000333
425.147000000000336
428.908000000000339
431.048000000000341
432.987000000000343
467.014000000000373
467.747000000000374
471.432000000000377
511.395000000000413
511.817000000000413
517.413000000000418
518.401000000000419
518.547000000000419
525.688000000000425
526.736000000000426
533.480000000000432
537.769000000000436
545.374000000000443
545.573000000000443
552.896000000000449
553.93600000000045
558.492000000000454
560.468000000000456
569.132000000000464
569.188000000000464
569.490000000000464
578.694000000000472
582.832000000000476
587.94700000000048
588.874000000000481
589.638000000000482
589.755000000000482
594.799000000000487
595.782000000000487
599.915000000000491
934.073000000000788
934.395000000000788
1289.2650000000011
1291.63600000000111
1297.93500000000111
1301.78800000000111
1307.62100000000112
1308.31600000000112
1315.93900000000113
1318.22100000000113
1335.66500000000114
1336.77200000000115
1343.63800000000115
1352.34400000000116
1352.70100000000116
1358.03100000000116
1359.57700000000117
1364.82200000000117
1366.79800000000117
1373.33600000000118
1374.56400000000118
1374.64900000000118
1392.6550000000012
1397.8340000000012
1401.5970000000012
1407.73000000000121
1410.27200000000121
1415.59500000000122
1422.11300000000122
1574.60900000000136
1577.82800000000136
1582.19500000000136
1583.02500000000136
1587.95300000000137
1589.11500000000137
1594.25900000000137
1597.09300000000138
1597.18200000000138
1597.56800000000138
1602.47400000000138
1607.81300000000139
1615.11800000000139
1618.7770000000014
1619.2390000000014
1628.4190000000014
1631.41300000000141
1637.16700000000141
1650.90900000000142
1655.47200000000143
1659.99600000000143
1662.06900000000143
1665.23900000000144
1665.96100000000144
62
-1
2.38900000000000004
8.59900000000000017
14.27000000000000028
50.4370000000000032
57.2430000000000092
69.8130000000000204
76.206000000000026
82.7840000000000319
93.9620000000000418
102.2070000000000491
110.1020000000000561
167.309000000000107
173.495000000000112
179.311000000000118
187.787000000000125
194.714000000000131
201.445000000000137
208.112000000000143
216.471000000000151
222.911000000000156
228.599000000000161
236.401000000000168
271.485000000000199
381.139000000000297
394.204000000000308
401.708000000000315
409.112000000000322
416.300000000000328
425.147000000000336
432.987000000000343
467.747000000000374
511.817000000000413
518.401000000000419
526.736000000000426
537.769000000000436
545.573000000000443
553.93600000000045
569.132000000000464
582.832000000000476
589.638000000000482
599.915000000000491
934.395000000000788
1291.63600000000111
1301.78800000000111
1308.31600000000112
1318.22100000000113
1336.77200000000115
1352.34400000000116
1359.57700000000117
1366.79800000000117
1374.56400000000118
1397.8340000000012
1410.27200000000121
1422.11300000000122
1577.82800000000136
1589.11500000000137
1597.18200000000138
1607.81300000000139
1618.7770000000014
1631.41300000000141
1650.90900000000142
1662.06900000000143
2
0
5000
0
0
0
0
2700
99
0
0
0
0
0
0
2700.79599999992988
0
0
0
0
0
0
