11
26
19
11
26
19
cPPR1.15
PR3_day2
0
1
11
53
42
13
09
55
23
3
.3
1
2865
1
44
1
1
1
1
1
1
1
1
1
1
1
1
1
1
1
1
1
1
1
1
1
184
2864
-1
7.15100000000000014
11.23500000000000022
11.76500000000000023
12.14100000000000024
26.7309999999999912
27.8029999999999903
28.0139999999999901
28.3279999999999899
36.8569999999999911
37.0729999999999913
37.4699999999999916
37.6989999999999918
37.902999999999992
38.5439999999999926
38.8869999999999929
41.6519999999999953
42.388999999999996
42.7379999999999963
43.4439999999999969
43.6559999999999971
43.8479999999999973
44.0789999999999975
44.3809999999999978
44.5639999999999979
44.7939999999999981
45.0369999999999984
45.757999999999999
46.5209999999999997
47.0780000000000002
47.3130000000000004
47.4840000000000005
47.6990000000000007
55.5430000000000077
55.7580000000000079
55.915000000000008
56.0870000000000082
56.2830000000000083
56.4340000000000085
56.5940000000000086
56.7670000000000088
57.1280000000000091
57.6170000000000095
58.4510000000000103
58.7020000000000105
58.8600000000000106
62.604000000000014
62.9780000000000143
63.1270000000000144
72.6590000000000229
72.8680000000000231
73.0050000000000232
73.2630000000000234
73.3790000000000235
73.5390000000000237
73.9760000000000241
76.2520000000000261
76.4550000000000263
76.6280000000000264
76.8150000000000266
77.0490000000000268
77.5270000000000272
77.7720000000000274
78.1220000000000277
78.2220000000000278
81.9280000000000311
82.1120000000000313
83.0470000000000321
83.2340000000000323
83.4000000000000324
83.5800000000000326
83.8060000000000328
84.002000000000033
84.1770000000000331
84.5670000000000335
85.4600000000000342
85.7120000000000345
85.8910000000000346
90.4740000000000387
90.7050000000000389
90.8660000000000391
91.0850000000000392
91.2640000000000394
91.5170000000000396
91.7720000000000399
92.1430000000000402
93.5380000000000414
93.7370000000000416
93.9070000000000418
100.1100000000000473
100.3340000000000475
100.895000000000048
101.1920000000000482
101.3770000000000484
101.5710000000000486
101.7650000000000487
102.030000000000049
102.1850000000000491
102.4790000000000494
102.6540000000000495
102.7950000000000496
102.9400000000000498
103.15700000000005
104.5260000000000512
104.7320000000000514
104.9280000000000516
105.0820000000000517
105.2390000000000518
105.462000000000052
105.8000000000000523
106.1820000000000527
113.3870000000000591
114.0090000000000596
114.39800000000006
114.5880000000000601
114.8490000000000604
115.0580000000000605
115.567000000000061
116.1720000000000615
116.4710000000000618
116.656000000000062
116.8300000000000621
117.0260000000000623
117.2270000000000625
117.5100000000000627
118.3350000000000634
118.7400000000000638
118.954000000000064
119.1370000000000642
120.1680000000000651
121.3020000000000661
121.4770000000000662
121.6280000000000664
121.8630000000000666
122.0140000000000667
122.1830000000000669
136.62900000000008
137.42800000000008
137.51100000000008
137.679000000000081
137.923000000000081
138.075000000000081
138.249000000000081
138.878000000000082
139.065000000000082
139.450000000000082
139.590000000000082
141.792000000000084
141.910000000000084
142.085000000000085
142.244000000000085
142.620000000000085
142.736000000000085
143.318000000000086
143.652000000000086
143.830000000000086
144.040000000000086
144.335000000000087
144.527000000000087
144.787000000000087
144.976000000000087
145.398000000000087
149.474000000000091
149.862000000000091
149.997000000000092
154.689000000000096
154.981000000000096
155.214000000000096
155.846000000000097
156.046000000000097
156.251000000000097
156.473000000000097
156.745000000000098
156.960000000000098
157.570000000000098
157.836000000000099
158.020000000000099
159.2810000000001
159.4930000000001
159.7480000000001
160.0110000000001
160.230000000000101
160.948000000000101
161.457000000000102
161.722000000000102
161.961000000000102
163.061000000000103
163.253000000000103
163.537000000000104
163.761000000000104
163.995000000000104
164.212000000000104
164.355000000000104
164.517000000000104
164.701000000000105
166.137000000000106
166.358000000000106
173.236000000000112
173.442000000000112
173.961000000000113
174.345000000000113
174.823000000000114
175.024000000000114
175.312000000000114
176.139000000000115
177.163000000000116
177.376000000000116
177.575000000000116
177.820000000000116
178.257000000000117
178.458000000000117
178.819000000000117
179.693000000000118
179.887000000000118
180.464000000000119
180.706000000000119
180.942000000000119
181.091000000000119
181.321000000000119
182.55800000000012
182.865000000000121
183.285000000000121
183.851000000000122
184.050000000000122
184.318000000000122
186.127000000000124
186.389000000000124
186.678000000000124
188.197000000000126
189.384000000000127
192.512000000000129
198.080000000000134
198.393000000000135
198.686000000000135
199.717000000000136
200.084000000000136
200.310000000000136
200.471000000000136
200.709000000000137
201.229000000000137
201.480000000000137
201.815000000000138
201.980000000000138
202.246000000000138
202.408000000000138
202.582000000000138
202.754000000000138
203.179000000000139
203.397000000000139
203.520000000000139
203.99100000000014
205.345000000000141
205.544000000000141
205.727000000000141
206.009000000000141
206.233000000000142
206.419000000000142
206.563000000000142
206.774000000000142
206.947000000000142
207.267000000000142
208.235000000000143
209.049000000000144
209.267000000000144
209.421000000000144
210.201000000000145
210.445000000000145
210.621000000000145
214.094000000000149
216.10200000000015
216.35200000000015
216.650000000000151
216.907000000000151
218.686000000000153
218.890000000000153
219.127000000000153
219.284000000000153
219.487000000000153
220.381000000000154
220.608000000000154
221.391000000000155
221.985000000000156
223.652000000000157
223.886000000000157
224.769000000000158
224.961000000000158
225.150000000000158
225.392000000000159
225.551000000000159
225.844000000000159
226.053000000000159
226.283000000000159
226.56900000000016
226.76000000000016
228.191000000000161
228.442000000000161
228.676000000000161
228.838000000000162
229.092000000000162
229.292000000000162
229.535000000000162
230.555000000000163
231.298000000000164
232.132000000000165
232.418000000000165
232.866000000000165
233.565000000000166
233.927000000000166
234.115000000000166
246.494000000000177
246.685000000000177
246.901000000000178
247.058000000000178
247.289000000000178
247.480000000000178
247.714000000000178
248.232000000000179
248.573000000000179
249.34400000000018
249.60600000000018
249.79500000000018
250.03400000000018
250.916000000000181
251.350000000000182
251.594000000000182
253.007000000000183
253.657000000000184
254.201000000000184
255.379000000000185
255.608000000000185
255.802000000000186
255.980000000000186
256.275000000000186
258.080000000000188
258.209000000000188
258.527000000000188
258.712000000000188
259.005000000000188
259.224000000000189
259.595000000000189
260.33900000000019
263.838000000000193
265.941000000000195
266.220000000000195
266.508000000000195
267.310000000000196
267.913000000000196
268.143000000000196
268.297000000000197
268.872000000000197
269.055000000000197
269.863000000000198
276.356000000000204
276.661000000000204
276.908000000000204
277.170000000000205
277.750000000000205
278.107000000000205
278.353000000000206
278.574000000000206
278.860000000000206
279.061000000000206
279.253000000000206
279.911000000000207
280.380000000000207
280.761000000000208
280.950000000000208
281.227000000000208
283.47400000000021
283.67800000000021
284.081000000000211
284.413000000000211
284.572000000000211
284.727000000000211
284.985000000000211
285.125000000000212
285.675000000000212
285.842000000000212
286.238000000000213
286.486000000000213
286.599000000000213
287.501000000000214
287.684000000000214
288.049000000000214
288.171000000000214
288.430000000000214
288.667000000000215
289.734000000000216
290.319000000000216
290.562000000000216
292.860000000000218
294.12000000000022
294.34000000000022
294.57400000000022
294.84900000000022
295.00700000000022
295.341000000000221
295.506000000000221
312.760000000000236
313.203000000000236
313.368000000000237
313.957000000000237
314.197000000000237
314.313000000000238
314.518000000000238
314.793000000000238
315.203000000000238
315.564000000000239
317.53300000000024
317.752000000000241
317.962000000000241
318.381000000000241
318.753000000000241
319.162000000000242
319.532000000000242
320.028000000000243
320.220000000000243
320.408000000000243
323.165000000000245
323.434000000000246
323.605000000000246
323.789000000000246
324.001000000000246
324.196000000000246
324.478000000000247
324.656000000000247
324.892000000000247
325.060000000000247
325.411000000000247
325.529000000000247
327.072000000000249
329.155000000000251
331.283000000000253
331.534000000000253
331.746000000000253
331.916000000000253
332.158000000000253
332.666000000000254
333.013000000000254
333.179000000000254
333.482000000000255
333.647000000000255
338.380000000000259
338.892000000000259
339.15500000000026
339.34000000000026
339.73800000000026
344.293000000000264
345.465000000000265
345.675000000000265
345.863000000000266
346.118000000000266
346.371000000000266
346.607000000000266
346.842000000000266
348.679000000000268
348.941000000000268
349.144000000000268
349.460000000000269
349.651000000000269
350.95800000000027
351.31800000000027
351.512000000000271
351.690000000000271
351.878000000000271
352.226000000000271
352.470000000000271
355.361000000000274
355.542000000000274
355.793000000000274
355.950000000000274
356.204000000000275
356.906000000000275
357.531000000000276
359.214000000000277
360.016000000000278
360.316000000000278
360.501000000000279
360.719000000000279
360.997000000000279
362.848000000000281
364.912000000000282
365.138000000000283
365.322000000000283
365.547000000000283
365.848000000000283
366.040000000000283
366.211000000000284
366.419000000000284
366.580000000000284
367.851000000000285
368.610000000000286
368.783000000000286
368.974000000000286
369.485000000000286
369.885000000000287
370.344000000000287
370.634000000000288
372.370000000000289
373.12200000000029
388.367000000000303
388.804000000000304
389.127000000000304
389.545000000000304
389.894000000000305
390.223000000000305
390.580000000000305
391.114000000000306
391.543000000000306
392.322000000000307
392.474000000000307
392.669000000000307
392.858000000000307
393.031000000000307
393.197000000000308
393.732000000000308
393.983000000000308
394.213000000000308
394.401000000000309
395.060000000000309
395.283000000000309
395.53000000000031
396.24900000000031
397.172000000000311
397.366000000000311
397.534000000000311
397.688000000000312
398.003000000000312
398.320000000000312
398.628000000000312
398.780000000000313
399.329000000000313
399.713000000000313
400.959000000000314
401.154000000000315
401.344000000000315
401.924000000000315
402.104000000000315
402.402000000000316
402.952000000000316
403.171000000000316
403.305000000000317
403.544000000000317
403.734000000000317
403.895000000000317
404.179000000000317
404.358000000000317
405.600000000000319
406.216000000000319
406.459000000000319
406.67700000000032
406.89600000000032
407.21600000000032
408.587000000000321
408.884000000000322
455.325000000000363
456.774000000000364
458.637000000000366
458.891000000000366
459.054000000000366
459.371000000000366
459.941000000000367
460.558000000000367
460.736000000000368
461.050000000000368
461.531000000000368
463.20100000000037
463.36200000000037
463.53200000000037
463.69900000000037
463.92600000000037
464.257000000000371
464.569000000000371
465.360000000000372
466.200000000000372
466.404000000000373
466.602000000000373
466.771000000000373
467.150000000000373
468.369000000000374
468.587000000000375
468.799000000000375
468.937000000000375
469.070000000000375
491.894000000000395
492.850000000000396
493.092000000000396
493.903000000000397
494.087000000000397
494.279000000000397
494.421000000000398
495.525000000000398
496.099000000000399
496.286000000000399
496.9580000000004
497.0960000000004
497.3090000000004
497.6620000000004
497.8470000000004
499.042000000000402
499.245000000000402
499.501000000000402
499.718000000000402
499.904000000000402
516.339000000000417
516.608000000000417
516.769000000000417
518.421000000000419
518.637000000000419
518.916000000000419
519.173000000000419
520.19200000000042
520.398000000000421
520.587000000000421
542.36000000000044
542.65800000000044
542.88600000000044
543.492000000000441
543.683000000000441
543.840000000000441
544.754000000000442
545.036000000000442
545.477000000000443
546.068000000000443
546.906000000000444
547.210000000000444
547.442000000000445
547.615000000000445
548.709000000000446
548.914000000000446
549.220000000000446
549.885000000000447
551.071000000000448
551.274000000000448
551.454000000000448
551.657000000000448
551.817000000000448
552.042000000000449
552.798000000000449
553.67100000000045
554.200000000000451
554.316000000000451
554.514000000000451
554.685000000000451
554.876000000000451
555.049000000000451
555.218000000000451
555.524000000000452
556.046000000000452
573.079000000000467
573.293000000000468
573.443000000000468
573.690000000000468
574.661000000000469
574.933000000000469
575.188000000000469
575.367000000000469
575.59100000000047
575.82600000000047
576.00800000000047
576.15700000000047
576.32600000000047
576.782000000000471
576.871000000000471
577.272000000000471
577.827000000000472
578.036000000000472
579.076000000000473
579.267000000000473
579.657000000000473
580.821000000000474
581.054000000000474
581.244000000000475
582.774000000000476
582.919000000000476
587.04700000000048
589.208000000000482
589.880000000000482
590.055000000000482
590.833000000000483
591.171000000000483
591.474000000000484
591.720000000000484
591.912000000000484
592.244000000000484
592.561000000000485
593.541000000000486
594.119000000000486
595.957000000000488
596.170000000000488
596.388000000000488
596.661000000000488
596.837000000000488
597.143000000000489
597.293000000000489
597.369000000000489
597.560000000000489
597.707000000000489
597.836000000000489
597.983000000000489
598.19400000000049
598.44900000000049
598.66400000000049
598.77200000000049
599.430000000000491
600.554000000000492
600.768000000000492
600.977000000000492
601.173000000000492
601.420000000000492
601.611000000000493
601.879000000000493
602.028000000000493
602.357000000000493
603.440000000000494
604.027000000000495
605.351000000000496
605.565000000000496
605.728000000000496
606.410000000000497
613.404000000000503
613.860000000000504
614.308000000000504
614.960000000000504
615.237000000000505
615.494000000000505
615.838000000000505
615.959000000000505
616.185000000000506
616.446000000000506
616.634000000000506
616.752000000000506
616.945000000000506
617.072000000000506
617.227000000000507
619.075000000000508
619.504000000000509
619.623000000000509
619.977000000000509
620.169000000000509
626.843000000000515
627.672000000000516
628.060000000000516
628.387000000000516
628.766000000000517
628.877000000000517
629.582000000000518
629.994000000000518
630.217000000000518
630.393000000000518
630.585000000000518
630.919000000000519
631.108000000000519
631.377000000000519
631.693000000000519
631.81500000000052
632.38900000000052
632.87900000000052
633.569000000000521
633.962000000000521
634.210000000000522
634.453000000000522
634.618000000000522
635.102000000000522
635.316000000000523
635.512000000000523
635.739000000000523
636.227000000000523
636.676000000000524
637.010000000000524
637.852000000000525
638.261000000000525
638.452000000000525
638.667000000000526
638.880000000000526
639.175000000000526
653.422000000000539
653.949000000000539
654.214000000000539
655.07900000000054
655.32500000000054
655.699000000000541
655.850000000000541
656.039000000000541
656.277000000000541
656.518000000000541
656.722000000000542
656.919000000000542
657.234000000000542
659.425000000000544
659.645000000000544
659.854000000000544
660.142000000000545
660.761000000000545
660.979000000000545
661.941000000000546
662.933000000000547
664.062000000000548
665.300000000000549
666.00900000000055
666.25200000000055
666.45700000000055
666.78400000000055
667.337000000000551
668.235000000000552
668.593000000000552
668.826000000000552
676.567000000000559
677.35400000000056
677.57500000000056
679.030000000000561
679.418000000000562
680.160000000000562
680.568000000000563
680.760000000000563
681.015000000000563
681.214000000000563
681.381000000000564
681.594000000000564
682.370000000000564
683.743000000000566
684.000000000000566
684.273000000000566
684.465000000000566
684.776000000000566
685.007000000000567
685.309000000000567
685.477000000000567
685.695000000000567
686.756000000000568
687.127000000000569
687.285000000000569
687.563000000000569
688.42200000000057
688.59700000000057
690.198000000000571
690.419000000000572
691.231000000000572
691.452000000000572
691.736000000000573
692.111000000000573
692.399000000000573
694.459000000000575
694.694000000000575
694.992000000000576
695.121000000000576
695.415000000000576
695.764000000000576
715.455000000000594
715.648000000000594
716.443000000000595
716.627000000000595
716.871000000000595
717.037000000000595
717.173000000000595
718.562000000000596
718.811000000000597
719.045000000000597
719.713000000000598
720.718000000000598
720.941000000000599
721.178000000000599
721.327000000000599
721.778000000000599
722.3550000000006
723.903000000000601
724.321000000000602
725.399000000000603
726.706000000000604
726.933000000000604
727.285000000000604
727.462000000000604
727.632000000000605
728.046000000000605
729.350000000000606
729.603000000000606
729.805000000000606
734.523000000000611
736.519000000000612
736.878000000000613
737.308000000000613
737.533000000000613
737.726000000000614
737.896000000000614
738.144000000000614
738.369000000000614
738.567000000000614
738.779000000000614
739.314000000000615
739.544000000000615
739.750000000000615
740.627000000000616
741.305000000000617
741.482000000000617
741.660000000000617
741.892000000000617
742.076000000000617
742.313000000000618
742.485000000000618
743.197000000000618
743.501000000000619
743.780000000000619
743.986000000000619
744.56600000000062
744.76300000000062
744.99500000000062
745.16000000000062
745.33900000000062
745.57000000000062
745.792000000000621
746.373000000000621
746.499000000000621
747.762000000000622
747.943000000000623
748.128000000000623
748.484000000000623
748.672000000000623
748.878000000000623
749.135000000000624
749.304000000000624
749.491000000000624
751.915000000000626
752.083000000000626
752.279000000000626
752.526000000000627
752.701000000000627
753.307000000000627
753.528000000000628
754.147000000000628
754.330000000000628
755.382000000000629
756.37100000000063
756.60200000000063
758.483000000000632
758.729000000000632
758.977000000000632
760.656000000000634
761.780000000000635
762.361000000000635
763.287000000000636
763.554000000000636
763.877000000000637
764.378000000000637
766.676000000000639
766.893000000000639
768.358000000000641
768.608000000000641
768.964000000000641
769.125000000000641
769.433000000000642
769.594000000000642
780.600000000000652
780.997000000000652
781.249000000000652
781.770000000000653
782.371000000000653
782.639000000000653
782.829000000000654
783.047000000000654
783.212000000000654
783.455000000000654
783.801000000000654
784.074000000000655
784.270000000000655
784.643000000000655
785.479000000000656
786.411000000000657
787.301000000000658
787.531000000000658
787.845000000000658
789.66700000000066
791.249000000000661
791.379000000000661
791.524000000000661
791.814000000000662
792.158000000000662
792.730000000000662
793.523000000000663
793.863000000000663
794.157000000000664
794.501000000000664
794.764000000000664
795.188000000000665
795.396000000000665
795.819000000000665
796.593000000000666
797.041000000000666
797.410000000000667
797.605000000000667
797.852000000000667
798.066000000000667
800.331000000000669
800.88300000000067
801.30900000000067
801.61200000000067
801.84300000000067
802.117000000000671
802.303000000000671
802.480000000000671
803.455000000000672
803.672000000000672
805.195000000000674
805.385000000000674
805.587000000000674
805.886000000000674
806.077000000000674
806.253000000000674
806.513000000000675
806.819000000000675
807.013000000000675
807.182000000000675
807.378000000000675
807.641000000000676
807.894000000000676
808.384000000000676
810.379000000000678
810.950000000000679
811.699000000000679
812.26200000000068
812.46600000000068
812.79400000000068
813.08600000000068
813.342000000000681
813.510000000000681
813.716000000000681
813.965000000000681
814.179000000000681
824.40200000000069
824.767000000000691
825.089000000000691
825.314000000000691
832.453000000000698
833.383000000000698
833.586000000000699
834.291000000000699
834.5550000000007
834.7440000000007
835.1880000000007
835.843000000000701
836.671000000000701
836.860000000000702
837.079000000000702
837.259000000000702
837.905000000000703
838.231000000000703
838.862000000000703
839.079000000000704
840.383000000000705
840.599000000000705
840.869000000000705
841.102000000000705
841.347000000000706
841.652000000000706
841.860000000000706
842.529000000000707
843.242000000000707
843.458000000000707
843.639000000000708
843.953000000000708
844.233000000000708
844.444000000000708
844.621000000000708
844.956000000000709
845.686000000000709
865.650000000000727
866.254000000000728
866.400000000000728
867.423000000000729
867.754000000000729
867.932000000000729
868.36800000000073
868.49900000000073
868.70100000000073
868.98500000000073
869.733000000000731
871.172000000000732
872.209000000000733
872.536000000000733
872.907000000000734
873.073000000000734
873.151000000000734
873.382000000000734
873.628000000000734
873.786000000000734
873.994000000000735
874.227000000000735
874.425000000000735
875.499000000000736
875.669000000000736
875.974000000000736
876.150000000000736
876.379000000000737
877.067000000000737
877.455000000000738
879.150000000000739
879.388000000000739
879.61100000000074
879.79300000000074
880.28500000000074
880.70800000000074
881.069000000000741
883.631000000000743
884.378000000000744
884.511000000000744
884.791000000000744
885.738000000000745
886.084000000000745
891.83300000000075
893.879000000000752
896.149000000000754
896.433000000000754
896.890000000000755
897.096000000000755
897.417000000000755
897.730000000000756
898.043000000000756
898.261000000000756
898.591000000000756
899.578000000000757
900.326000000000758
901.061000000000759
901.356000000000759
901.567000000000759
901.778000000000759
901.967000000000759
902.14500000000076
902.85300000000076
903.573000000000761
904.413000000000762
905.265000000000762
905.571000000000763
905.768000000000763
906.709000000000764
907.404000000000764
908.517000000000765
908.794000000000765
908.999000000000766
909.161000000000766
909.312000000000766
909.581000000000766
909.803000000000766
910.385000000000767
911.218000000000768
912.204000000000768
912.764000000000769
913.065000000000769
914.26600000000077
915.644000000000772
915.958000000000772
916.186000000000772
916.467000000000772
916.763000000000773
916.963000000000773
917.355000000000773
917.935000000000774
918.138000000000774
919.053000000000775
919.510000000000775
919.830000000000775
924.082000000000779
924.319000000000779
924.527000000000779
924.87400000000078
925.03600000000078
925.43600000000078
925.757000000000781
926.816000000000782
932.758000000000787
935.685000000000789
936.88200000000079
937.074000000000791
937.348000000000791
937.564000000000791
939.739000000000793
939.908000000000793
940.112000000000793
940.286000000000794
940.572000000000794
940.832000000000794
941.148000000000794
942.466000000000795
942.659000000000796
942.846000000000796
943.122000000000796
943.266000000000796
943.357000000000796
943.533000000000796
943.798000000000797
944.051000000000797
970.18600000000082
970.64300000000082
970.950000000000821
971.174000000000821
971.582000000000821
971.915000000000822
972.305000000000822
972.491000000000822
973.151000000000823
973.355000000000823
974.070000000000823
974.426000000000824
974.653000000000824
974.884000000000824
975.142000000000824
976.823000000000826
977.064000000000826
977.292000000000826
977.490000000000827
978.588000000000828
979.129000000000828
979.648000000000828
979.933000000000829
980.236000000000829
980.463000000000829
980.837000000000829
981.02800000000083
981.16100000000083
981.41200000000083
981.60200000000083
981.76400000000083
982.026000000000831
982.254000000000831
982.433000000000831
983.302000000000832
984.023000000000832
984.207000000000832
984.631000000000833
984.987000000000833
985.178000000000833
985.376000000000834
985.630000000000834
985.810000000000834
986.113000000000834
986.357000000000834
987.063000000000835
987.347000000000835
990.029000000000838
991.009000000000839
991.383000000000839
991.612000000000839
991.860000000000839
992.033000000000839
992.19300000000084
992.70000000000084
993.22900000000084
993.403000000000841
993.630000000000841
993.891000000000841
994.448000000000842
995.258000000000842
995.975000000000843
996.212000000000843
996.370000000000843
996.578000000000843
998.857000000000846
999.067000000000846
999.303000000000846
999.550000000000846
999.804000000000846
999.963000000000846
1000.196000000000847
1000.645000000000847
1001.536000000000848
1001.922000000000848
1002.116000000000848
1002.572000000000849
1002.737000000000849
1003.059000000000849
1005.806000000000852
1005.996000000000852
1006.176000000000852
1006.379000000000852
1006.543000000000852
1006.837000000000853
1014.72200000000086
1015.42600000000086
1017.132000000000862
1017.248000000000862
1017.485000000000862
1017.704000000000862
1017.991000000000862
1018.119000000000863
1018.514000000000863
1018.707000000000863
1019.058000000000863
1019.154000000000864
1020.423000000000865
1020.660000000000865
1020.899000000000865
1021.056000000000865
1021.477000000000866
1021.819000000000866
1022.135000000000866
1024.12300000000087
1024.58900000000087
1024.80000000000087
1024.95600000000087
1025.18200000000087
1025.36900000000087
1025.60100000000087
1025.76400000000087
1025.98000000000087
1026.13300000000087
1026.38500000000087
1026.55400000000087
1027.04800000000087
1027.31500000000087
1028.11000000000087
1028.31200000000087
1028.80500000000087
1030.03900000000087
1030.57100000000087
1031.26100000000087
1031.44100000000087
1031.65200000000087
1031.86100000000087
1032.16400000000088
1032.35400000000088
1032.55100000000088
1032.85900000000088
1033.18800000000088
1035.24800000000088
1035.45200000000088
1035.68100000000088
1035.90800000000088
1036.04100000000088
1037.62900000000088
1037.93400000000088
1038.46500000000088
1038.69300000000088
1039.09100000000088
1039.44400000000088
1039.78600000000088
1039.82800000000088
1041.11400000000088
1041.36100000000088
1041.50500000000088
1041.72500000000088
1041.87400000000088
1042.13200000000088
1042.42700000000088
1042.61100000000088
1042.99400000000088
1043.86400000000089
1045.89900000000089
1046.15800000000089
1046.40400000000089
1047.00200000000089
1047.26200000000089
1047.43300000000089
1049.71900000000089
1049.95000000000089
1050.18800000000089
1050.46400000000089
1050.68100000000089
1050.86600000000089
1051.09000000000089
1051.28700000000089
1051.59300000000089
1051.91000000000089
1052.08700000000089
1052.34100000000089
1063.4940000000009
1064.0160000000009
1064.6420000000009
1064.9520000000009
1065.3550000000009
1065.5110000000009
1066.40100000000091
1066.72300000000091
1066.93300000000091
1067.17600000000091
1067.87300000000091
1068.04700000000091
1068.36200000000091
1068.66600000000091
1068.86200000000091
1069.11900000000091
1069.53300000000091
1069.69300000000091
1070.04900000000091
1071.39800000000091
1071.62000000000091
1071.95200000000091
1072.09300000000091
1072.27800000000091
1072.49800000000091
1072.70700000000091
1072.99000000000091
1073.24800000000091
1073.45100000000091
1073.63800000000091
1073.86000000000091
1074.15600000000091
1074.32800000000091
1074.61400000000091
1076.78300000000091
1077.02600000000091
1077.22400000000092
1077.55400000000092
1077.89500000000092
1078.78000000000092
1079.02500000000092
1079.23600000000092
1080.79900000000092
1080.91800000000092
1081.09500000000092
1081.29400000000092
1081.55000000000092
1082.22200000000092
1082.63100000000092
1083.18800000000092
1084.32000000000092
1085.71200000000092
1085.93100000000092
1086.40500000000092
1086.68400000000092
1087.70700000000092
1088.60300000000093
1089.94400000000093
1090.87200000000093
1091.36300000000093
1091.56200000000093
1091.77500000000093
1091.98900000000093
1092.28100000000093
1092.84000000000093
1093.14800000000093
1093.50700000000093
1093.85800000000093
1094.04000000000093
1094.22000000000093
1094.39900000000093
1094.61000000000093
1094.78600000000093
1095.83300000000093
1096.20200000000093
1096.39500000000093
1096.57200000000093
1096.83500000000093
1097.02600000000093
1097.22000000000093
1097.46400000000093
1097.68100000000093
1098.64000000000093
1099.75300000000094
1099.93600000000094
1100.17500000000094
1101.94000000000094
1102.18100000000094
1102.40500000000094
1102.75100000000094
1103.07400000000094
1108.00700000000094
1110.36700000000094
1111.45600000000095
1112.82100000000095
1113.28000000000095
1113.61400000000095
1113.93400000000095
1114.20300000000095
1114.72600000000095
1114.94900000000095
1115.35700000000095
1115.55900000000095
1115.85000000000095
1116.18600000000095
1116.37600000000095
1116.55800000000095
1116.78600000000095
1116.99300000000095
1117.26500000000095
1117.44100000000095
1117.49800000000095
1117.69800000000095
1117.96700000000095
1118.57900000000095
1118.70600000000095
1118.96600000000095
1119.15300000000095
1119.87800000000095
1120.18900000000095
1121.47400000000095
1121.74500000000095
1121.96100000000095
1122.10000000000095
1122.41200000000096
1122.55300000000096
1122.62700000000096
1122.98600000000096
1123.15100000000096
1123.31400000000096
1123.66700000000096
1125.35600000000096
1125.63800000000096
1125.90700000000096
1126.39800000000096
1126.60400000000096
1126.81500000000096
1127.00000000000096
1127.27600000000096
1127.76900000000096
1128.20600000000096
1129.22900000000096
1159.42000000000099
1159.84600000000099
1160.14900000000099
1161.01800000000099
1161.12600000000099
1161.40500000000099
1161.70900000000099
1161.87100000000099
1162.50100000000099
1163.49200000000099
1163.84400000000099
1163.93300000000099
1164.25500000000099
1166.26200000000099
1166.50600000000099
1166.68400000000099
1166.92000000000099
1167.620000000001
1167.799000000001
1168.212000000001
1168.647000000001
1169.035000000001
1169.476000000001
1169.715000000001
1170.525000000001
1170.783000000001
1171.143000000001
1171.320000000001
1171.432000000001
1171.801000000001
1172.470000000001
1172.522000000001
1173.369000000001
1173.689000000001
1173.967000000001
1174.230000000001
1174.591000000001
1174.746000000001
1175.157000000001
1182.81800000000101
1183.42500000000101
1183.95900000000101
1184.85900000000101
1185.20200000000101
1242.46800000000106
1242.90100000000106
1244.09100000000106
1244.32900000000106
1244.73000000000106
1245.96900000000106
1246.29900000000107
1246.57800000000107
1246.82800000000107
1247.08400000000107
1247.39500000000107
1248.31000000000107
1248.67100000000107
1249.68200000000107
1250.03400000000107
1250.45500000000107
1250.59900000000107
1250.84100000000107
1251.17200000000107
1251.31500000000107
1251.46200000000107
1262.50900000000108
1262.85400000000108
1263.21100000000108
1263.51800000000108
1263.69200000000108
1265.30000000000108
1265.66400000000108
1266.23600000000108
1266.49100000000108
1266.67000000000108
1266.92700000000108
1267.09500000000108
1267.26300000000108
1267.60800000000108
1267.79700000000108
1267.97700000000108
1269.54100000000109
1270.76900000000109
1271.00500000000109
1271.30500000000109
1271.52200000000109
1271.77900000000109
1272.08900000000109
1272.25500000000109
1272.83200000000109
1273.00100000000109
1273.15200000000109
1273.45700000000109
1273.71400000000109
1274.01200000000109
1275.02100000000109
1275.80200000000109
1276.01800000000109
1276.27000000000109
1276.45300000000109
1276.88600000000109
1277.50700000000109
1277.90100000000109
1278.86500000000109
1290.6930000000011
1291.36200000000111
1291.62800000000111
1292.34500000000111
1293.36500000000111
1293.55700000000111
1293.75100000000111
1293.91800000000111
1294.44100000000111
1294.70800000000111
1295.98400000000111
1296.69200000000111
1297.83000000000111
1298.23900000000111
1298.49500000000111
1299.04100000000111
1299.18100000000111
1299.50500000000111
1299.74100000000111
1299.99300000000111
1300.16400000000111
1300.47400000000111
1300.65300000000111
1300.84200000000111
1301.18300000000111
1303.43900000000112
1304.33900000000112
1304.43900000000112
1304.60500000000112
1304.93000000000112
1305.10000000000112
1305.28000000000112
1305.47700000000112
1305.61400000000112
1305.81700000000112
1305.94600000000112
1307.61600000000112
1333.10900000000114
1333.72600000000114
1333.96000000000114
1334.13800000000114
1334.25300000000114
1334.56400000000114
1335.67100000000114
1335.89400000000114
1336.08800000000114
1336.36100000000115
1336.66700000000115
1336.96300000000115
1337.35100000000115
1337.51600000000115
1337.86200000000115
1338.25900000000115
1338.88000000000115
1339.53800000000115
1339.82900000000115
1340.01400000000115
1340.27500000000115
1340.46800000000115
1340.80300000000115
1341.05400000000115
1341.39000000000115
1341.69600000000115
1343.55400000000115
1343.75700000000115
1343.99500000000115
1344.21300000000115
1344.50200000000115
1344.83400000000115
1345.17100000000115
1346.10700000000115
1346.30600000000115
1346.63300000000115
1346.91800000000115
1347.18700000000115
1347.32100000000115
1347.57800000000116
1347.81200000000116
1348.30300000000116
1348.61600000000116
1348.82100000000116
1349.06800000000116
1350.23600000000116
1350.48700000000116
1350.52900000000116
1351.69100000000116
1351.81600000000116
1352.00400000000116
1352.19900000000116
1353.47700000000116
1353.79900000000116
1354.13500000000116
1355.26200000000116
1355.86900000000116
1356.08700000000116
1356.57700000000116
1356.85400000000116
1357.15400000000116
1357.41600000000116
1357.68700000000116
1357.94300000000116
1358.08100000000116
1358.36500000000116
1358.54900000000116
1358.86200000000117
1359.22100000000117
1360.04000000000117
1361.41100000000117
1361.64800000000117
1363.57600000000117
1363.93800000000117
1364.61200000000117
1364.79700000000117
1365.21500000000117
1365.67500000000117
1365.87200000000117
1366.16900000000117
1366.35900000000117
1366.72600000000117
1366.99100000000117
1367.15800000000117
1367.23900000000117
1367.46100000000117
1367.66500000000117
1367.72500000000117
1368.51400000000117
1369.98900000000118
1370.21100000000118
1370.51100000000118
1370.68600000000118
1371.37800000000118
1371.57300000000118
1372.53900000000118
1372.81500000000118
1373.47100000000118
1373.81900000000118
1374.34100000000118
1390.22700000000119
1390.61200000000119
1391.10800000000119
1391.26900000000119
1391.56800000000119
1391.74200000000119
1391.88900000000119
1393.5830000000012
1393.8440000000012
1394.3070000000012
1394.7670000000012
1396.1850000000012
1396.5750000000012
1397.9870000000012
1401.5510000000012
1401.8610000000012
1402.0270000000012
1402.4310000000012
1402.9830000000012
1403.7110000000012
1404.00300000000121
1404.31400000000121
1404.48300000000121
1405.02600000000121
1405.67500000000121
1405.88100000000121
1406.45600000000121
1406.67100000000121
1406.96900000000121
1407.15400000000121
1407.51600000000121
1407.86500000000121
1408.06800000000121
1408.94400000000121
1416.20500000000122
1416.54100000000122
1416.92800000000122
1417.77700000000122
1421.65900000000122
1422.61700000000122
1422.88500000000122
1424.59500000000122
1424.96400000000122
1425.20000000000122
1425.67500000000122
1425.86500000000122
1426.11600000000122
1426.50800000000123
1426.85700000000123
1427.88600000000123
1429.95000000000123
1430.53900000000123
1430.84800000000123
1431.02300000000123
1431.20600000000123
1431.51100000000123
1431.98600000000123
1432.39900000000123
1433.21100000000123
1433.75300000000123
1433.95200000000123
1435.33400000000123
1436.93900000000123
1437.15600000000123
1437.34200000000123
1437.64300000000124
1437.82300000000124
1438.12300000000124
1438.39800000000124
1439.07200000000124
1439.24200000000124
1439.44600000000124
1439.76700000000124
1440.66800000000124
1441.11600000000124
1441.68400000000124
1443.82800000000124
1444.07200000000124
1446.51400000000124
1446.87100000000124
1447.70600000000124
1448.11900000000124
1448.31600000000124
1448.59800000000124
1448.73900000000124
1449.03900000000125
1449.22800000000125
1449.40000000000125
1449.68500000000125
1449.87900000000125
1450.07900000000125
1450.35300000000125
1450.67300000000125
1450.89800000000125
1453.52100000000125
1453.75400000000125
1453.94100000000125
1454.11400000000125
1454.32300000000125
1454.49900000000125
1455.15200000000125
1455.51700000000125
1455.74000000000125
1455.89900000000125
1457.97000000000125
1463.09600000000126
1466.87600000000126
1467.35300000000126
1468.87200000000126
1469.01100000000126
1469.21200000000126
1469.43900000000126
1469.74000000000126
1470.02100000000126
1470.19100000000126
1470.32000000000126
1471.12700000000126
1471.25200000000126
1471.48500000000127
1472.24100000000127
1472.38100000000127
1473.77900000000127
1474.86500000000127
1475.25500000000127
1475.45700000000127
1475.65600000000127
1475.71600000000127
1476.09400000000127
1476.30200000000127
1476.48700000000127
1476.68500000000127
1477.00100000000127
1477.31700000000127
1477.59500000000127
1477.82300000000127
1478.05500000000127
1479.42800000000127
1479.79400000000127
1480.00600000000127
1480.34500000000127
1480.65200000000127
1480.87700000000127
1481.43400000000127
1482.05600000000127
1482.47900000000128
1482.76400000000128
1484.89900000000128
1485.20100000000128
1485.53400000000128
1488.53100000000128
1488.93400000000128
1489.21900000000128
1489.65900000000128
1489.97300000000128
1490.22900000000128
1490.41300000000128
1490.66500000000128
1490.97200000000128
1491.26900000000128
1493.68400000000128
1494.05800000000129
1494.23300000000129
1494.47000000000129
1494.64000000000129
1494.82700000000129
1495.09200000000129
1495.27000000000129
1495.48700000000129
1495.66900000000129
1495.72800000000129
1495.94000000000129
1496.25100000000129
1496.56400000000129
1500.19900000000129
1500.45500000000129
1500.63600000000129
1500.90500000000129
1501.51200000000129
1501.81900000000129
1502.55000000000129
1502.86900000000129
1504.29700000000129
1504.52300000000129
1504.74100000000129
1504.9920000000013
1505.1760000000013
1505.4760000000013
1505.5900000000013
1506.6700000000013
1506.9200000000013
1507.2710000000013
1507.5630000000013
1507.7910000000013
1508.1260000000013
1517.26200000000131
1517.54300000000131
1517.78200000000131
1518.03900000000131
1518.38800000000131
1520.76200000000131
1521.09100000000131
1521.35400000000131
1521.60400000000131
1522.08300000000131
1522.52300000000131
1523.25800000000131
1523.65600000000131
1523.97800000000131
1524.24800000000131
1524.53500000000131
1526.47900000000131
1536.75000000000132
1537.30500000000132
1537.99700000000132
1538.44300000000132
1539.75400000000133
1540.02400000000133
1540.57200000000133
1540.78000000000133
1541.37500000000133
1541.77400000000133
1542.67100000000133
1542.84100000000133
1543.58900000000133
1543.90900000000133
1544.23900000000133
1546.47200000000133
1547.04200000000133
1547.40500000000133
1548.69300000000133
1548.99900000000133
1549.23600000000133
1549.49800000000133
1549.78600000000133
1550.00300000000133
1550.41000000000134
1551.11400000000134
1551.50200000000134
1551.68700000000134
1551.94700000000134
1552.11900000000134
1552.32500000000134
1552.63700000000134
1552.82500000000134
1553.02900000000134
1553.30100000000134
1553.49200000000134
1553.77600000000134
1553.99800000000134
1554.17900000000134
1556.27600000000134
1556.53400000000134
1556.71800000000134
1557.29500000000134
1559.89400000000134
1560.07300000000134
1560.27300000000134
1560.43200000000134
1560.68800000000134
1561.05800000000134
1561.85100000000135
1562.52300000000135
1562.73000000000135
1562.92400000000135
1563.22700000000135
1563.50000000000135
1563.68600000000135
1563.84700000000135
1564.16200000000135
1564.43000000000135
1564.58500000000135
1565.42100000000135
1565.66900000000135
1566.43400000000135
1567.03500000000135
1570.07500000000135
1570.89400000000135
1571.10600000000135
1571.45600000000135
1571.63700000000135
1572.00400000000135
1573.38500000000136
1573.63500000000136
1574.15500000000136
1574.58200000000136
1575.31400000000136
1576.69300000000136
1577.05000000000136
1577.28900000000136
1577.54600000000136
1577.86000000000136
1578.32200000000136
1578.73400000000136
1579.70700000000136
1580.82300000000136
1581.05700000000136
1581.57400000000136
1583.20900000000136
1583.83400000000136
1584.63800000000137
1585.00100000000137
1585.26000000000137
1585.94300000000137
1587.79500000000137
1588.07500000000137
1588.32800000000137
1588.55800000000137
1588.82200000000137
1589.10300000000137
1589.43900000000137
1589.73600000000137
1591.17100000000137
1591.64600000000137
1592.09400000000137
1593.50700000000137
1593.77700000000137
1596.57000000000138
1596.96700000000138
1597.25900000000138
1597.99700000000138
1622.9670000000014
1623.6660000000014
1624.2750000000014
1625.6980000000014
1626.0210000000014
1627.1070000000014
1628.0460000000014
1628.8510000000014
1629.21600000000141
1629.49800000000141
1630.29800000000141
1632.14500000000141
1632.41100000000141
1633.49300000000141
1633.68900000000141
1634.07800000000141
1634.25100000000141
1634.84000000000141
1636.19000000000141
1636.51100000000141
1636.79200000000141
1637.21300000000141
1637.73100000000141
1639.19500000000141
1640.06200000000142
1640.64100000000142
1641.04800000000142
1641.28200000000142
1642.32200000000142
1642.79700000000142
1643.11500000000142
1644.16600000000142
1644.80400000000142
1646.43400000000142
1646.70900000000142
1647.77400000000142
1648.05400000000142
1648.67700000000142
1650.11400000000142
1650.53700000000142
1650.81500000000142
1651.15400000000142
1651.39700000000142
1653.19800000000143
1653.56500000000143
1654.05800000000143
1654.98000000000143
1655.77900000000143
1656.01900000000143
1656.21800000000143
1656.50200000000143
1656.89800000000143
1657.14000000000143
1660.05400000000143
1660.58800000000143
1660.84500000000143
1661.41800000000143
1661.82700000000143
1665.57200000000144
1666.06700000000144
1668.44400000000144
1668.92200000000144
1669.37200000000144
1676.98200000000145
1678.04400000000145
1680.40500000000145
1680.83200000000145
1681.23100000000145
1700.66400000000147
1701.64900000000147
1701.94500000000147
1702.10600000000147
1702.27200000000147
1702.51500000000147
1702.76600000000147
1703.91700000000147
1704.24100000000147
1704.43900000000147
1704.67100000000147
1704.80900000000147
1705.10300000000147
1705.61000000000147
1707.42800000000147
1707.74400000000148
1708.56500000000148
1708.77200000000148
1708.98300000000148
1709.62400000000148
1710.98300000000148
1711.38200000000148
1711.61700000000148
1711.77600000000148
1713.00300000000148
1713.58500000000148
1713.86000000000148
1714.30500000000148
1714.55000000000148
1715.21300000000148
1716.14700000000148
1717.25900000000148
1717.57400000000148
1717.91900000000148
1718.19600000000148
1719.18600000000149
1719.47300000000149
1719.77500000000149
1720.29100000000149
1720.40500000000149
1720.60400000000149
1723.58300000000149
1723.91700000000149
1724.24300000000149
1734.6800000000015
1735.5230000000015
1735.8110000000015
1735.9530000000015
1736.3460000000015
1736.6770000000015
1737.1140000000015
1737.4340000000015
1737.7250000000015
1739.5300000000015
1740.0910000000015
1740.2940000000015
1741.0880000000015
1741.4960000000015
1741.77200000000151
1742.40900000000151
1742.73400000000151
1743.08500000000151
1743.37300000000151
1743.59100000000151
1743.83600000000151
1745.43100000000151
1745.73300000000151
1746.30400000000151
1746.66700000000151
1748.34500000000151
1751.07300000000151
1751.42400000000151
1752.08200000000151
1752.35500000000151
1752.73600000000152
1753.25200000000152
1754.76000000000152
1755.42700000000152
1770.31400000000153
1770.57200000000153
1771.79300000000153
1772.09200000000153
1773.16800000000153
1773.38200000000153
1773.98400000000153
1774.11400000000153
1774.39700000000153
1774.68400000000153
1775.03000000000153
1775.33500000000154
1777.71700000000154
1778.03000000000154
1778.79200000000154
1779.06500000000154
1779.25400000000154
1779.44100000000154
1781.54400000000154
1782.05500000000154
1782.29200000000154
1782.50600000000154
1782.77700000000154
1783.06200000000154
1783.39100000000154
1783.88700000000154
1784.16500000000154
1784.52900000000154
1784.79600000000154
1785.78100000000154
1786.86800000000155
1787.29600000000155
1787.57400000000155
1788.25900000000155
1788.50900000000155
1789.14100000000155
1789.74400000000155
1789.97100000000155
1790.39300000000155
1790.77800000000155
1791.36000000000155
1791.88300000000155
1792.17100000000155
1792.41600000000155
1793.34500000000155
1793.78500000000155
1794.09300000000155
1794.43100000000155
1797.41500000000155
1797.64700000000155
1797.93500000000156
1798.26000000000156
1798.63900000000156
1799.09000000000156
1799.32300000000156
1799.59200000000156
1799.88200000000156
1802.30900000000156
1802.62100000000156
1803.09200000000156
1803.38300000000156
1803.72000000000156
1804.20300000000156
1805.45500000000156
1805.84300000000156
1806.14100000000156
1807.23000000000156
1809.64500000000157
1809.85700000000157
1810.35400000000157
1810.71600000000157
1810.97100000000157
1811.32800000000157
1812.46500000000157
1813.07000000000157
1813.47300000000157
1814.01400000000157
1815.11100000000157
1815.72800000000157
1815.93200000000157
1816.18700000000157
1872.01600000000162
1873.84100000000162
1876.25400000000162
1876.82000000000163
1877.57900000000163
1878.40000000000163
1880.26800000000163
1880.46800000000163
1880.91100000000163
1883.90100000000163
1884.38300000000163
1886.22500000000163
1886.80900000000163
1887.37100000000163
1887.79600000000164
1887.90900000000164
1890.62100000000164
1890.73600000000164
1891.10000000000164
1891.39900000000164
1891.98700000000164
1892.40200000000164
1893.21200000000164
1895.10500000000164
1895.66100000000164
1896.25400000000164
1896.58500000000164
1897.77700000000164
1898.84500000000164
1899.14100000000165
1900.00800000000165
1910.35700000000166
1912.28200000000166
1912.65700000000166
1915.03800000000166
1918.35800000000166
1918.72500000000166
1919.00300000000166
1919.28700000000166
1919.68300000000166
1920.89000000000166
1921.75700000000166
1922.12700000000167
1922.43700000000167
1922.70400000000167
1923.37300000000167
1954.35600000000169
1954.95700000000169
1955.6750000000017
1956.7450000000017
1956.8680000000017
1957.0900000000017
1957.3600000000017
1957.6220000000017
1957.8740000000017
1958.2030000000017
1959.6330000000017
1959.8330000000017
1960.6540000000017
1961.9000000000017
1999.58900000000173
1999.89700000000173
2000.43200000000174
2001.59700000000174
2001.98600000000174
2003.71600000000174
2004.00300000000174
2004.23400000000174
2004.63200000000174
2006.09000000000174
2006.80300000000174
2007.04100000000174
2007.36300000000174
2007.57900000000174
2008.09000000000174
2008.58000000000174
2009.50200000000174
2009.78100000000174
2010.04800000000174
2010.20800000000174
2010.43200000000174
2010.83700000000174
2011.66800000000174
2011.93400000000175
2012.18100000000175
2012.81000000000175
2014.21700000000175
2014.64000000000175
2014.88400000000175
2015.16400000000175
2015.38100000000175
2017.30200000000175
2017.76300000000175
2018.01200000000175
2018.24100000000175
2018.50200000000175
2021.80100000000175
2022.26200000000175
2022.49500000000175
2023.52300000000176
2024.52700000000176
2028.08300000000176
2029.22500000000176
2029.50200000000176
2029.69600000000176
2030.56000000000176
2030.84400000000176
2032.19200000000176
2033.38500000000176
2033.71800000000176
2033.91200000000176
2036.38000000000177
2037.60600000000177
2039.87300000000177
2044.82700000000177
2045.16200000000177
2045.41700000000178
2045.88000000000178
2062.37200000000019
2062.78200000000015
2064.56399999999995
2064.92999999999991
2065.36099999999987
2065.55099999999984
2066.36199999999976
2066.71299999999972
2066.98299999999969
2067.38999999999964
2067.7799999999996
2068.11199999999956
2068.31999999999954
2068.45399999999952
2068.58499999999951
2069.75299999999938
2070.44199999999931
2071.05899999999924
2071.75099999999916
2073.77699999999894
2074.1249999999989
2074.48199999999886
2074.86599999999882
2075.0229999999988
2075.0699999999988
2075.27199999999877
2076.16299999999868
2076.8769999999986
2077.14399999999857
2077.41499999999854
2077.69099999999851
2077.99599999999847
2078.57599999999841
2078.83499999999838
2079.07199999999836
2079.26799999999833
2081.4209999999981
2081.71799999999806
2082.00199999999803
2082.44799999999798
2082.61899999999796
2082.84199999999794
2083.15299999999791
2083.43099999999788
2083.79999999999783
2083.86899999999783
2084.21699999999779
2086.36499999999755
2086.62299999999752
2086.99699999999748
2087.20799999999746
2087.56799999999742
2087.7479999999974
2088.09099999999736
2088.40599999999733
2088.74699999999729
2088.93499999999727
2089.83199999999717
2090.60399999999709
2090.93399999999705
2091.14299999999703
2091.377999999997
2091.57199999999698
2091.78299999999696
2092.02599999999693
2092.42999999999688
2092.57299999999687
2092.88699999999683
2093.08599999999681
2093.32199999999679
2093.52199999999676
2093.92399999999672
2094.1389999999967
2094.72899999999663
2095.21099999999658
2095.66999999999653
2097.7319999999963
2097.91399999999628
2098.09699999999626
2098.35599999999623
2098.53599999999621
2098.88499999999617
2099.07499999999615
2099.25899999999613
2099.5579999999961
2099.86799999999606
2100.23599999999602
2100.467999999996
2100.79699999999596
2108.16099999999515
2108.50599999999511
2108.83899999999508
2109.27299999999503
2109.516999999995
2111.28999999999481
2111.65799999999477
2111.90299999999474
2112.11799999999472
2112.45099999999468
2112.63799999999466
2112.71799999999465
2112.93599999999463
2113.78499999999453
2114.22499999999448
2114.44799999999446
2114.72999999999443
2115.48099999999435
2117.08899999999417
2119.88099999999386
2120.23199999999382
2120.50299999999379
2120.73499999999377
2121.08799999999373
2121.41999999999369
2122.2859999999936
2122.58399999999356
2129.12399999999284
2129.40799999999281
2129.94499999999275
2132.11099999999251
2132.51999999999247
2144.60199999999114
2145.56399999999103
2145.75499999999101
2147.15199999999086
2147.38299999999083
2147.6919999999908
2148.15199999999075
2148.6069999999907
2148.93799999999066
2153.93399999999011
2154.73599999999002
2159.78399999998947
2160.17899999998942
2160.46399999998939
2160.78299999998936
2161.94399999998923
2162.92099999998912
2163.61699999998904
2163.90099999998901
2164.12299999998899
2164.33499999998896
2164.98099999998889
2165.13299999998888
2165.89599999998879
2166.64599999998871
2166.84099999998869
2167.04699999998867
2167.33399999998863
2167.71099999998859
2167.86099999998858
2168.04599999998856
2168.33499999998852
2169.20499999998843
2169.5019999999884
2171.22099999998821
2173.44799999998796
2173.92499999998791
2174.15499999998788
2174.34399999998786
2174.59699999998783
2174.83899999998781
2175.74199999998771
2175.95399999998769
2176.90699999998758
2177.09299999998756
2177.43299999998752
2177.68599999998749
2178.63299999998739
2181.44099999998708
2181.76599999998705
2181.97699999998702
2182.136999999987
2182.40499999998697
2182.69899999998694
2182.90199999998692
2184.10899999998679
2184.45699999998675
2184.69899999998672
2185.11199999998668
2185.27499999998666
2185.59399999998662
2185.7999999999866
2186.10999999998657
2186.58999999998651
2186.90799999998648
2187.37399999998643
2203.33299999998467
2204.17399999998458
2204.51399999998454
2205.93899999998438
2206.27399999998435
2206.49899999998432
2206.77599999998429
2207.30499999998423
2207.6319999999842
2207.88899999998417
2209.12999999998403
2209.54099999998399
2209.75999999998396
2209.94699999998394
2210.24999999998391
2210.43299999998389
2210.74799999998385
2211.2029999999838
2211.51099999998377
2211.67499999998375
2212.34999999998368
2224.68599999998232
2225.09999999998227
2225.46899999998223
2225.85199999998219
2226.6489999999821
2226.99099999998206
2227.22399999998204
2227.532999999982
2227.91799999998196
2229.3449999999818
2344.58499999996911
2345.88599999996897
2346.4979999999689
2347.16199999996883
2348.64299999996867
2348.99999999996863
2349.38899999996858
2349.91399999996853
2351.44299999996836
2351.76399999996832
2352.16199999996828
2353.23699999996816
2353.63199999996812
2354.32799999996804
2355.30099999996793
2403.05199999996267
2404.01099999996257
2406.71899999996227
2407.18899999996222
2410.47999999996186
2410.77699999996182
2411.13599999996178
2411.52199999996174
2411.9199999999617
2415.72899999996128
2416.30299999996121
2416.66899999996117
2428.2469999999599
2428.63499999995986
2429.20399999995979
2431.05699999995959
2431.51599999995954
2431.94399999995949
2432.69599999995941
2435.18399999995914
2435.5369999999591
2436.63899999995897
2437.3429999999589
2437.85999999995884
2438.14199999995881
2439.01299999995871
2441.8969999999584
2442.16599999995837
2443.48599999995822
2443.97999999995817
2446.70699999995787
2446.98299999995784
2447.36599999995779
2448.71699999995764
2448.96399999995762
2449.26299999995758
2449.51099999995756
2450.11999999995749
2450.62099999995744
2451.03399999995739
2451.62499999995732
2454.09499999995705
2454.46599999995701
2455.32299999995692
2455.68599999995688
2456.61199999995678
2457.10199999995672
2460.23599999995638
2460.69099999995633
2461.01599999995629
2461.35499999995625
2461.76299999995621
2462.01199999995618
2462.37099999995614
2463.83499999995598
2465.79299999995576
2466.3279999999557
2466.82999999995565
2470.69599999995522
2471.06099999995518
2472.02599999995508
2473.47499999995492
2473.58999999995491
2473.78799999995488
2474.75799999995478
2475.01399999995475
2476.69899999995456
2482.31599999995394
2484.72899999995368
2485.30199999995362
2486.52299999995348
2487.00899999995343
2487.33099999995339
2487.69999999995335
2488.08599999995331
2488.53299999995326
2488.79699999995323
2488.97399999995321
2490.36899999995306
2490.56299999995304
2491.02099999995299
2491.25399999995296
2491.56799999995293
2491.7699999999529
2492.79299999995279
2493.26199999995274
2493.89799999995267
2494.62299999995259
2494.98599999995255
2497.45299999995228
2497.96599999995222
2498.41299999995217
2498.67299999995214
2499.0599999999521
2541.7259999999474
2542.50599999994732
2544.33399999994711
2544.64599999994708
2545.07199999994703
2545.49099999994699
2546.3089999999469
2547.55699999994676
2547.95899999994671
2548.36299999994667
2548.9609999999466
2549.36699999994656
2549.73899999994652
2552.57699999994621
2553.16299999994614
2553.84799999994607
2554.10799999994604
2554.445999999946
2555.30599999994591
2555.73599999994586
2556.62999999994576
2560.01299999994539
2560.35599999994535
2561.00899999994528
2562.34199999994513
2562.6649999999451
2563.35899999994502
2565.18499999994482
2566.2889999999447
2567.26899999994459
2569.46399999994435
2570.17799999994427
2571.26799999994415
2572.17399999994405
2575.52999999994368
2577.72199999994344
2578.55599999994334
2583.23699999994283
2709.83499999992889
2710.25599999992884
2711.44499999992871
2711.98299999992865
2712.69599999992857
2714.31199999992839
2714.50299999992837
2726.63999999992704
2727.08399999992699
2729.06799999992677
2730.32699999992663
2732.04799999992644
2732.70099999992637
2735.82299999992602
2736.14099999992599
2736.88499999992591
2738.70799999992571
2739.89699999992558
2740.16999999992555
2744.36699999992508
2744.76799999992504
2748.16099999992467
2748.52199999992463
2752.50199999992419
2759.89299999992337
2762.57099999992308
2762.69499999992306
2763.273999999923
2769.31599999992234
2769.51399999992231
2776.39699999992156
2776.84899999992151
2777.25099999992146
2777.94099999992139
2779.70299999992119
2780.07699999992115
2780.78499999992107
2781.29699999992102
2781.54299999992099
2782.02699999992094
2782.3699999999209
2782.77299999992085
2783.15499999992081
2784.49299999992066
2784.85099999992062
2785.13699999992059
2785.41399999992056
2785.71999999992053
2786.10999999992049
2788.6909999999202
2788.95999999992017
2804.33199999991848
2804.98799999991841
2805.9239999999183
2806.30599999991826
2806.62199999991823
2807.93999999991808
2811.50299999991769
2811.83999999991765
2813.00199999991752
2814.1109999999174
2814.49999999991736
2815.0349999999173
2818.99599999991686
2820.10199999991674
2820.61999999991669
2820.86799999991666
2821.25699999991662
2827.83599999991589
2828.18099999991585
2828.42599999991583
2828.7019999999158
2830.68099999991558
2831.73799999991546
2839.95699999991456
2848.16699999991365
2853.1299999999131
2857.03799999991267
2861.48099999991219
2862.07399999991212
3401.01699999985276
3402.34999999985262
3404.17899999985242
3404.57399999985237
3408.11599999985198
3408.48199999985194
3408.91899999985189
3411.49899999985161
3416.74399999985103
3417.43399999985096
43
-1
7.15200000000000014
28.3289999999999899
38.8879999999999929
47.4850000000000005
58.8610000000000106
78.2230000000000278
93.7380000000000416
106.1830000000000527
122.1840000000000669
149.863000000000091
166.359000000000106
192.513000000000129
210.622000000000145
234.116000000000166
269.864000000000198
295.507000000000221
339.73900000000026
373.12300000000029
408.885000000000322
520.399000000000421
582.920000000000476
620.170000000000509
668.827000000000552
729.806000000000606
769.595000000000642
814.180000000000682
885.739000000000745
944.052000000000797
1006.838000000000853
1052.34200000000089
1103.07500000000094
1185.20300000000101
1307.61700000000112
1374.34200000000118
1455.74100000000125
1526.48000000000131
1597.99800000000138
1724.24400000000149
1816.18800000000157
2045.88100000000178
2132.52099999999247
2416.66999999996117
2714.50399999992837
0
0
5000
0
0
0
0
7200
0
0
0
0
0
44
0
4514.60499999973012
1800.00000000000156
1800
0
130
0
1
4
7
10
13
16
19
22
25
28
31
34
37
40
43
46
49
52
55
58
61
64
67
70
73
76
79
82
85
88
91
94
97
100
103
106
109
112
115
118
121
124
127
130
133
136
139
142
145
148
151
154
157
160
163
166
169
172
175
178
181
184
187
190
193
196
199
202
205
208
211
214
217
220
223
226
229
232
235
238
241
244
247
250
253
256
259
262
265
268
271
274
277
280
283
286
289
292
295
298
301
304
307
310
313
316
319
322
325
328
331
334
337
340
343
346
349
352
355
358
361
364
367
370
373
376
379
382
385
388
391
394
397
400
403
406
409
412
415
418
421
424
427
430
433
436
439
442
445
448
451
454
457
460
463
466
469
472
475
478
481
484
487
490
493
496
499
502
505
508
511
514
517
520
523
526
529
532
535
538
541
544
547
550
