12
11
19
12
11
19
cPPR1.16
PR3_day2.3
0
2
12
48
25
13
31
10
23
3
.3
1
285
1
14
1
1
1
1
1
1
1
1
1
1
1
1
1
1
1
1
1
1
1
1
1
184
284
-1
33.2609999999999879
38.3069999999999924
39.2169999999999932
41.4799999999999952
41.8489999999999955
42.2719999999999959
42.6559999999999962
52.8730000000000053
53.7350000000000061
53.9610000000000063
54.3070000000000066
55.1930000000000074
55.935000000000008
56.2720000000000083
56.5850000000000086
84.1730000000000331
85.156000000000034
85.7430000000000345
86.0230000000000348
88.1860000000000367
90.9380000000000391
91.1790000000000393
91.7390000000000398
92.2550000000000403
92.8540000000000408
93.3420000000000413
162.716000000000103
163.348000000000103
164.183000000000104
165.012000000000105
165.506000000000105
165.613000000000105
165.979000000000106
166.361000000000106
166.703000000000106
167.145000000000107
168.694000000000108
169.494000000000109
170.20200000000011
170.93000000000011
186.126000000000124
186.488000000000124
186.927000000000124
187.412000000000125
187.826000000000125
188.559000000000126
188.977000000000126
189.722000000000127
190.042000000000127
190.279000000000127
190.532000000000128
190.827000000000128
191.626000000000129
191.932000000000129
192.141000000000129
193.62500000000013
198.910000000000135
199.773000000000136
202.626000000000138
204.55400000000014
205.01900000000014
205.527000000000141
205.925000000000141
206.184000000000141
206.714000000000142
207.141000000000142
207.611000000000143
208.186000000000143
208.941000000000144
209.306000000000144
209.642000000000145
210.801000000000146
211.058000000000146
211.894000000000147
213.467000000000148
299.098000000000224
299.809000000000225
300.479000000000225
300.955000000000226
301.234000000000226
301.469000000000226
301.696000000000226
302.116000000000227
302.589000000000227
302.943000000000227
303.550000000000228
304.021000000000228
305.105000000000229
305.60200000000023
306.43300000000023
307.498000000000231
311.158000000000235
312.652000000000236
313.384000000000237
314.014000000000237
314.374000000000238
314.904000000000238
359.856000000000278
361.106000000000279
363.298000000000281
363.825000000000282
365.636000000000283
366.063000000000283
366.546000000000284
367.747000000000285
371.009000000000288
372.487000000000289
373.20300000000029
374.621000000000291
374.942000000000291
375.524000000000292
376.283000000000293
376.889000000000293
377.748000000000294
378.167000000000294
379.894000000000296
384.3140000000003
385.380000000000301
386.789000000000302
387.443000000000302
388.375000000000303
388.948000000000304
389.681000000000304
500.536000000000403
509.894000000000411
510.610000000000412
511.235000000000412
512.877000000000414
515.312000000000416
515.583000000000416
516.146000000000417
518.557000000000419
519.236000000000419
520.19800000000042
521.758000000000422
522.335000000000422
522.712000000000423
523.397000000000423
523.696000000000423
524.494000000000424
524.861000000000424
525.167000000000425
525.536000000000425
526.692000000000426
527.074000000000426
527.603000000000427
528.149000000000427
529.253000000000428
534.261000000000433
538.240000000000436
539.296000000000437
539.654000000000438
593.226000000000485
594.221000000000486
594.321000000000486
595.004000000000487
600.277000000000492
602.421000000000493
603.730000000000495
605.607000000000496
605.869000000000496
606.338000000000497
606.918000000000497
607.645000000000498
608.125000000000498
608.459000000000499
609.207000000000499
610.787000000000501
611.057000000000501
611.513000000000501
612.085000000000502
612.509000000000502
614.029000000000504
614.521000000000504
615.201000000000505
615.541000000000505
616.427000000000506
616.857000000000506
617.303000000000507
618.654000000000508
619.434000000000508
620.020000000000509
623.856000000000512
624.203000000000513
624.912000000000513
636.778000000000524
638.004000000000525
638.122000000000525
641.330000000000528
642.344000000000529
643.97500000000053
644.794000000000531
645.757000000000532
646.276000000000532
647.163000000000533
647.671000000000534
648.170000000000534
648.751000000000535
649.104000000000535
651.215000000000537
651.780000000000537
654.097000000000539
654.47400000000054
655.03200000000054
655.49900000000054
655.893000000000541
656.314000000000541
657.462000000000542
658.551000000000543
659.245000000000544
659.853000000000544
661.757000000000546
665.409000000000549
667.316000000000551
667.926000000000552
668.986000000000552
669.353000000000553
671.261000000000554
672.824000000000556
684.025000000000566
685.717000000000567
686.625000000000568
687.730000000000569
688.49200000000057
689.29200000000057
689.768000000000571
690.491000000000572
691.514000000000572
692.129000000000573
693.474000000000574
693.757000000000574
694.620000000000575
695.764000000000576
696.828000000000577
697.791000000000578
698.477000000000579
699.260000000000579
700.621000000000581
702.458000000000582
703.186000000000583
704.142000000000584
704.722000000000584
705.158000000000585
705.717000000000585
706.251000000000586
707.107000000000586
709.236000000000588
709.819000000000589
712.293000000000591
713.030000000000592
714.754000000000593
716.469000000000595
717.808000000000596
718.636000000000597
719.408000000000597
719.885000000000598
720.489000000000598
722.4250000000006
727.058000000000604
730.335000000000607
731.591000000000608
735.341000000000611
736.969000000000613
737.501000000000613
738.459000000000614
742.743000000000618
745.835000000000621
853.406000000000716
1062.6820000000009
1064.2400000000009
1066.44500000000091
1067.00100000000091
1067.49500000000091
1070.42300000000091
1075.06900000000091
1077.28400000000092
1079.76800000000092
1080.66400000000092
1086.71600000000092
1089.03600000000093
1090.39100000000093
1356.00900000000116
1963.8200000000017
1968.60300000000171
13
-1
33.2619999999999879
42.2729999999999959
56.2730000000000083
92.8550000000000408
170.20300000000011
193.62600000000013
213.468000000000148
314.905000000000238
388.949000000000304
539.297000000000437
623.857000000000512
672.825000000000556
719.886000000000598
0
0
5000
0
0
0
0
7200
0
0
0
0
0
14
0
2519.9869999999498
1800.00000000000156
1800
0
40
0
1
4
7
10
13
16
19
22
25
28
31
34
37
40
43
46
49
52
55
58
61
64
67
70
73
76
79
82
85
88
91
94
97
100
103
106
109
112
115
118
121
124
127
130
133
136
139
142
145
148
151
154
157
160
163
166
169
172
175
178
181
184
187
190
193
196
199
202
205
208
211
214
217
220
223
226
229
232
235
238
241
244
247
250
253
256
259
262
265
268
271
274
277
280
283
286
289
292
295
298
301
304
307
310
313
316
319
322
325
328
331
334
337
340
343
346
349
352
355
358
361
364
367
370
373
376
379
382
385
388
391
394
397
400
403
406
409
412
415
418
421
424
427
430
433
436
439
442
445
448
451
454
457
460
463
466
469
472
475
478
481
484
487
490
493
496
499
502
505
508
511
514
517
520
523
526
529
532
535
538
541
544
547
550
