11
27
19
11
27
19
cPPR1.13
PR3_day3
0
3
11
26
12
12
43
54
23
3
.3
1
887
1
25
1
1
1
1
1
1
1
1
1
1
1
1
1
1
1
1
1
1
1
1
1
184
886
-1
0.586
11.17900000000000022
12.28300000000000024
12.75200000000000025
13.98900000000000028
16.8799999999999996
17.7789999999999988
18.5319999999999982
19.4159999999999974
20.0449999999999969
20.8589999999999962
21.7139999999999955
24.9509999999999927
25.4479999999999923
25.9819999999999919
30.512999999999988
31.5339999999999872
31.9029999999999869
34.2129999999999887
34.6029999999999891
44.1389999999999976
44.616999999999998
44.9239999999999983
45.8839999999999991
48.061000000000001
48.4250000000000014
51.5550000000000041
56.2240000000000083
56.7770000000000088
57.1630000000000091
57.5960000000000095
59.0450000000000108
59.7370000000000114
60.5130000000000121
76.6700000000000264
77.0830000000000268
78.1190000000000277
78.5300000000000281
80.0310000000000294
80.3880000000000298
93.8370000000000417
94.2610000000000421
96.6570000000000442
97.0430000000000445
97.4060000000000449
98.2340000000000456
99.0420000000000463
101.8770000000000488
102.3330000000000492
102.6020000000000495
103.18600000000005
103.6170000000000504
105.2340000000000518
105.5040000000000521
106.3780000000000528
106.9180000000000533
111.4860000000000574
113.1230000000000588
114.8980000000000604
124.4110000000000688
124.7880000000000692
125.1890000000000696
125.4440000000000698
125.72600000000007
126.4000000000000706
126.6230000000000708
129.068000000000073
129.847000000000074
130.234000000000074
132.022000000000076
132.489000000000076
133.115000000000077
133.396000000000077
133.737000000000077
134.710000000000078
135.300000000000079
140.011000000000083
141.061000000000084
141.590000000000084
142.426000000000085
142.746000000000085
144.785000000000087
145.773000000000088
146.004000000000088
147.80500000000009
150.091000000000092
150.733000000000092
151.242000000000093
151.397000000000093
151.811000000000093
154.383000000000095
154.611000000000096
155.601000000000097
156.050000000000097
156.309000000000097
156.887000000000098
157.733000000000098
157.906000000000099
158.395000000000099
173.120000000000112
173.846000000000113
174.103000000000113
176.502000000000115
177.355000000000116
177.694000000000116
179.649000000000118
180.256000000000118
180.565000000000119
180.801000000000119
181.345000000000119
186.078000000000124
188.737000000000126
189.265000000000126
189.698000000000127
189.899000000000127
207.669000000000143
208.381000000000143
209.771000000000145
210.752000000000146
210.940000000000146
212.627000000000147
213.574000000000148
218.708000000000153
219.208000000000153
236.639000000000169
237.134000000000169
238.30300000000017
244.257000000000175
245.746000000000177
246.248000000000177
246.464000000000177
246.705000000000177
247.640000000000178
248.656000000000179
249.17900000000018
250.694000000000181
250.828000000000181
252.214000000000182
252.624000000000183
253.884000000000184
254.223000000000184
260.062000000000189
261.23100000000019
261.491000000000191
263.657000000000193
264.682000000000193
264.973000000000194
265.322000000000194
266.097000000000195
266.298000000000195
267.300000000000196
269.016000000000197
273.938000000000202
283.71000000000021
284.754000000000211
285.272000000000212
286.073000000000212
286.384000000000213
286.752000000000213
292.121000000000218
292.750000000000218
292.985000000000219
293.982000000000219
294.25200000000022
295.285000000000221
297.919000000000223
302.337000000000227
302.923000000000227
303.373000000000228
304.668000000000229
305.227000000000229
305.91500000000023
310.660000000000234
312.270000000000236
312.709000000000236
312.987000000000236
313.442000000000237
313.613000000000237
313.935000000000237
317.10900000000024
318.212000000000241
319.164000000000242
319.528000000000242
319.727000000000242
330.894000000000252
331.908000000000253
333.316000000000254
333.761000000000255
334.403000000000255
334.854000000000256
335.294000000000256
335.785000000000257
336.220000000000257
339.24800000000026
339.74900000000026
340.460000000000261
340.742000000000261
341.545000000000262
342.147000000000262
351.19500000000027
352.073000000000271
352.462000000000271
352.852000000000272
353.131000000000272
353.391000000000272
355.765000000000274
356.178000000000275
356.509000000000275
356.746000000000275
357.226000000000276
357.481000000000276
357.986000000000276
359.414000000000278
359.871000000000278
360.221000000000278
360.698000000000279
360.988000000000279
363.523000000000281
372.85200000000029
382.916000000000298
383.781000000000299
383.927000000000299
384.2340000000003
389.597000000000304
389.819000000000305
390.466000000000305
390.982000000000306
395.83200000000031
396.41400000000031
396.656000000000311
397.277000000000311
397.529000000000311
399.267000000000313
399.576000000000313
402.458000000000316
402.947000000000316
403.232000000000316
404.954000000000318
405.447000000000318
406.425000000000319
406.76900000000032
407.32500000000032
407.64800000000032
408.345000000000321
409.761000000000322
410.782000000000323
411.206000000000324
426.155000000000337
427.928000000000338
430.372000000000341
431.728000000000342
432.639000000000343
434.583000000000344
435.035000000000345
435.375000000000345
450.676000000000359
452.01800000000036
452.907000000000361
453.656000000000361
456.325000000000364
456.840000000000364
459.574000000000366
459.870000000000367
470.080000000000376
470.888000000000377
471.453000000000377
496.257000000000399
497.4780000000004
497.964000000000401
499.010000000000402
499.466000000000402
547.439000000000445
548.265000000000445
548.752000000000446
549.065000000000446
549.429000000000446
552.227000000000449
552.708000000000449
558.146000000000454
558.631000000000454
559.386000000000455
559.588000000000455
560.999000000000457
561.657000000000457
561.882000000000457
562.625000000000458
563.537000000000459
565.632000000000461
566.335000000000461
566.569000000000462
567.450000000000462
570.486000000000465
571.107000000000466
571.646000000000466
572.359000000000467
572.679000000000467
581.925000000000475
587.46900000000048
591.178000000000483
591.704000000000484
592.167000000000484
592.693000000000485
596.049000000000488
596.451000000000488
596.655000000000488
597.529000000000489
598.007000000000489
615.515000000000505
615.903000000000505
616.325000000000506
617.009000000000506
619.087000000000508
619.674000000000509
619.923000000000509
620.64100000000051
621.01700000000051
622.100000000000511
622.618000000000511
624.542000000000513
625.389000000000514
625.652000000000514
625.874000000000514
626.521000000000515
627.298000000000516
652.990000000000538
653.823000000000539
654.46900000000054
655.00900000000054
656.901000000000542
657.448000000000542
657.724000000000542
658.609000000000543
659.010000000000544
661.771000000000546
662.177000000000546
662.828000000000547
663.121000000000547
663.857000000000548
664.165000000000548
677.04000000000056
677.48400000000056
678.110000000000561
679.488000000000562
679.720000000000562
681.187000000000563
681.725000000000564
682.049000000000564
682.307000000000564
682.757000000000565
683.307000000000565
685.736000000000567
688.50400000000057
689.03800000000057
689.397000000000571
690.076000000000571
691.130000000000572
692.237000000000573
697.810000000000578
698.068000000000578
698.358000000000579
699.274000000000579
699.50600000000058
700.17200000000058
705.471000000000585
706.256000000000586
707.081000000000586
707.587000000000587
719.464000000000597
720.057000000000598
720.368000000000598
720.991000000000599
721.266000000000599
721.548000000000599
723.467000000000601
723.944000000000601
725.294000000000602
726.070000000000603
726.336000000000603
726.705000000000604
727.072000000000604
728.889000000000606
730.859000000000607
731.232000000000608
731.522000000000608
732.671000000000609
744.184000000000619
745.598000000000621
746.280000000000621
747.053000000000622
747.635000000000622
749.746000000000624
750.802000000000625
752.903000000000627
753.295000000000627
753.786000000000628
754.143000000000628
765.854000000000639
766.323000000000639
766.92800000000064
767.80000000000064
770.027000000000642
770.983000000000643
771.281000000000643
771.780000000000644
773.284000000000645
773.922000000000646
774.243000000000646
775.003000000000647
777.812000000000649
778.45400000000065
778.75600000000065
778.99100000000065
780.059000000000651
780.121000000000651
781.824000000000653
783.043000000000654
783.316000000000654
784.000000000000655
785.564000000000656
786.575000000000657
801.04600000000067
802.262000000000671
803.236000000000672
803.912000000000672
805.027000000000673
807.093000000000675
807.435000000000675
807.903000000000676
808.217000000000676
808.720000000000677
810.147000000000678
810.661000000000678
811.729000000000679
812.53800000000068
824.556000000000691
827.856000000000694
831.039000000000696
833.543000000000699
836.115000000000701
839.774000000000704
840.357000000000705
840.725000000000705
841.175000000000705
841.439000000000706
841.730000000000706
854.434000000000717
855.109000000000718
855.426000000000718
855.776000000000718
856.368000000000719
861.792000000000724
862.737000000000725
863.125000000000725
863.882000000000726
864.167000000000726
866.245000000000728
868.29700000000073
869.03400000000073
869.487000000000731
872.211000000000733
873.799000000000734
875.203000000000736
875.518000000000736
875.987000000000736
876.197000000000737
876.622000000000737
877.640000000000738
878.776000000000739
886.661000000000746
891.04100000000075
891.49300000000075
891.95600000000075
892.410000000000751
893.785000000000752
915.430000000000771
916.659000000000772
917.211000000000773
917.596000000000773
918.496000000000774
919.549000000000775
919.820000000000775
920.581000000000776
920.870000000000776
923.191000000000778
924.194000000000779
925.20000000000078
942.954000000000796
943.510000000000796
943.994000000000797
944.268000000000797
946.511000000000799
947.2560000000008
948.0750000000008
949.581000000000802
950.036000000000802
953.128000000000805
954.137000000000806
954.387000000000806
956.821000000000808
957.091000000000808
957.531000000000809
958.93300000000081
999.356000000000846
1000.456000000000847
1001.191000000000848
1001.510000000000848
1002.245000000000848
1003.022000000000849
1004.26800000000085
1004.684000000000851
1008.205000000000854
1008.835000000000854
1009.558000000000855
1009.845000000000855
1013.638000000000859
1016.667000000000861
1016.974000000000862
1017.501000000000862
1046.11800000000089
1048.28900000000089
1049.45800000000089
1052.10900000000089
1061.4680000000009
1065.7710000000009
1066.05500000000091
1066.51000000000091
1066.82500000000091
1069.19200000000091
1071.93500000000091
1072.54200000000091
1075.58800000000091
1076.03000000000091
1090.51600000000093
1091.29900000000093
1091.57000000000093
1092.19300000000093
1092.41500000000093
1093.75500000000093
1096.04400000000093
1096.30300000000093
1096.71300000000093
1113.89300000000095
1116.12200000000095
1117.14300000000095
1117.45500000000095
1118.04200000000095
1119.39600000000095
1119.73600000000095
1120.14000000000095
1123.68400000000096
1124.11200000000096
1124.36500000000096
1128.44900000000096
1133.25900000000096
1134.80700000000097
1135.47900000000097
1135.74800000000097
1136.13800000000097
1136.36500000000097
1136.77800000000097
1138.11800000000097
1138.53100000000097
1138.99500000000097
1194.59700000000102
1195.36500000000102
1195.97200000000102
1197.11700000000102
1198.77400000000102
1199.25300000000102
1199.60400000000102
1205.80500000000103
1206.81500000000103
1207.57700000000103
1207.94300000000103
1208.14300000000103
1209.65700000000103
1210.73700000000103
1210.98000000000103
1212.00300000000103
1216.27000000000104
1218.19200000000104
1219.44300000000104
1220.87100000000104
1221.24300000000104
1233.23700000000105
1235.04000000000106
1236.20500000000106
1237.06100000000106
1238.57500000000106
1239.34300000000106
1239.83600000000106
1240.14800000000106
1240.46000000000106
1241.35300000000106
1244.38300000000106
1244.89400000000106
1246.97600000000107
1247.23100000000107
1249.96900000000107
1263.70000000000108
1311.05600000000112
1311.90000000000112
1314.31700000000113
1315.02900000000113
1315.46500000000113
1315.83700000000113
1317.27600000000113
1318.38000000000113
1321.33500000000113
1323.28200000000113
1348.91200000000116
1349.28200000000116
1354.13700000000116
1355.58800000000116
1357.23400000000116
1360.37400000000117
1362.17200000000117
1363.97800000000117
1364.31900000000117
1364.56200000000117
1365.23300000000117
1365.86000000000117
1367.29300000000117
1368.04300000000117
1368.96200000000117
1370.86900000000118
1371.55600000000118
1372.08000000000118
1376.46600000000118
1389.13600000000119
1394.7800000000012
1395.9760000000012
1396.3670000000012
1397.9000000000012
1398.6660000000012
1404.04700000000121
1406.97100000000121
1407.39200000000121
1407.96400000000121
1408.98800000000121
1410.85200000000121
1411.95500000000121
1412.80800000000121
1413.52900000000121
1414.37800000000121
1458.75900000000125
1460.38900000000126
1462.50400000000126
1462.83200000000126
1463.98800000000126
1464.64900000000126
1467.58200000000126
1468.89800000000126
1469.48200000000126
1471.37500000000127
1473.31900000000127
1475.24800000000127
1479.87400000000127
1480.32600000000127
1480.68800000000127
1510.7450000000013
1511.6230000000013
1513.3610000000013
1517.29200000000131
1518.28900000000131
1518.66800000000131
1521.90300000000131
1524.26500000000131
1524.57600000000131
1530.36800000000132
1531.76500000000132
1532.84200000000132
1534.41200000000132
1534.73900000000132
1536.05400000000132
1536.48800000000132
1536.88100000000132
1540.82600000000133
1541.93400000000133
1543.68400000000133
1544.60400000000133
1544.88700000000133
1545.65400000000133
1546.06300000000133
1546.41900000000133
1547.14200000000133
1547.54800000000133
1548.21500000000133
1548.75400000000133
1550.94300000000134
1553.80800000000134
1554.32400000000134
1588.28000000000137
1588.58700000000137
1593.37700000000137
1600.53200000000138
1603.22600000000138
1605.37600000000138
1607.06100000000139
1607.83600000000139
1608.77500000000139
1609.03400000000139
1610.69600000000139
1614.86200000000139
1615.73600000000139
1616.02200000000139
1637.87000000000141
1638.92200000000141
1640.64700000000142
1642.15500000000142
1644.93400000000142
1708.69500000000148
1709.91900000000148
1711.67500000000148
1712.03000000000148
1713.19000000000148
1718.70800000000148
1734.5080000000015
1736.5930000000015
1737.7880000000015
1774.88800000000153
1775.33100000000154
1776.39500000000154
1776.98200000000154
1791.66800000000155
1800.20100000000156
1802.24700000000156
1817.03100000000157
1817.94800000000157
1819.34500000000157
1820.91800000000158
1821.27500000000158
1822.00000000000158
1822.29300000000158
1825.39300000000158
1825.71200000000158
1826.60100000000158
1827.26400000000158
1830.19600000000158
1831.38600000000158
1832.80500000000159
1834.04000000000159
1834.49700000000159
1835.19600000000159
1835.48400000000159
1836.60500000000159
1848.6890000000016
1849.7030000000016
1850.1090000000016
1850.4420000000016
1851.2220000000016
1852.7350000000016
1854.78200000000161
1872.71300000000162
1875.34900000000162
1880.57800000000163
1885.55800000000163
1886.73400000000163
1887.71800000000163
1888.63800000000164
1890.14400000000164
1891.65800000000164
1893.13000000000164
1894.33200000000164
1895.35300000000164
1907.96900000000165
1921.61100000000166
1969.07300000000171
1969.73100000000171
1972.22600000000171
1973.63600000000171
1973.93200000000171
1975.24200000000171
1983.80400000000172
1986.13900000000172
1989.92400000000173
1990.26200000000173
1991.19200000000173
1991.98500000000173
1992.95400000000173
1993.74600000000173
1995.08300000000173
2024.74900000000176
2025.68200000000176
2031.33000000000176
2035.42400000000177
2039.90000000000177
2056.12500000000088
2058.18400000000066
2060.02300000000045
2060.61000000000039
2077.21999999999856
2079.5429999999983
2086.55299999999753
2092.91499999999683
2101.22699999999592
2101.65399999999587
2109.20099999999504
2408.86999999996203
2409.51299999996196
2411.95899999996169
2428.05399999995992
2430.34499999995967
2433.96799999995927
2518.39099999994997
2519.67599999994983
2521.21999999994966
2664.2729999999339
2666.60999999993365
2667.86799999993351
2668.97699999993339
2670.16999999993326
2709.05299999992897
2720.6079999999277
2721.30999999992762
2724.52099999992727
2725.42199999992717
2726.81099999992702
2727.81999999992691
2728.52599999992683
2731.99099999992645
2733.57899999992627
2734.27599999992619
2735.24899999992609
2735.92399999992601
2754.70599999992394
2755.0829999999239
2755.83299999992382
2756.34599999992376
2756.64399999992373
2758.66299999992351
2759.57999999992341
2760.41799999992332
2760.92599999992326
2764.95299999992282
2765.51899999992275
2766.26599999992267
2766.55599999992264
2767.31999999992256
2768.43699999992243
2768.7579999999224
2769.88199999992227
2772.12999999992203
2773.06199999992192
2774.1689999999218
2774.62099999992175
2775.0689999999217
2793.08299999991972
2793.64499999991966
2794.24299999991959
2794.82699999991953
2795.24399999991948
2795.60299999991944
2796.60499999991933
2796.9249999999193
2798.48599999991912
2799.17099999991905
2799.43599999991902
2799.89099999991897
2800.35699999991892
2808.34899999991804
2831.78799999991546
2848.20699999991365
2933.50999999990425
2934.53999999990414
2935.22199999990406
2936.46799999990393
2937.6369999999038
2938.24899999990373
2938.99899999990365
2939.4269999999036
2939.76599999990356
2977.07599999989945
2980.54899999989907
2982.72399999989883
2984.99199999989858
2993.9469999998976
3030.01799999989362
3048.28699999989161
3084.41099999988763
3090.75999999988693
3109.55499999988486
3114.55899999988431
3117.31399999988401
3203.73199999987449
3205.4769999998743
24
-1
0.587
13.99000000000000028
25.9829999999999919
48.4260000000000014
80.3890000000000298
106.9190000000000533
135.301000000000079
158.396000000000099
219.209000000000153
269.017000000000197
319.728000000000242
363.524000000000281
435.376000000000345
572.360000000000467
664.166000000000548
732.672000000000609
812.53900000000068
925.20100000000078
1096.71400000000093
1249.97000000000107
1480.68900000000127
1776.98300000000154
2060.61100000000039
2808.34999999991804
0
0
5000
0
0
0
0
7200
0
0
0
0
0
25
0
4608.45099999971978
1800.00000000000156
1800
0
73
0
1
4
7
10
13
16
19
22
25
28
31
34
37
40
43
46
49
52
55
58
61
64
67
70
73
76
79
82
85
88
91
94
97
100
103
106
109
112
115
118
121
124
127
130
133
136
139
142
145
148
151
154
157
160
163
166
169
172
175
178
181
184
187
190
193
196
199
202
205
208
211
214
217
220
223
226
229
232
235
238
241
244
247
250
253
256
259
262
265
268
271
274
277
280
283
286
289
292
295
298
301
304
307
310
313
316
319
322
325
328
331
334
337
340
343
346
349
352
355
358
361
364
367
370
373
376
379
382
385
388
391
394
397
400
403
406
409
412
415
418
421
424
427
430
433
436
439
442
445
448
451
454
457
460
463
466
469
472
475
478
481
484
487
490
493
496
499
502
505
508
511
514
517
520
523
526
529
532
535
538
541
544
547
550
