12
17
19
12
17
19
cPPR1.10
PR3_day2.6
0
4
9
35
37
11
37
08
23
3
.3
1
799
1
24
1
1
1
1
1
1
1
1
1
1
1
1
1
1
1
1
1
1
1
1
1
184
798
-1
9.33800000000000018
48.3940000000000013
138.695000000000082
139.624000000000082
208.525000000000144
228.442000000000161
229.008000000000162
300.698000000000225
303.932000000000228
304.505000000000229
309.555000000000233
310.204000000000234
322.279000000000245
322.863000000000245
335.211000000000256
335.719000000000256
353.366000000000272
354.225000000000273
354.880000000000274
355.584000000000274
360.162000000000278
360.931000000000279
375.573000000000292
376.168000000000292
376.657000000000293
380.356000000000296
381.331000000000297
381.837000000000297
382.462000000000298
422.760000000000334
423.325000000000334
425.036000000000336
427.878000000000338
432.210000000000342
433.913000000000344
449.573000000000358
450.578000000000359
450.719000000000359
456.264000000000364
457.064000000000364
457.543000000000365
458.245000000000365
459.944000000000367
460.404000000000367
461.041000000000368
461.569000000000368
472.676000000000378
480.207000000000385
481.034000000000386
481.246000000000386
485.68600000000039
493.155000000000396
494.114000000000397
494.941000000000398
495.488000000000398
497.5720000000004
498.518000000000401
499.119000000000402
499.914000000000402
500.361000000000403
501.130000000000403
501.581000000000404
502.332000000000404
503.149000000000405
505.028000000000407
505.470000000000407
506.031000000000408
507.767000000000409
530.90100000000043
531.28400000000043
551.186000000000448
552.324000000000449
555.055000000000451
557.526000000000454
559.324000000000455
562.805000000000458
564.37600000000046
564.69900000000046
566.516000000000461
582.628000000000476
598.48800000000049
620.92900000000051
690.852000000000572
742.196000000000618
748.328000000000623
753.280000000000627
762.687000000000636
775.747000000000647
800.91800000000067
802.141000000000671
803.786000000000672
808.704000000000677
819.562000000000686
820.834000000000687
823.74200000000069
824.620000000000691
825.510000000000692
845.174000000000709
866.142000000000728
924.88700000000078
926.413000000000781
928.644000000000783
930.595000000000785
934.302000000000788
935.123000000000789
937.546000000000791
938.198000000000792
940.223000000000793
940.889000000000794
942.208000000000795
949.238000000000801
950.224000000000802
951.117000000000803
956.183000000000808
959.795000000000811
960.546000000000811
961.125000000000812
970.947000000000821
1023.057000000000867
1027.23900000000087
1032.86400000000088
1056.7480000000009
1059.6260000000009
1121.32200000000095
1124.34200000000096
1200.38200000000102
1210.40100000000103
1212.27200000000103
1213.10400000000104
1213.54100000000104
1233.59600000000105
1234.65500000000105
1236.29400000000106
1240.00500000000106
1244.31000000000106
1248.90200000000107
1254.62900000000107
1255.38600000000107
1262.74800000000108
1263.12500000000108
1263.68100000000108
1268.96200000000109
1276.32700000000109
1279.54700000000109
1280.2470000000011
1309.99000000000112
1313.69100000000113
1328.86200000000114
1330.35700000000114
1331.03300000000114
1331.35500000000114
1332.44700000000114
1333.96500000000114
1336.07600000000114
1336.87600000000115
1343.42000000000115
1344.86400000000115
1345.52100000000115
1348.98700000000116
1352.98200000000116
1354.34200000000116
1355.65500000000116
1356.41700000000116
1357.20400000000116
1357.77400000000116
1360.30100000000117
1366.94000000000117
1367.76300000000117
1368.79400000000117
1370.88000000000118
1371.52700000000118
1376.18500000000118
1377.37100000000118
1380.02500000000118
1380.81500000000118
1386.56400000000119
1395.5000000000012
1423.75100000000122
1464.76100000000126
1468.54200000000126
1469.09900000000126
1470.23700000000126
1470.97000000000126
1478.10700000000127
1487.51700000000128
1494.75100000000129
1496.54100000000129
1497.22000000000129
1507.4270000000013
1527.80200000000132
1557.58200000000134
1571.84700000000135
1586.07500000000137
1593.20300000000137
1597.81300000000138
1613.88400000000139
1615.97700000000139
1618.1650000000014
1619.8840000000014
1621.2060000000014
1622.9320000000014
1623.6490000000014
1624.4450000000014
1627.3210000000014
1630.35200000000141
1631.53100000000141
1632.31100000000141
1633.54000000000141
1634.00400000000141
1634.72300000000141
1649.03600000000142
1651.25000000000142
1656.45200000000143
1679.85600000000145
1680.66800000000145
1682.13700000000145
1682.76600000000145
1690.30600000000146
1693.09200000000146
1693.54600000000146
1710.01100000000148
1710.89200000000148
1712.67500000000148
1713.37100000000148
1714.00500000000148
1714.77600000000148
1716.24500000000148
1717.17600000000148
1717.77000000000148
1718.93400000000148
1721.24700000000149
1722.91600000000149
1726.62000000000149
1727.74200000000149
1734.3130000000015
1735.1840000000015
1735.8940000000015
1738.2120000000015
1738.9510000000015
1740.2430000000015
1741.4170000000015
1743.16700000000151
1744.13200000000151
1753.21900000000152
1755.32400000000152
1807.94200000000156
1810.44800000000157
1868.43700000000162
1876.37300000000162
1878.28000000000163
1879.00000000000163
1934.90200000000168
1943.84200000000168
1944.76200000000169
1945.75700000000169
1949.28100000000169
1951.08300000000169
1952.45800000000169
1953.94800000000169
1954.84800000000169
1955.9320000000017
1958.2950000000017
1961.1770000000017
1962.2230000000017
1971.24800000000171
1979.64200000000172
1980.99800000000172
1982.22800000000172
1999.90300000000173
2000.73900000000174
2004.97600000000174
2008.34200000000174
2009.56100000000174
2013.27000000000175
2013.98800000000175
2015.05100000000175
2015.67400000000175
2017.28100000000175
2018.30400000000175
2019.54700000000175
2021.01700000000175
2021.60600000000175
2022.56900000000175
2023.06200000000176
2024.33100000000176
2025.20500000000176
2026.03800000000176
2034.50000000000177
2041.10400000000177
2041.95700000000177
2044.31000000000177
2052.75800000000125
2074.86399999999882
2078.74899999999839
2080.94599999999815
2081.96899999999804
2093.99899999999671
2096.88499999999639
2099.79499999999607
2102.45899999999578
2106.43099999999534
2114.1049999999945
2114.69999999999443
2117.95999999999407
2119.72199999999388
2120.81099999999376
2121.15899999999372
2125.19799999999328
2126.49699999999313
2128.50499999999291
2134.68699999999223
2136.67799999999201
2138.52099999999181
2141.38699999999149
2144.78799999999112
2146.45599999999093
2147.33599999999084
2148.69899999999069
2151.92799999999033
2154.51599999999005
2155.13699999998998
2156.01099999998988
2157.05199999998977
2158.03299999998966
2158.35499999998962
2159.26399999998952
2160.52599999998938
2161.36699999998929
2199.3889999999851
2200.18499999998502
2245.00399999998008
2246.47099999997992
2250.02799999997953
2250.88799999997943
2252.02299999997931
2253.27299999997917
2254.07999999997908
2254.65199999997902
2296.41199999997442
2300.74799999997394
2302.32599999997377
2305.01599999997347
2306.18499999997334
2306.6149999999733
2307.4519999999732
2310.78299999997284
2311.9999999999727
2318.58499999997198
2330.11799999997071
2348.81899999996865
2394.6089999999636
2401.48899999996285
2402.40299999996275
2408.99999999996202
2409.84299999996193
2413.93899999996147
2414.25399999996144
2432.15099999995947
2527.92399999994892
2529.9409999999487
2530.77699999994861
2532.53899999994841
2533.97899999994825
2537.24299999994789
2537.86099999994783
2538.36899999994777
2539.28499999994767
2541.00199999994748
2541.80899999994739
2544.02399999994715
2544.82099999994706
2552.49899999994621
2553.86099999994606
2555.44499999994589
2565.03099999994483
2566.43099999994468
2566.68299999994465
2578.67899999994333
2588.84799999994221
2589.56199999994213
2664.06899999993393
2664.47199999993388
2666.26299999993369
2668.98499999993339
2671.99699999993305
2672.82399999993296
2673.80799999993285
2674.60499999993277
2675.54799999993266
2676.36299999993257
2676.88999999993252
2677.64699999993243
2678.8339999999323
2679.03699999993228
2679.87499999993219
2682.4429999999319
2682.83599999993186
2683.51399999993179
2684.3109999999317
2706.36499999992927
2707.30999999992916
2708.50499999992903
2709.83599999992889
2711.5739999999287
2712.60699999992858
2713.43399999992849
2714.06699999992842
2714.73399999992835
2715.1189999999283
2721.78499999992757
2722.88699999992745
2723.57099999992737
2724.34099999992729
2726.45899999992706
2727.82399999992691
2728.48699999992683
2732.34799999992641
2732.83299999992635
2733.39099999992629
2754.13699999992401
2755.56199999992385
2756.84399999992371
2759.81799999992338
2761.26599999992322
2767.48299999992254
2791.81999999991986
2808.20999999991805
2811.02499999991774
2813.60499999991746
2847.59199999991371
2848.54999999991361
2850.02299999991345
2852.3029999999132
2888.68499999990919
2889.27099999990912
2890.74199999990896
2901.71199999990775
2903.49899999990756
2915.31699999990626
2919.4589999999058
2957.10899999990165
2962.93299999990101
2969.4159999999003
2971.10999999990011
2972.54999999989995
2973.33399999989987
2974.75499999989971
2978.06799999989934
2979.23499999989922
2980.72699999989905
2981.75499999989894
2984.70999999989861
2987.86099999989827
2989.80699999989805
2992.0809999998978
2993.55099999989764
2998.84999999989706
3006.72299999989619
3007.33199999989612
3019.64599999989477
3020.36399999989469
3021.10299999989461
3027.03899999989395
3031.57099999989345
3032.33099999989337
3033.49699999989324
3034.47599999989313
3035.85199999989298
3038.22399999989272
3038.99099999989264
3039.75899999989255
3040.89399999989243
3044.17199999989206
3046.76399999989178
3047.4459999998917
3048.43899999989159
3050.63099999989135
3051.40899999989127
3061.65099999989014
3062.13999999989009
3067.86599999988946
3069.88899999988923
3071.978999999889
3072.9199999998889
3088.07699999988723
3088.83899999988715
3089.92499999988703
3094.35399999988654
3094.82699999988649
3095.26699999988644
3096.43499999988631
3098.00699999988614
3105.95299999988526
3112.14999999988458
3120.76799999988363
3121.87199999988351
3143.59499999988111
3147.67799999988066
3148.86099999988054
3171.31099999987806
3174.69599999987769
3175.39699999987761
3176.50399999987749
3177.20599999987741
3178.44799999987728
3179.49099999987716
3180.912999999877
3181.93399999987689
3182.85899999987679
3183.40799999987673
3186.78599999987636
3188.10299999987621
3189.39199999987607
3191.28399999987586
3196.96999999987524
3200.45999999987485
3201.68499999987472
3205.31999999987432
3206.19399999987422
3207.60999999987406
3210.18899999987378
3221.49899999987254
3222.06199999987247
3223.78999999987228
3224.75199999987218
3228.96399999987171
3231.65099999987142
3244.59899999986999
3245.89099999986985
3247.45499999986968
3253.10799999986905
3258.63599999986844
3263.45199999986791
3274.66299999986668
3275.12299999986663
3275.88599999986654
3276.70799999986645
3279.34799999986616
3279.83299999986611
3286.59699999986537
3305.80599999986325
3309.69599999986282
3310.67899999986271
3328.9579999998607
3331.52199999986042
3339.64699999985952
3340.91699999985938
3341.98199999985927
3343.23699999985913
3345.08499999985892
3362.77299999985698
3365.94299999985663
3366.98999999985651
3368.42399999985635
3368.9339999998563
3370.46699999985613
3371.49699999985602
3378.39899999985526
3382.5199999998548
3383.50399999985469
3389.25999999985406
3392.06599999985375
3393.31399999985361
3399.7429999998529
3401.14399999985275
3402.34899999985262
3409.32099999985185
3483.63999999984366
3485.79299999984343
3486.56399999984334
3486.9819999998433
3535.40799999983796
3536.0149999998379
3539.67099999983749
3539.89299999983747
3589.42699999983201
3613.04299999982941
3613.59799999982935
3616.65599999982901
3617.35299999982894
3617.95199999982887
3619.06099999982875
3619.85299999982866
3621.03499999982853
3622.12599999982841
3623.48999999982826
3624.35099999982817
3625.05899999982809
3626.03799999982798
3626.41899999982794
3942.67599999979311
3960.29199999979117
3962.34299999979094
3965.02899999979065
3967.82999999979034
3969.79399999979012
4000.77699999978671
4001.64399999978661
4004.55599999978629
4005.64599999978617
4010.37899999978565
4011.26999999978555
4012.25199999978545
4013.39599999978532
4014.17199999978523
4018.25199999978479
4022.51299999978432
4023.05299999978426
4024.68799999978408
4025.15699999978402
4025.54999999978398
4027.68299999978375
4033.38999999978312
4035.00599999978294
4041.37699999978224
4042.38899999978213
4044.06799999978194
4046.57299999978167
4051.23799999978115
4065.10699999977962
4068.14999999977929
4071.84699999977888
4072.70699999977879
4096.34099999977618
4097.22599999977609
4098.15599999977598
4098.73299999977592
4100.44999999977573
4101.05099999977567
4102.24499999977554
4109.8009999997747
4111.53599999977451
4113.07199999977434
4114.80599999977415
4148.67099999977042
4150.12499999977026
4151.65899999977009
4152.61999999976999
4154.76099999976975
4412.83699999974133
4413.82299999974122
4417.76699999974078
4432.37099999973918
4433.19499999973909
4433.70199999973903
4438.19799999973854
4616.01299999971895
4826.12299999969581
4826.63299999969575
4827.1319999996957
4838.53199999969444
4839.65199999969432
4848.97799999969329
4963.64699999968066
4965.19799999968049
4966.9299999996803
4967.8329999996802
4974.64099999967945
4980.39999999967882
4985.05999999967831
4986.79499999967812
4993.2639999996774
5008.10299999967577
5008.82699999967569
5009.53799999967561
5010.82999999967547
5011.4709999996754
5015.56499999967495
5017.61199999967472
5019.35799999967453
5020.33499999967442
5028.89899999967348
5053.88399999967073
5056.70199999967042
5057.11899999967037
5058.05899999967027
5058.82499999967018
5060.24599999967003
5061.77299999966986
5066.94399999966929
5071.70699999966876
5072.94599999966863
5086.92199999966709
5089.40399999966682
5090.11499999966674
5096.98299999966598
5097.49699999966592
5098.38399999966583
5104.0399999996652
5104.44699999966516
5107.35899999966484
5107.98399999966477
5109.30899999966462
5128.02399999966256
5145.8599999996606
5148.31899999966033
5184.46099999965635
5645.42599999960558
5755.59499999959344
5757.94499999959319
5761.88899999959275
5762.96099999959263
5766.14699999959228
5769.19699999959195
5770.75499999959178
5774.1439999995914
5801.49999999958839
5806.8319999995878
5811.96199999958724
5813.2169999995871
5814.57599999958695
5815.60999999958684
5819.85499999958637
5820.4249999995863
5821.21599999958622
5822.44099999958608
5841.80199999958395
5845.37199999958356
5846.36099999958345
5849.82999999958307
5871.88199999958064
5880.11999999957973
5881.46499999957958
5883.1039999995794
5890.43199999957859
5891.40399999957849
5899.25599999957762
5903.17499999957719
5903.90099999957711
5904.50699999957704
5905.34199999957695
5908.99699999957655
5911.69999999957625
5912.93999999957612
5913.72199999957603
5920.94099999957523
5921.2779999995752
5922.00899999957512
5925.09599999957478
5926.59999999957461
5927.34099999957453
5928.61799999957439
5929.86099999957425
5930.63199999957417
5931.32599999957409
5931.99499999957402
5933.0749999995739
5933.83699999957381
5934.62999999957373
5935.34299999957365
5940.91599999957303
5966.00399999957027
5968.91299999956995
5970.70099999956975
5983.56699999956834
5984.70399999956821
5986.04899999956806
5987.00099999956796
5987.69699999956788
5990.13399999956761
5993.09599999956729
5993.64099999956723
6001.67399999956634
6003.03799999956619
6004.65299999956602
6005.25799999956595
6006.05799999956586
6007.39999999956571
6008.76799999956556
6010.83899999956533
6036.08699999956255
6036.5309999995625
6037.59299999956239
6040.12999999956211
6041.67899999956194
6059.56199999955997
6072.33199999955856
6073.47299999955844
6074.16599999955836
6077.68799999955797
6110.93899999955431
6112.29199999955416
6113.36999999955404
6125.15199999955274
6136.29499999955152
6137.25799999955141
6142.26599999955086
6143.15599999955076
6143.7069999995507
6144.5819999995506
6145.25699999955053
6150.47199999954996
6151.32299999954986
6175.37399999954721
6195.98599999954494
6204.13499999954404
6206.82299999954375
6207.80299999954364
23
-1
9.33900000000000018
208.526000000000144
310.205000000000234
360.932000000000279
433.914000000000344
485.68700000000039
531.28500000000043
808.705000000000677
961.126000000000812
1280.2480000000011
1386.56500000000119
1634.72400000000141
1810.44900000000157
2026.03900000000176
2200.18599999998502
2566.43199999994468
2791.82099999991986
3051.40999999989127
3263.45299999986791
3942.67699999979311
4839.65299999969432
5822.44199999958608
6113.37099999955404
0
0
5000
0
0
0
0
7200
0
0
0
0
0
24
0
7200.00099999943437
1086.73000000000092
1800
0
70
0
1
4
7
10
13
16
19
22
25
28
31
34
37
40
43
46
49
52
55
58
61
64
67
70
73
76
79
82
85
88
91
94
97
100
103
106
109
112
115
118
121
124
127
130
133
136
139
142
145
148
151
154
157
160
163
166
169
172
175
178
181
184
187
190
193
196
199
202
205
208
211
214
217
220
223
226
229
232
235
238
241
244
247
250
253
256
259
262
265
268
271
274
277
280
283
286
289
292
295
298
301
304
307
310
313
316
319
322
325
328
331
334
337
340
343
346
349
352
355
358
361
364
367
370
373
376
379
382
385
388
391
394
397
400
403
406
409
412
415
418
421
424
427
430
433
436
439
442
445
448
451
454
457
460
463
466
469
472
475
478
481
484
487
490
493
496
499
502
505
508
511
514
517
520
523
526
529
532
535
538
541
544
547
550
