12
09
19
12
09
19
cPPR1.15
PR3_day2.1
0
1
13
05
37
14
16
23
23
3
.3
1
981
1
26
1
1
1
1
1
1
1
1
1
1
1
1
1
1
1
1
1
1
1
1
1
184
980
-1
2.73000000000000004
6.04100000000000011
6.63100000000000012
7.26000000000000014
7.43800000000000014
7.86200000000000015
8.47800000000000016
8.85200000000000017
9.14000000000000018
20.6919999999999963
21.3289999999999958
21.4669999999999957
21.7129999999999955
22.0079999999999952
22.267999999999995
23.7159999999999938
24.1729999999999934
28.0999999999999901
28.5239999999999897
28.8159999999999895
39.9459999999999938
40.2469999999999941
40.6189999999999944
40.9169999999999947
41.1599999999999949
41.301999999999995
41.4669999999999952
41.6309999999999953
42.5399999999999961
42.6059999999999962
42.7979999999999964
50.283000000000003
50.5100000000000032
50.7660000000000034
51.414000000000004
51.5660000000000042
51.7820000000000043
52.1300000000000047
52.2900000000000048
52.467000000000005
52.6720000000000051
52.8860000000000053
53.0600000000000055
53.2330000000000056
56.2540000000000083
66.3710000000000173
66.6500000000000176
66.8080000000000177
66.9680000000000178
67.0840000000000179
67.4610000000000183
67.6060000000000184
67.7800000000000186
67.9510000000000187
68.0990000000000188
68.3640000000000191
68.5260000000000192
68.7180000000000194
69.0020000000000196
69.1850000000000198
69.35900000000002
72.6800000000000229
73.1730000000000233
73.4450000000000236
73.6190000000000237
73.7970000000000239
73.972000000000024
74.1640000000000242
74.5700000000000246
74.7890000000000248
74.9610000000000249
75.1100000000000251
75.2700000000000252
75.4410000000000254
75.6270000000000255
75.8310000000000257
76.5890000000000264
76.7790000000000265
76.9390000000000267
77.0910000000000268
77.268000000000027
77.4540000000000271
77.7120000000000274
77.9020000000000275
78.0970000000000277
78.3020000000000279
78.7090000000000283
78.8570000000000284
79.4090000000000289
80.9030000000000302
93.8270000000000417
93.9900000000000418
94.7160000000000425
94.9930000000000427
95.1350000000000428
95.315000000000043
95.4840000000000432
95.7480000000000434
96.373000000000044
96.9700000000000445
97.1270000000000446
97.3000000000000448
97.4840000000000449
97.6850000000000451
98.4910000000000458
98.9690000000000463
99.7090000000000469
103.9670000000000507
104.316000000000051
104.7690000000000514
105.0510000000000517
105.3480000000000519
105.5280000000000521
106.591000000000053
107.730000000000054
120.8250000000000657
120.9560000000000658
121.2910000000000661
121.5960000000000664
121.8450000000000666
121.9980000000000667
122.1660000000000668
122.333000000000067
122.5250000000000672
122.6990000000000673
122.8840000000000675
123.1760000000000678
123.6990000000000682
123.8810000000000684
124.3340000000000688
124.5040000000000689
124.6730000000000691
124.8670000000000693
125.0220000000000694
125.1820000000000695
125.3670000000000697
125.5600000000000699
125.72700000000007
125.9900000000000702
126.1670000000000704
135.359000000000079
135.531000000000079
135.704000000000079
136.283000000000079
136.58700000000008
136.74900000000008
136.90800000000008
137.06800000000008
137.23900000000008
137.565000000000081
137.742000000000081
137.931000000000081
138.121000000000081
138.327000000000081
138.574000000000081
139.282000000000082
139.446000000000082
139.620000000000082
139.793000000000083
139.990000000000083
140.216000000000083
140.539000000000083
140.801000000000083
140.982000000000084
141.434000000000084
142.284000000000085
142.511000000000085
142.889000000000085
148.49800000000009
148.886000000000091
149.409000000000091
149.781000000000091
151.006000000000092
151.483000000000093
151.923000000000093
152.181000000000094
152.341000000000094
152.624000000000094
153.032000000000094
153.657000000000095
153.894000000000095
154.070000000000095
154.326000000000095
154.626000000000096
154.809000000000096
155.094000000000096
156.001000000000097
156.147000000000097
156.325000000000097
156.496000000000097
156.736000000000098
156.930000000000098
157.763000000000098
158.028000000000099
158.175000000000099
158.327000000000099
158.510000000000099
158.682000000000099
158.863000000000099
159.0030000000001
162.253000000000102
162.404000000000103
162.549000000000103
162.654000000000103
162.770000000000103
162.942000000000103
163.734000000000104
163.840000000000104
163.984000000000104
164.142000000000104
164.332000000000104
164.437000000000104
164.548000000000104
164.729000000000105
165.320000000000105
165.450000000000105
165.615000000000105
165.833000000000106
166.093000000000106
166.582000000000106
166.732000000000106
166.891000000000107
167.086000000000107
167.216000000000107
167.344000000000107
167.531000000000107
167.748000000000107
168.481000000000108
168.619000000000108
168.779000000000108
169.026000000000108
169.209000000000109
169.390000000000109
169.578000000000109
169.771000000000109
171.736000000000111
171.877000000000111
172.029000000000111
172.184000000000111
172.350000000000111
172.633000000000112
172.821000000000112
184.709000000000122
184.815000000000122
185.496000000000123
185.612000000000123
185.856000000000123
186.071000000000124
186.259000000000124
186.549000000000124
187.441000000000125
187.579000000000125
188.152000000000125
188.327000000000126
188.674000000000126
188.842000000000126
189.223000000000126
189.744000000000127
190.028000000000127
190.207000000000127
190.485000000000128
190.778000000000128
191.317000000000128
192.403000000000129
192.523000000000129
192.76200000000013
192.91100000000013
193.08700000000013
193.18100000000013
193.30500000000013
194.064000000000131
194.358000000000131
194.528000000000131
194.667000000000131
194.845000000000131
195.038000000000132
195.480000000000132
196.030000000000132
196.317000000000133
196.558000000000133
221.106000000000155
221.296000000000155
221.690000000000155
222.939000000000156
223.164000000000157
223.688000000000157
223.895000000000157
224.044000000000157
224.220000000000158
224.452000000000158
224.743000000000158
224.945000000000158
225.180000000000158
225.751000000000159
226.213000000000159
226.51600000000016
226.67500000000016
226.86400000000016
226.96300000000016
227.09100000000016
227.813000000000161
227.952000000000161
228.676000000000161
229.605000000000162
229.790000000000162
229.890000000000163
230.020000000000163
230.290000000000163
230.519000000000163
230.689000000000163
231.276000000000164
231.567000000000164
232.063000000000164
232.233000000000165
232.386000000000165
232.552000000000165
232.709000000000165
232.956000000000165
233.215000000000165
233.407000000000166
260.98300000000019
261.25800000000019
280.112000000000207
280.787000000000208
295.693000000000221
295.950000000000221
296.127000000000221
296.508000000000222
296.679000000000222
297.432000000000222
299.176000000000224
299.387000000000224
299.613000000000224
299.775000000000225
299.889000000000225
300.005000000000225
300.201000000000225
300.436000000000225
300.763000000000225
300.891000000000226
301.444000000000226
301.710000000000226
321.406000000000244
321.849000000000244
324.926000000000247
350.56000000000027
350.80700000000027
350.99900000000027
351.13200000000027
351.487000000000271
352.073000000000271
352.463000000000271
352.920000000000272
353.422000000000272
353.614000000000272
353.866000000000273
354.168000000000273
354.397000000000273
354.578000000000273
354.808000000000273
355.003000000000274
355.189000000000274
355.573000000000274
390.609000000000305
390.978000000000306
391.399000000000306
392.146000000000307
392.479000000000307
392.867000000000307
393.055000000000307
393.163000000000308
393.308000000000308
393.600000000000308
394.887000000000309
395.038000000000309
395.207000000000309
395.61600000000031
395.79400000000031
395.90700000000031
396.04100000000031
396.16400000000031
396.29400000000031
396.50000000000031
396.914000000000311
397.197000000000311
397.359000000000311
397.529000000000311
397.934000000000312
398.104000000000312
398.291000000000312
398.445000000000312
398.549000000000312
398.687000000000312
398.886000000000313
399.043000000000313
399.269000000000313
399.475000000000313
399.744000000000313
399.945000000000314
400.136000000000314
400.354000000000314
400.655000000000314
400.850000000000314
401.061000000000315
401.348000000000315
401.746000000000315
402.021000000000315
402.404000000000316
402.561000000000316
412.004000000000324
412.976000000000325
413.345000000000325
413.499000000000326
413.713000000000326
413.900000000000326
414.109000000000326
414.356000000000326
414.689000000000327
414.868000000000327
415.169000000000327
415.285000000000327
415.418000000000327
415.882000000000328
416.067000000000328
416.237000000000328
416.497000000000328
416.793000000000329
417.250000000000329
417.93400000000033
418.84000000000033
418.99900000000033
419.176000000000331
419.371000000000331
419.511000000000331
419.743000000000331
419.930000000000331
420.100000000000331
420.285000000000332
420.497000000000332
420.701000000000332
420.922000000000332
421.104000000000332
421.318000000000333
421.509000000000333
421.721000000000333
422.041000000000333
422.265000000000333
422.575000000000334
423.212000000000334
423.581000000000335
424.657000000000336
424.798000000000336
425.202000000000336
425.515000000000336
425.715000000000336
426.611000000000337
427.183000000000338
427.362000000000338
427.494000000000338
430.00100000000034
436.599000000000346
437.500000000000347
437.758000000000347
438.281000000000348
438.735000000000348
439.329000000000349
439.792000000000349
439.907000000000349
440.068000000000349
440.208000000000349
440.51900000000035
440.76200000000035
440.91600000000035
441.09200000000035
441.26600000000035
441.682000000000351
441.865000000000351
442.143000000000351
442.561000000000351
442.947000000000352
443.108000000000352
443.289000000000352
443.547000000000352
443.750000000000352
443.987000000000353
444.605000000000353
444.964000000000354
445.565000000000354
445.721000000000354
445.889000000000354
446.050000000000354
446.251000000000355
446.470000000000355
446.643000000000355
446.931000000000355
447.560000000000356
447.738000000000356
447.929000000000356
448.109000000000356
449.436000000000358
449.567000000000358
449.781000000000358
450.749000000000359
450.976000000000359
451.170000000000359
451.310000000000359
452.57900000000036
452.839000000000361
452.975000000000361
453.138000000000361
453.295000000000361
453.571000000000361
512.141000000000413
512.540000000000414
513.934000000000415
514.450000000000415
514.813000000000416
515.060000000000416
515.296000000000416
515.573000000000416
515.813000000000416
516.776000000000417
517.351000000000418
517.599000000000418
517.762000000000418
518.064000000000418
518.193000000000419
518.333000000000419
518.497000000000419
518.637000000000419
518.837000000000419
519.063000000000419
519.24400000000042
519.88800000000042
520.28500000000042
520.764000000000421
520.928000000000421
521.100000000000421
521.270000000000421
521.666000000000422
521.878000000000422
522.188000000000422
522.600000000000422
522.881000000000423
523.776000000000424
524.140000000000424
524.269000000000424
524.433000000000424
524.632000000000424
524.794000000000424
524.948000000000425
525.114000000000425
525.252000000000425
525.347000000000425
525.751000000000425
526.172000000000426
527.342000000000427
527.612000000000427
527.955000000000427
528.321000000000428
528.427000000000428
528.597000000000428
528.876000000000428
529.132000000000428
529.357000000000428
529.622000000000429
530.027000000000429
530.192000000000429
669.323000000000553
673.535000000000556
675.228000000000558
677.84900000000056
678.519000000000561
679.680000000000562
679.972000000000562
680.267000000000562
680.524000000000563
680.849000000000563
681.331000000000563
681.623000000000564
681.787000000000564
682.173000000000564
682.695000000000565
683.487000000000565
683.813000000000566
684.260000000000566
684.406000000000566
684.516000000000566
684.642000000000566
684.849000000000567
685.087000000000567
685.255000000000567
685.396000000000567
685.586000000000567
685.816000000000567
686.012000000000568
686.668000000000568
686.909000000000568
687.231000000000569
687.535000000000569
687.658000000000569
687.865000000000569
688.008000000000569
688.11500000000057
688.28400000000057
688.49900000000057
688.73900000000057
689.02800000000057
689.22000000000057
689.516000000000571
689.720000000000571
689.876000000000571
690.141000000000571
690.434000000000572
690.849000000000572
691.375000000000572
691.625000000000573
692.870000000000574
693.023000000000574
693.403000000000574
694.119000000000575
695.020000000000576
695.203000000000576
695.386000000000576
695.625000000000576
695.809000000000576
761.075000000000634
768.776000000000641
769.127000000000641
769.549000000000642
770.018000000000642
770.278000000000642
771.082000000000643
771.379000000000643
850.913000000000714
853.349000000000716
888.741000000000748
889.474000000000748
894.724000000000753
897.676000000000756
898.161000000000756
900.800000000000758
901.701000000000759
902.00500000000076
902.17800000000076
902.43700000000076
902.58400000000076
902.85900000000076
903.11200000000076
903.781000000000761
904.221000000000761
904.347000000000762
904.782000000000762
905.015000000000762
905.177000000000762
905.637000000000763
905.809000000000763
906.188000000000763
906.441000000000763
906.781000000000764
907.521000000000764
907.655000000000764
907.801000000000765
907.953000000000765
908.086000000000765
908.224000000000765
908.329000000000765
908.484000000000765
908.670000000000765
909.138000000000766
909.351000000000766
910.791000000000767
910.937000000000767
911.096000000000768
911.276000000000768
911.435000000000768
911.549000000000768
911.667000000000768
911.840000000000768
912.069000000000768
912.239000000000769
912.373000000000769
912.767000000000769
912.921000000000769
913.199000000000769
913.41900000000077
913.84500000000077
934.318000000000788
934.903000000000789
935.680000000000789
936.37800000000079
1118.12000000000095
1119.15800000000095
1120.86700000000095
1121.29100000000095
1121.53400000000095
1121.89200000000095
1122.23800000000096
1122.53600000000096
1122.81700000000096
1122.99600000000096
1123.17500000000096
1123.60700000000096
1123.89300000000096
1124.79200000000096
1124.93100000000096
1125.32200000000096
1125.48500000000096
1125.63100000000096
1125.77600000000096
1126.00100000000096
1126.74200000000096
1127.03900000000096
1128.01300000000096
1128.16100000000096
1128.47500000000096
1128.61000000000096
1128.82500000000096
1128.99400000000096
1129.13500000000096
1129.26900000000096
1129.70800000000096
1129.90000000000096
1130.11200000000096
1130.27300000000096
1130.40000000000096
1130.58200000000096
1130.88200000000096
1131.14100000000096
1131.57700000000096
1132.04000000000096
1132.31200000000096
1132.62500000000096
1133.20500000000096
1133.40600000000096
1134.85700000000097
1135.00900000000097
1135.16800000000097
1135.31600000000097
1135.46000000000097
1135.63000000000097
1135.92400000000097
1136.11200000000097
1136.27600000000097
1136.47000000000097
1136.69300000000097
1136.94000000000097
1137.26700000000097
1137.44400000000097
1137.76900000000097
1138.71800000000097
1138.94900000000097
1142.60800000000097
1143.12600000000097
1143.23800000000097
1143.93800000000097
1145.19900000000098
1145.50500000000098
1145.64000000000098
1145.83100000000098
1145.97000000000098
1146.09300000000098
1146.28000000000098
1146.43600000000098
1146.54200000000098
1146.74700000000098
1147.45500000000098
1147.59700000000098
1147.97700000000098
1148.24900000000098
1148.39300000000098
1148.84300000000098
1149.16900000000098
1149.30000000000098
1149.47700000000098
1149.63000000000098
1149.77800000000098
1149.94100000000098
1150.14400000000098
1150.27400000000098
1150.41200000000098
1150.65500000000098
1150.83400000000098
1151.03600000000098
1152.52200000000098
1153.28800000000098
1153.49400000000098
1153.67400000000098
1153.83500000000098
1154.00300000000098
1154.24400000000098
1154.44700000000098
1154.63400000000098
1154.80500000000098
1155.01100000000098
1155.12900000000098
1155.30800000000098
1156.17000000000099
1156.44100000000099
1156.78500000000099
1156.87800000000099
1157.02700000000099
1157.19600000000099
1158.35800000000099
1158.52900000000099
1158.68900000000099
1158.84700000000099
1159.00600000000099
1159.15100000000099
1159.40800000000099
1159.56100000000099
1159.76100000000099
1159.95400000000099
1160.16000000000099
1160.37600000000099
1160.57300000000099
1160.78400000000099
1160.99700000000099
1161.21400000000099
1161.43100000000099
1161.71500000000099
1161.98900000000099
1164.80500000000099
1165.39500000000099
1165.80900000000099
1166.99600000000099
1167.18300000000099
1167.910000000001
1168.063000000001
1168.233000000001
1168.524000000001
1168.975000000001
1169.335000000001
1170.037000000001
1170.671000000001
1170.880000000001
1171.035000000001
1171.172000000001
1171.330000000001
1171.538000000001
1171.726000000001
1172.128000000001
1172.415000000001
1172.602000000001
1173.155000000001
1173.819000000001
1174.022000000001
1174.500000000001
1175.210000000001
1175.294000000001
1175.450000000001
1175.648000000001
1175.751000000001
1175.940000000001
1176.073000000001
1176.599000000001
1176.743000000001
1176.901000000001
1177.117000000001
1177.326000000001
1177.555000000001
1177.760000000001
1178.091000000001
1178.299000000001
1178.549000000001
1178.91700000000101
1179.20800000000101
1181.08200000000101
1181.66000000000101
1181.83700000000101
1181.96700000000101
1182.23500000000101
1182.45000000000101
1183.10000000000101
1183.75600000000101
1183.90300000000101
1184.15000000000101
1184.47600000000101
1184.73400000000101
1184.97600000000101
1185.34500000000101
1185.54900000000101
1185.77700000000101
1187.90200000000101
1189.74200000000102
1190.42700000000102
1190.58900000000102
1191.03000000000102
1191.19000000000102
1191.33600000000102
1191.47500000000102
1191.77800000000102
1192.36800000000102
1193.52900000000102
1193.76800000000102
1193.95400000000102
1205.91300000000103
1306.28700000000112
1311.66100000000112
1312.79400000000112
1315.16000000000113
1315.57900000000113
1316.23100000000113
1317.94400000000113
1320.88400000000113
2275.94099999997667
2276.73899999997659
2277.5299999999765
2278.22799999997642
2278.71799999997637
2279.3419999999763
2282.042999999976
2282.47299999997595
2282.90899999997591
2284.84399999997569
2285.22499999997565
2285.51199999997562
2285.87899999997558
2286.15499999997555
2287.79399999997537
2288.07099999997534
2288.35699999997531
2288.62299999997528
2288.80099999997526
2289.07699999997523
2289.24999999997521
2289.38799999997519
2289.56199999997517
2289.73299999997515
2290.30099999997509
2290.73399999997504
2290.98299999997502
2291.172999999975
2291.44499999997497
2292.09899999997489
2292.74599999997482
2292.99899999997479
2293.18299999997477
2293.34799999997476
2293.60999999997473
2293.76199999997471
2293.92599999997469
2294.07299999997468
2294.25899999997466
2294.42299999997464
2294.60499999997462
2294.91299999997458
2295.12399999997456
2295.55399999997451
2295.77299999997449
2301.42899999997387
2301.68099999997384
2301.91599999997381
2302.9739999999737
2303.38799999997365
2303.65899999997362
2303.8029999999736
2304.47999999997353
2304.68799999997351
2304.99899999997347
2305.20699999997345
2306.86099999997327
2306.98199999997325
2307.17199999997323
2307.35499999997321
2307.64699999997318
2308.48999999997309
2308.84599999997305
2309.12699999997302
2309.301999999973
2448.31499999995769
2451.94699999995729
2454.29399999995703
2455.62299999995688
2457.63699999995666
2457.91399999995663
2458.06899999995661
2458.57899999995656
2567.1609999999446
2574.74899999994376
25
-1
2.73100000000000004
9.14100000000000018
23.7169999999999938
42.6069999999999962
53.2340000000000056
69.36000000000002
78.7100000000000283
105.3490000000000519
126.1680000000000704
142.890000000000085
158.864000000000099
172.822000000000112
196.318000000000133
233.408000000000166
355.574000000000274
402.562000000000316
427.363000000000338
453.572000000000361
530.028000000000429
695.810000000000576
913.84600000000077
1138.71900000000097
1161.99000000000099
1193.95500000000102
2309.12799999997302
0
0
5000
0
0
0
0
7200
0
0
0
0
0
26
0
4109.22899999977477
1800.00000000000156
1800
0
76
0
1
4
7
10
13
16
19
22
25
28
31
34
37
40
43
46
49
52
55
58
61
64
67
70
73
76
79
82
85
88
91
94
97
100
103
106
109
112
115
118
121
124
127
130
133
136
139
142
145
148
151
154
157
160
163
166
169
172
175
178
181
184
187
190
193
196
199
202
205
208
211
214
217
220
223
226
229
232
235
238
241
244
247
250
253
256
259
262
265
268
271
274
277
280
283
286
289
292
295
298
301
304
307
310
313
316
319
322
325
328
331
334
337
340
343
346
349
352
355
358
361
364
367
370
373
376
379
382
385
388
391
394
397
400
403
406
409
412
415
418
421
424
427
430
433
436
439
442
445
448
451
454
457
460
463
466
469
472
475
478
481
484
487
490
493
496
499
502
505
508
511
514
517
520
523
526
529
532
535
538
541
544
547
550
