11
26
19
11
26
19
cPPR1.12
PR3_day2
0
2
8
43
41
10
44
42
23
3
.3
1
1257
1
29
1
1
1
1
1
1
1
1
1
1
1
1
1
1
1
1
1
1
1
1
1
184
1256
-1
36.3129999999999906
42.0619999999999957
46.4399999999999996
47.7100000000000007
49.7750000000000026
49.9530000000000027
55.0840000000000073
59.9500000000000116
64.2520000000000154
64.952000000000016
67.0150000000000179
67.5320000000000183
85.7600000000000345
93.8460000000000417
96.8770000000000444
97.9120000000000453
100.2050000000000474
102.009000000000049
102.9490000000000498
103.4700000000000502
103.7890000000000505
105.1600000000000518
106.0990000000000526
106.3710000000000528
127.8310000000000719
128.672000000000073
129.696000000000074
131.242000000000075
131.794000000000075
133.105000000000077
134.375000000000078
136.092000000000079
137.34000000000008
138.120000000000081
140.363000000000083
146.550000000000089
160.757000000000101
167.059000000000107
172.948000000000112
177.780000000000116
195.053000000000132
196.123000000000133
196.578000000000133
199.966000000000136
200.652000000000137
200.902000000000137
201.650000000000137
204.00500000000014
205.164000000000141
206.816000000000142
206.966000000000142
207.452000000000143
216.12000000000015
222.679000000000156
223.132000000000157
223.580000000000157
224.779000000000158
224.879000000000158
225.306000000000158
226.063000000000159
227.707000000000161
229.056000000000162
246.130000000000177
249.06900000000018
250.620000000000181
250.892000000000181
251.391000000000182
253.063000000000183
253.573000000000184
254.513000000000184
256.569000000000186
326.745000000000249
347.827000000000267
348.700000000000268
351.979000000000271
355.301000000000274
357.988000000000276
358.662000000000277
359.081000000000277
360.817000000000279
361.382000000000279
363.221000000000281
403.599000000000317
404.758000000000318
406.091000000000319
409.019000000000322
409.721000000000322
411.333000000000324
411.838000000000324
412.574000000000325
421.884000000000333
422.656000000000334
423.064000000000334
424.696000000000336
424.894000000000336
460.736000000000368
461.670000000000368
464.398000000000371
465.099000000000371
465.891000000000372
468.021000000000374
468.347000000000374
469.659000000000375
470.972000000000377
473.096000000000379
473.932000000000379
476.431000000000382
477.660000000000383
497.0330000000004
497.5290000000004
499.546000000000402
501.628000000000404
504.367000000000406
505.204000000000407
506.223000000000408
506.594000000000408
507.579000000000409
508.41300000000041
509.06300000000041
511.174000000000412
536.687000000000435
537.043000000000435
537.717000000000436
538.183000000000436
538.608000000000437
541.98000000000044
544.078000000000442
544.426000000000442
545.462000000000443
547.066000000000444
549.631000000000446
554.04900000000045
554.396000000000451
554.939000000000451
562.077000000000458
562.425000000000458
580.025000000000474
581.105000000000474
581.352000000000475
582.912000000000476
584.491000000000477
585.473000000000478
586.501000000000479
587.00200000000048
588.581000000000481
589.975000000000482
590.611000000000483
590.820000000000483
595.778000000000488
600.223000000000491
601.169000000000492
601.232000000000492
617.951000000000507
618.358000000000508
618.992000000000508
621.10500000000051
621.792000000000511
637.044000000000524
638.528000000000525
639.119000000000526
640.418000000000527
640.974000000000528
641.694000000000528
641.854000000000528
642.862000000000529
643.77500000000053
644.372000000000531
645.300000000000531
646.019000000000532
646.523000000000533
647.004000000000533
647.569000000000534
647.914000000000534
648.436000000000534
650.059000000000536
651.434000000000537
652.160000000000538
652.538000000000538
653.008000000000538
654.241000000000539
663.085000000000547
663.715000000000548
664.333000000000548
664.634000000000549
665.054000000000549
666.17700000000055
667.727000000000551
668.749000000000552
687.693000000000569
688.53200000000057
690.632000000000572
695.987000000000576
699.64200000000058
702.015000000000582
704.052000000000584
705.029000000000584
705.867000000000585
706.563000000000586
708.315000000000587
708.832000000000588
709.419000000000588
710.146000000000589
710.231000000000589
710.535000000000589
710.81900000000059
716.773000000000595
719.047000000000597
729.194000000000606
729.490000000000606
729.917000000000607
731.128000000000608
731.666000000000608
734.854000000000611
735.774000000000612
741.750000000000617
742.772000000000618
743.579000000000619
744.192000000000619
744.62700000000062
744.92200000000062
745.868000000000621
747.158000000000622
747.537000000000622
747.958000000000623
754.206000000000628
756.53300000000063
798.899000000000668
799.950000000000669
801.20400000000067
801.81600000000067
805.080000000000673
806.801000000000675
808.423000000000676
809.543000000000677
810.277000000000678
810.717000000000678
814.108000000000681
814.883000000000682
815.066000000000682
817.282000000000684
817.977000000000685
818.213000000000685
819.295000000000686
856.421000000000719
858.222000000000721
859.856000000000722
860.249000000000722
861.138000000000723
861.905000000000724
863.759000000000726
867.711000000000729
874.128000000000735
875.724000000000736
876.202000000000736
876.723000000000737
878.718000000000739
881.242000000000741
881.582000000000741
882.625000000000742
886.276000000000746
886.406000000000746
886.766000000000746
887.410000000000746
888.300000000000747
891.89600000000075
892.214000000000751
893.828000000000752
894.613000000000753
896.125000000000754
896.451000000000755
897.015000000000755
898.663000000000756
898.963000000000757
899.790000000000758
900.680000000000758
909.632000000000766
910.386000000000767
913.097000000000769
915.156000000000771
916.156000000000772
917.208000000000773
918.556000000000774
920.119000000000776
920.422000000000776
921.110000000000776
934.424000000000788
937.258000000000791
937.928000000000791
939.255000000000793
939.927000000000793
943.083000000000796
950.883000000000803
953.739000000000805
954.179000000000806
954.747000000000806
956.109000000000808
956.531000000000808
957.622000000000809
961.330000000000812
961.927000000000813
962.478000000000813
963.570000000000814
963.958000000000814
964.381000000000815
966.938000000000817
968.499000000000818
970.09500000000082
970.18200000000082
970.51600000000082
976.342000000000826
979.656000000000828
981.70300000000083
982.248000000000831
984.736000000000833
989.783000000000837
990.791000000000838
992.88100000000084
996.676000000000844
1000.280000000000847
1001.433000000000848
1002.256000000000848
1003.161000000000849
1003.292000000000849
1003.67700000000085
1006.062000000000852
1006.453000000000852
1006.686000000000852
1008.178000000000854
1018.995000000000863
1019.489000000000864
1021.310000000000865
1022.619000000000867
1026.41700000000087
1027.97300000000087
1033.96800000000088
1034.59000000000088
1036.10700000000088
1036.97500000000088
1037.62100000000088
1038.68300000000088
1039.19800000000088
1040.51800000000088
1041.64600000000088
1045.91700000000089
1046.47100000000089
1048.32200000000089
1049.12000000000089
1050.32500000000089
1053.65000000000089
1053.80600000000089
1056.1450000000009
1059.0140000000009
1061.1010000000009
1063.1800000000009
1063.3920000000009
1064.4210000000009
1090.96000000000093
1092.17200000000093
1093.06100000000093
1094.99000000000093
1095.86900000000093
1101.30200000000094
1102.94700000000094
1105.96100000000094
1107.41700000000094
1110.95300000000094
1130.94600000000096
1131.74800000000096
1134.76800000000097
1136.44600000000097
1136.57200000000097
1136.67000000000097
1137.19400000000097
1141.31600000000097
1141.73800000000097
1143.34500000000097
1161.73200000000099
1165.67800000000099
1167.178000000001
1170.805000000001
1171.086000000001
1181.63900000000101
1182.36600000000101
1182.95700000000101
1185.38800000000101
1186.33700000000101
1187.00400000000101
1187.57900000000101
1188.90000000000101
1189.32900000000101
1190.29100000000102
1190.63900000000102
1192.79400000000102
1193.52700000000102
1193.91100000000102
1196.14400000000102
1197.01700000000102
1197.83800000000102
1198.31100000000102
1198.82500000000102
1199.51400000000102
1200.32200000000102
1202.22600000000103
1204.03900000000103
1204.87500000000103
1224.64200000000105
1226.30400000000105
1227.61100000000105
1229.96100000000105
1231.95000000000105
1233.39900000000105
1241.15500000000106
1243.17200000000106
1244.11200000000106
1244.47900000000106
1244.80100000000106
1251.67600000000107
1252.72400000000107
1254.79500000000107
1255.40300000000107
1255.81000000000107
1261.53700000000108
1262.15500000000108
1263.04100000000108
1268.25100000000108
1269.79100000000109
1272.79700000000109
1274.35700000000109
1283.2640000000011
1289.6790000000011
1327.01600000000114
1351.38500000000116
1352.26500000000116
1355.37700000000116
1356.47800000000116
1362.90600000000117
1364.94500000000117
1365.49900000000117
1366.01000000000117
1366.63600000000117
1369.80200000000117
1377.91400000000118
1381.33000000000119
1381.95800000000119
1385.81200000000119
1394.7940000000012
1395.5330000000012
1396.4530000000012
1400.2270000000012
1401.7850000000012
1422.24700000000122
1422.85700000000122
1427.34000000000123
1431.19600000000123
1444.59200000000124
1471.18000000000126
1472.64100000000127
1474.40100000000127
1481.33900000000127
1484.92100000000128
1494.99300000000129
1534.85300000000132
1539.81700000000133
1543.35700000000133
1543.85900000000133
1544.92800000000133
1545.84100000000133
1546.08300000000133
1547.50100000000133
1549.57400000000133
1550.94800000000134
1551.61700000000134
1552.75800000000134
1553.14700000000134
1553.53700000000134
1571.18900000000135
1571.96600000000135
1573.59100000000136
1576.62100000000136
1680.94200000000145
1681.93700000000145
1686.17800000000146
1694.07200000000146
1696.12500000000146
1697.94200000000147
1699.12700000000147
1699.51700000000147
1701.62500000000147
1716.42600000000148
1725.76900000000149
1726.37200000000149
1726.93200000000149
1730.2620000000015
1731.2240000000015
1733.2690000000015
1733.5350000000015
1734.7640000000015
1737.2350000000015
1739.0120000000015
1743.10600000000151
1744.65600000000151
1745.21700000000151
1748.47800000000151
1750.00300000000151
1750.47200000000151
1751.21300000000151
1751.63700000000151
1754.89500000000152
1757.91300000000152
1759.15100000000152
1760.16600000000152
1767.12300000000153
1769.43200000000153
1771.90200000000153
1772.36100000000153
1783.69900000000154
1784.59800000000154
1785.53900000000154
1785.84200000000154
1791.49100000000155
1793.07600000000155
1793.27200000000155
1795.24500000000155
1796.87700000000155
1799.73000000000156
1800.65500000000156
1805.78400000000156
1806.18200000000156
1807.10700000000156
1808.72900000000156
1809.74100000000157
1810.30300000000157
1811.09500000000157
1812.61600000000157
1846.7300000000016
1850.1360000000016
1851.0560000000016
1851.2320000000016
1873.43800000000162
1874.03500000000162
1874.68500000000162
1875.63700000000162
1876.74600000000163
1877.85900000000163
1882.52100000000163
1883.08600000000163
1884.91300000000163
1886.98900000000163
1887.57800000000163
1891.02600000000164
1892.08900000000164
1893.29400000000164
1895.30200000000164
1896.10400000000164
1929.65900000000167
1930.90100000000167
1932.73300000000167
1933.65800000000168
1934.93700000000168
1937.02700000000168
1938.11200000000168
1938.95700000000168
1950.67600000000169
1951.40600000000169
1951.98900000000169
1953.94600000000169
1954.64300000000169
1955.4500000000017
1956.5020000000017
1957.2550000000017
1959.4080000000017
1960.1560000000017
1960.3800000000017
1962.1840000000017
1963.0090000000017
1963.3400000000017
1964.2590000000017
1964.9680000000017
1965.5450000000017
1965.9210000000017
1968.69700000000171
1969.06700000000171
1969.18700000000171
1969.48500000000171
1970.13800000000171
1970.27800000000171
1970.59700000000171
2010.73700000000174
2011.60400000000174
2012.31300000000175
2013.22400000000175
2015.31700000000175
2016.17800000000175
2016.67100000000175
2016.86000000000175
2017.17000000000175
2017.41700000000175
2025.69600000000176
2026.47800000000176
2032.71400000000176
2034.64200000000177
2035.02100000000177
2036.81700000000177
2037.93200000000177
2038.48700000000177
2039.01300000000177
2039.80900000000177
2040.35100000000177
2041.23900000000177
2041.53700000000177
2042.05700000000177
2045.68200000000178
2048.42300000000173
2049.88800000000157
2051.61600000000138
2051.80100000000136
2052.79000000000125
2055.16900000000099
2055.31100000000097
2057.54200000000073
2062.46900000000018
2062.83800000000014
2064.72199999999994
2065.68199999999983
2066.08999999999978
2068.52499999999952
2070.11499999999934
2070.76299999999927
2071.05999999999924
2072.03399999999913
2073.55099999999896
2074.23099999999889
2074.73399999999883
2074.84599999999882
2075.14799999999879
2075.69699999999873
2077.96999999999848
2079.5939999999983
2081.98499999999803
2082.61899999999796
2088.46999999999732
2090.4989999999971
2091.55199999999698
2092.2409999999969
2093.05899999999681
2093.71199999999674
2094.00999999999671
2094.39399999999667
2095.0529999999966
2095.45099999999655
2095.71599999999652
2098.38599999999623
2098.92399999999617
2116.11299999999428
2119.95699999999385
2123.34999999999348
2124.44999999999336
2124.9639999999933
2140.03999999999164
2146.31099999999095
2148.13399999999075
2148.5549999999907
2151.06099999999043
2151.60799999999037
2152.43599999999028
2157.01599999998977
2158.51399999998961
2158.80099999998957
2158.94799999998956
2160.06999999998943
2160.71499999998936
2161.09899999998932
2162.64999999998915
2163.998999999989
2164.38999999998896
2166.39899999998874
2170.82699999998825
2172.85599999998803
2173.64999999998794
2174.23699999998787
2177.71999999998749
2203.64999999998463
2205.19399999998446
2206.14999999998436
2207.05099999998426
2207.22999999998424
2207.69399999998419
2210.40999999998389
2212.02699999998371
2213.75999999998352
2214.14799999998348
2215.05299999998338
2215.36199999998334
2216.27199999998324
2218.71999999998298
2221.98199999998262
2222.67999999998254
2223.30799999998247
2224.18799999998237
2224.74499999998231
2225.03399999998228
2227.38299999998202
2228.62999999998188
2228.72999999998187
2228.95499999998185
2229.81699999998175
2230.80799999998164
2231.26999999998159
2231.66699999998155
2232.71599999998143
2233.66999999998133
2233.99299999998129
2234.8659999999812
2236.03899999998107
2238.06499999998084
2238.34599999998081
2238.79699999998076
2239.19399999998072
2239.90699999998064
2243.46199999998025
2246.74799999997989
2247.04599999997986
2272.0569999999771
2273.46199999997695
2275.48999999997672
2277.32199999997652
2277.62299999997649
2279.90499999997624
2282.39099999997596
2282.77299999997592
2283.11899999997588
2284.26299999997576
2286.18599999997554
2287.40699999997541
2291.62999999997495
2291.89899999997492
2293.70299999997472
2297.79199999997427
2298.34299999997421
2299.58299999997407
2300.28399999997399
2300.79599999997394
2302.28399999997377
2306.69899999997329
2308.07999999997313
2311.95999999997271
2313.46199999997254
2319.2869999999719
2324.08399999997137
2325.11299999997126
2326.15799999997114
2326.41699999997111
2327.430999999971
2328.46699999997089
2328.81399999997085
2329.10099999997082
2332.28799999997047
2333.44999999997034
2335.08399999997016
2339.88099999996963
2340.48899999996956
2342.81299999996931
2345.19199999996905
2346.39699999996891
2347.4359999999688
2347.77999999996876
2349.01299999996863
2349.19399999996861
2350.26599999996849
2351.58399999996834
2355.27399999996794
2355.52799999996791
2356.22299999996783
2356.4799999999678
2359.49099999996747
2360.39299999996737
2362.63799999996712
2368.3419999999665
2368.58999999996647
2369.27299999996639
2371.30899999996617
2371.60999999996614
2425.85999999996016
2426.61799999996008
2428.07099999995992
2428.55499999995987
2432.31099999995945
2440.25899999995858
2440.56899999995854
2440.9659999999585
2453.30499999995714
2456.11799999995683
2456.71699999995676
2458.69399999995655
2460.16799999995638
2479.9519999999542
2481.22699999995406
2481.68199999995401
2482.32399999995394
2485.70199999995357
2486.47999999995349
2486.92299999995344
2488.83099999995323
2489.86999999995311
2490.32899999995306
2493.39699999995272
2494.24099999995263
2499.43199999995206
2508.30399999995108
2509.81899999995092
2510.35699999995086
2511.70199999995071
2552.84099999994618
2554.453999999946
2555.30099999994591
2556.35699999994579
2558.36499999994557
2562.73999999994509
2565.26099999994481
2566.18499999994471
2568.0679999999445
2571.41599999994413
2572.93099999994396
2573.5359999999439
2575.64499999994367
2576.60899999994356
2578.66499999994333
2579.98499999994319
2581.54999999994302
2582.02699999994296
2586.01599999994252
2588.9319999999422
2589.05099999994219
2590.21599999994206
2591.09899999994196
2591.98899999994187
2592.85699999994177
2597.68599999994124
2599.39899999994105
2600.10299999994097
2601.57299999994081
2602.40799999994072
2602.82099999994067
2606.56099999994026
2606.94999999994022
2616.72499999993914
2617.58899999993905
2618.60599999993893
2619.72799999993881
2620.62599999993871
2633.78199999993726
2638.11099999993679
2641.51799999993641
2641.80099999993638
2645.89299999993593
2647.23199999993578
2647.77499999993572
2667.10799999993359
2667.88799999993351
2669.82999999993329
2674.85299999993274
2687.0179999999314
2688.22199999993127
2691.74499999993088
2695.25099999993049
2695.91799999993042
2697.55699999993024
2698.59899999993012
2699.74399999993
2700.49499999992992
2764.00199999992292
2766.14099999992269
2766.76899999992262
2769.82099999992228
2770.82399999992217
2775.50199999992165
2776.77099999992151
2780.44499999992111
2781.75599999992097
2786.78499999992041
2794.52999999991956
2795.88899999991941
2796.44699999991935
2813.75299999991744
2814.75099999991733
2815.67299999991723
2818.6339999999169
2819.76299999991678
2823.90099999991632
2826.886999999916
2828.92699999991577
2857.7159999999126
2860.36699999991231
2861.3419999999122
2862.35899999991209
2863.50499999991196
2865.13399999991178
2865.44199999991175
2866.35299999991165
2871.93999999991103
2874.17699999991079
2896.38399999990834
2897.6189999999082
2898.46199999990811
2900.33399999990791
2904.15799999990748
2905.33699999990736
2910.76599999990676
2914.12699999990639
2918.91199999990586
2921.56899999990557
2921.90499999990553
2922.1429999999055
2923.15099999990539
2926.52799999990502
2931.72899999990445
2957.64699999990159
2959.23499999990142
2960.89499999990124
2960.97999999990123
2963.11299999990099
2966.95699999990057
2976.23899999989955
2986.04899999989847
3011.40699999989567
3012.40499999989556
3016.20699999989514
3022.31999999989447
3028.98999999989374
3033.59999999989323
3036.80499999989288
3041.69899999989234
3044.55999999989202
3049.87299999989144
3096.39499999988631
3097.36399999988621
3097.50299999988619
3099.52099999988597
3162.94599999987898
3165.42999999987871
3181.05999999987699
3184.74699999987658
3189.46599999987606
3189.98499999987601
3194.17999999987554
3196.46499999987529
3198.65399999987505
3199.098999999875
3200.51599999987485
3208.38799999987398
3217.46599999987298
3219.02699999987281
3219.46099999987276
3220.36299999987266
3221.06199999987258
3221.47899999987254
3231.34599999987145
3232.92399999987128
3234.29699999987113
3234.77599999987107
3235.24399999987102
3247.06499999986972
3248.22599999986959
3248.85699999986952
3349.54699999985843
3351.75499999985819
3356.71299999985764
3412.17499999985154
3414.02199999985133
3417.36699999985096
3696.03099999982027
3698.09499999982005
3699.34999999981991
3699.99099999981984
3701.69699999981965
3765.7259999998126
3768.97499999981224
3769.69899999981216
3770.86999999981203
3804.80599999980829
3806.5639999998081
3951.57499999979213
3953.58799999979191
3954.70499999979178
3956.72799999979156
3957.72399999979145
3958.10199999979141
3958.53899999979136
3967.95199999979032
3969.59199999979014
4133.74399999977207
4136.37099999977178
4414.9229999997411
4416.62799999974091
4417.42099999974082
4421.2709999997404
4422.49199999974026
4424.80499999974001
4426.24199999973985
4426.6889999997398
4427.50399999973971
4697.92299999970993
4698.33999999970988
4701.8079999997095
4703.92799999970927
4705.19099999970913
4707.33699999970889
4707.69199999970885
4709.33999999970867
4710.98999999970849
4711.28399999970846
4731.72199999970621
4733.11399999970605
4733.72499999970599
4821.84599999969628
4823.71399999969608
4827.80999999969563
4844.26799999969381
4844.77099999969376
4846.64599999969355
4846.91299999969352
4848.53199999969334
4849.8279999996932
4850.39599999969314
4851.40199999969303
4853.08699999969284
4854.87299999969264
4855.62699999969256
4857.54299999969235
4860.02599999969208
4862.20799999969184
4863.14299999969173
4863.28199999969172
4864.06099999969163
4867.23999999969128
4867.66799999969124
4868.17899999969118
4869.03399999969109
4870.18199999969096
4873.18199999969063
4887.00999999968911
4888.8959999996889
4889.66699999968881
4891.22799999968864
4891.5939999996886
4892.96099999968845
4894.17799999968832
4897.15299999968799
4898.33599999968786
4898.78499999968781
4900.14599999968766
4901.5779999996875
4903.3709999996873
4903.69499999968727
4904.21799999968721
4905.53899999968706
4908.8579999996867
4909.59699999968662
4910.14499999968656
4975.70599999967934
4977.16199999967918
4980.24199999967884
4983.14099999967852
4984.41399999967838
5176.53799999965722
5179.26699999965692
5179.91299999965685
5187.49199999965601
5196.718999999655
5197.50099999965491
5199.18199999965472
5200.89899999965454
5202.30799999965438
5203.50599999965425
5323.51099999964103
5326.5389999996407
5328.05999999964053
5329.2709999996404
5329.65599999964035
5330.92699999964022
5425.21899999962983
5426.73199999962966
5433.85299999962888
5434.43799999962881
5435.30899999962872
5445.72899999962757
5446.13399999962753
5448.2099999996273
5448.58799999962726
5450.31899999962707
5504.05099999962115
5504.72299999962107
5505.18799999962102
5529.69099999961832
5530.43399999961824
5537.62999999961745
5539.04599999961729
5540.41799999961714
5540.89799999961709
5541.15599999961706
5545.52499999961658
5545.92799999961654
5546.2409999996165
5547.21799999961639
5547.71199999961634
5552.23199999961584
5578.34699999961297
5578.84499999961291
5605.50799999960997
5607.49099999960976
5610.47299999960943
5611.16899999960935
5613.75999999960907
5617.70799999960863
5624.57099999960787
5625.14999999960781
5625.47199999960778
5627.89399999960751
5628.70699999960742
5629.65099999960732
5634.3069999996068
5635.52699999960667
5637.38399999960646
5661.83899999960377
5663.3389999996036
5673.43599999960249
5674.47299999960238
5692.06999999960044
5697.75599999959981
5698.45599999959974
5699.45499999959963
5704.59599999959906
5793.01499999958932
5794.57899999958915
5803.57599999958816
5805.9459999995879
5815.0459999995869
5816.90299999958669
5837.98399999958437
5978.12099999956894
5979.92899999956874
5984.36399999956825
5985.7619999995681
5990.59799999956756
5991.51699999956746
5992.51899999956735
6002.29999999956627
6002.77899999956622
6005.12099999956596
6007.57699999956569
6008.71899999956557
6009.16899999956552
6017.5119999995646
6027.79599999956347
6029.16899999956331
6031.24999999956309
6032.48499999956295
6033.29099999956286
6034.04199999956278
6035.08599999956266
6035.32799999956264
6258.65499999953804
6259.40899999953796
6261.27499999953775
6261.7779999995377
6265.00499999953734
6268.27499999953698
6305.88799999953284
6307.26599999953269
6308.29599999953257
6357.00099999952721
6357.93299999952711
6380.51899999952462
6381.69799999952449
6391.11699999952345
6416.74499999952063
6417.74899999952052
6445.97899999951741
6447.73299999951722
6542.23799999950681
6602.66499999950015
6604.35899999949997
6608.76899999949948
6619.25899999949833
6621.91699999949803
6625.60299999949763
6675.22599999949216
6675.62399999949212
6679.16599999949173
6680.14399999949162
6681.56399999949146
6682.1419999994914
6682.80499999949133
6683.89099999949121
6685.41699999949104
6689.04299999949064
6692.00599999949031
6693.35399999949017
6717.00199999948756
6720.68999999948715
6721.91399999948702
6783.47999999948024
6785.63999999948
6786.71399999947988
6789.56199999947957
6790.97599999947941
6792.58499999947924
6793.95999999947908
6795.43399999947892
6796.5709999994788
6824.90399999947568
6827.59499999947538
6864.78599999947128
6866.66399999947108
6867.75199999947096
6868.20399999947091
6869.27499999947079
6873.31299999947035
6874.55299999947021
6878.89599999946973
6879.08399999946971
6879.59499999946965
6881.09199999946949
6881.69099999946942
6885.09499999946905
6886.15399999946893
6886.4869999994689
6900.53099999946735
6902.27199999946716
6906.3719999994667
6907.78999999946655
6909.44699999946637
6950.8589999994618
6951.36499999946175
6952.53599999946162
6954.5709999994614
6955.27899999946132
6956.56099999946118
6959.79299999946082
7089.44799999944654
7091.79699999944628
7094.80099999944595
7095.2309999994459
7095.75399999944585
7099.47699999944544
7102.27999999944513
7103.17099999944503
7153.83099999943945
7155.02099999943932
7155.2249999994393
7158.8029999994389
7171.43699999943751
7177.80699999943681
7178.73999999943671
7179.28199999943665
7180.43599999943652
28
-1
36.3139999999999906
49.7760000000000026
85.7610000000000345
106.1000000000000526
160.758000000000101
216.12100000000015
326.746000000000249
424.697000000000336
511.175000000000412
590.821000000000483
654.242000000000539
735.775000000000612
867.712000000000729
943.084000000000796
1027.97400000000087
1170.806000000001
1289.6800000000011
1686.17900000000146
1851.0570000000016
2017.17100000000175
2124.9649999999933
2247.04699999997986
2440.56999999995854
2669.83099999993329
3049.87399999989144
4710.99099999970849
5450.31999999962707
6357.93399999952711
0
0
5000
0
0
0
0
7200
0
0
0
0
0
29
0
7200.00099999943437
842.167000000000706
1800
0
85
0
1
4
7
10
13
16
19
22
25
28
31
34
37
40
43
46
49
52
55
58
61
64
67
70
73
76
79
82
85
88
91
94
97
100
103
106
109
112
115
118
121
124
127
130
133
136
139
142
145
148
151
154
157
160
163
166
169
172
175
178
181
184
187
190
193
196
199
202
205
208
211
214
217
220
223
226
229
232
235
238
241
244
247
250
253
256
259
262
265
268
271
274
277
280
283
286
289
292
295
298
301
304
307
310
313
316
319
322
325
328
331
334
337
340
343
346
349
352
355
358
361
364
367
370
373
376
379
382
385
388
391
394
397
400
403
406
409
412
415
418
421
424
427
430
433
436
439
442
445
448
451
454
457
460
463
466
469
472
475
478
481
484
487
490
493
496
499
502
505
508
511
514
517
520
523
526
529
532
535
538
541
544
547
550
