11
25
19
11
25
19
cPPR1.15
PR3_day1
0
3
14
14
48
15
36
24
23
3
.3
1
2044
1
37
1
1
1
1
1
1
1
1
1
1
1
1
1
1
1
1
1
1
1
1
1
184
2043
-1
43.4349999999999969
46.0349999999999992
46.3239999999999995
46.5219999999999997
47.2810000000000003
48.3830000000000013
48.6970000000000016
48.8500000000000017
49.0420000000000019
49.2770000000000021
60.1400000000000118
60.2830000000000119
60.5680000000000122
61.2860000000000128
61.4420000000000129
61.6190000000000131
61.7910000000000132
64.9630000000000161
65.1590000000000162
65.3160000000000164
65.4670000000000165
65.8850000000000169
66.2540000000000172
66.4030000000000173
66.5760000000000175
67.4980000000000183
67.6180000000000184
67.9070000000000187
68.6780000000000194
69.1370000000000198
69.1750000000000198
69.2890000000000199
69.4780000000000201
69.6800000000000202
69.8490000000000204
78.8790000000000284
79.0550000000000286
79.2240000000000287
79.3800000000000289
79.8840000000000293
80.0180000000000294
80.1630000000000296
80.4080000000000298
80.5360000000000299
81.0990000000000304
81.810000000000031
81.9710000000000312
82.2260000000000314
87.2660000000000359
87.396000000000036
87.5670000000000361
87.7630000000000363
87.9070000000000364
88.2930000000000368
88.4370000000000369
88.8450000000000373
88.9930000000000374
89.1550000000000375
89.3710000000000377
89.5320000000000379
89.7670000000000381
89.9370000000000382
90.2710000000000385
90.5310000000000388
90.6470000000000389
109.895000000000056
110.0340000000000561
110.1930000000000562
110.9220000000000569
111.090000000000057
111.2850000000000572
111.5700000000000574
111.6850000000000575
111.9560000000000578
112.4110000000000582
112.7150000000000585
112.8870000000000586
113.1120000000000588
113.276000000000059
113.5600000000000592
113.6800000000000593
114.3340000000000599
114.49700000000006
114.6690000000000602
123.2660000000000678
123.415000000000068
123.6080000000000681
123.7760000000000683
124.2030000000000687
124.7800000000000692
124.9310000000000693
125.1440000000000695
126.1090000000000704
126.3140000000000706
126.4690000000000707
126.6580000000000708
126.820000000000071
127.3770000000000715
127.5620000000000716
127.7710000000000718
128.783000000000073
129.868000000000074
130.000000000000074
130.222000000000074
131.671000000000075
131.867000000000075
135.647000000000079
135.813000000000079
135.953000000000079
136.174000000000079
137.968000000000081
138.096000000000081
138.361000000000081
138.557000000000081
138.782000000000082
139.078000000000082
139.248000000000082
140.002000000000083
140.356000000000083
140.795000000000083
140.984000000000084
141.168000000000084
141.921000000000084
142.110000000000085
142.925000000000085
143.490000000000086
144.386000000000087
144.654000000000087
145.502000000000088
146.016000000000088
146.285000000000088
162.235000000000102
162.411000000000103
162.964000000000103
163.240000000000103
163.388000000000103
169.131000000000109
169.514000000000109
169.829000000000109
169.992000000000109
170.17300000000011
170.82900000000011
170.98400000000011
171.18900000000011
171.457000000000111
171.667000000000111
171.817000000000111
171.999000000000111
172.134000000000111
172.607000000000112
173.295000000000112
173.393000000000112
173.552000000000112
173.794000000000113
174.283000000000113
174.451000000000113
174.647000000000113
174.897000000000114
175.062000000000114
175.712000000000114
176.716000000000115
176.856000000000115
177.020000000000116
177.197000000000116
194.075000000000131
203.705000000000139
203.910000000000139
204.22500000000014
204.33400000000014
204.52300000000014
204.76300000000014
205.528000000000141
205.875000000000141
206.036000000000141
206.218000000000142
206.383000000000142
206.591000000000142
207.096000000000142
207.275000000000142
207.439000000000143
207.700000000000143
207.830000000000143
208.085000000000143
209.199000000000144
209.356000000000144
210.056000000000145
210.271000000000145
210.748000000000146
212.829000000000147
213.134000000000148
213.520000000000148
215.052000000000149
215.170000000000149
215.58300000000015
223.013000000000156
224.600000000000158
225.065000000000158
230.965000000000163
231.128000000000164
231.305000000000164
231.623000000000164
232.070000000000164
232.239000000000165
233.351000000000166
233.537000000000166
233.706000000000166
234.147000000000166
234.821000000000167
235.012000000000167
235.325000000000167
235.463000000000167
235.619000000000168
235.825000000000168
236.160000000000168
236.320000000000168
236.571000000000168
238.55900000000017
238.75100000000017
238.980000000000171
239.780000000000171
239.981000000000172
240.163000000000172
240.377000000000172
241.169000000000173
241.432000000000173
241.617000000000173
241.892000000000173
242.081000000000173
243.058000000000174
243.541000000000175
243.762000000000175
243.935000000000175
263.088000000000192
263.239000000000192
263.827000000000193
263.979000000000193
264.188000000000193
264.626000000000193
264.992000000000194
265.164000000000194
265.344000000000194
265.610000000000194
265.745000000000194
266.536000000000195
266.719000000000195
267.901000000000196
269.486000000000198
269.803000000000198
269.998000000000198
270.206000000000198
270.392000000000198
270.696000000000199
271.016000000000199
273.809000000000202
273.994000000000202
274.251000000000202
274.390000000000202
274.787000000000202
278.631000000000206
279.601000000000207
279.840000000000207
280.119000000000207
280.442000000000207
280.719000000000208
280.965000000000208
281.798000000000209
284.873000000000211
287.290000000000214
287.464000000000214
287.632000000000214
290.305000000000216
290.638000000000216
291.879000000000218
292.093000000000218
292.326000000000218
292.512000000000218
293.372000000000219
294.08800000000022
294.78100000000022
295.09400000000022
295.346000000000221
296.482000000000222
297.408000000000222
297.640000000000223
297.813000000000223
297.994000000000223
298.210000000000223
298.443000000000223
298.723000000000224
300.724000000000225
300.884000000000226
301.126000000000226
301.973000000000227
302.191000000000227
302.388000000000227
302.544000000000227
304.496000000000229
305.273000000000229
306.626000000000231
307.001000000000231
308.451000000000232
308.719000000000233
309.163000000000233
309.734000000000233
310.191000000000234
310.384000000000234
311.137000000000235
311.274000000000235
311.451000000000235
311.666000000000235
311.888000000000235
312.174000000000236
312.780000000000236
312.982000000000236
327.049000000000249
328.22900000000025
328.42800000000025
342.761000000000263
342.929000000000263
343.098000000000263
343.308000000000263
343.452000000000263
343.771000000000264
344.192000000000264
344.577000000000264
344.735000000000265
344.932000000000265
345.101000000000265
345.304000000000265
346.092000000000266
346.361000000000266
346.546000000000266
347.764000000000267
347.964000000000267
348.197000000000268
349.711000000000269
349.933000000000269
350.132000000000269
350.95600000000027
351.592000000000271
352.248000000000271
352.591000000000272
353.020000000000272
353.230000000000272
353.396000000000272
353.839000000000273
355.694000000000274
356.126000000000275
360.346000000000278
360.996000000000279
361.147000000000279
361.449000000000279
361.76000000000028
361.92900000000028
363.408000000000281
363.797000000000281
365.479000000000283
366.481000000000284
368.085000000000285
368.574000000000286
368.861000000000286
372.736000000000289
373.17100000000029
373.37200000000029
373.68000000000029
373.92500000000029
374.283000000000291
376.205000000000292
376.448000000000293
376.694000000000293
376.985000000000293
377.528000000000294
378.106000000000294
400.167000000000314
400.599000000000314
400.721000000000314
401.413000000000315
401.609000000000315
401.975000000000315
402.154000000000316
402.320000000000316
402.528000000000316
403.975000000000317
404.178000000000317
404.334000000000317
404.526000000000318
404.674000000000318
405.367000000000318
408.225000000000321
408.411000000000321
408.576000000000321
408.764000000000321
408.985000000000322
409.133000000000322
409.319000000000322
409.610000000000322
410.209000000000323
410.388000000000323
410.623000000000323
410.779000000000323
411.052000000000323
411.226000000000324
411.553000000000324
411.709000000000324
443.109000000000352
443.305000000000352
443.525000000000352
443.719000000000352
443.957000000000353
444.627000000000353
444.903000000000353
447.425000000000356
450.051000000000358
450.286000000000358
450.440000000000358
450.772000000000359
450.927000000000359
451.110000000000359
451.97700000000036
452.16100000000036
452.35800000000036
452.55600000000036
452.76200000000036
453.152000000000361
453.357000000000361
453.537000000000361
453.900000000000361
454.808000000000362
454.984000000000362
455.230000000000363
455.446000000000363
455.892000000000363
456.054000000000363
456.282000000000364
457.222000000000364
457.428000000000365
459.585000000000367
459.739000000000367
459.904000000000367
460.096000000000367
460.353000000000367
460.701000000000368
460.873000000000368
463.07600000000037
463.27500000000037
463.44100000000037
463.64500000000037
463.81300000000037
464.356000000000371
464.899000000000371
465.349000000000372
467.496000000000374
467.692000000000374
467.863000000000374
469.980000000000376
470.149000000000376
472.141000000000378
472.561000000000378
473.071000000000379
474.104000000000379
474.29400000000038
512.433000000000413
512.708000000000414
513.050000000000414
513.443000000000414
514.919000000000416
515.086000000000416
515.331000000000416
516.192000000000417
516.452000000000417
517.151000000000418
517.802000000000418
517.981000000000418
518.206000000000419
518.352000000000419
518.624000000000419
518.784000000000419
519.007000000000419
519.193000000000419
520.24400000000042
521.876000000000422
522.215000000000422
522.439000000000422
522.649000000000423
522.893000000000423
523.141000000000423
525.649000000000425
525.904000000000425
526.171000000000426
526.454000000000426
526.668000000000426
527.776000000000427
528.035000000000427
528.298000000000428
528.534000000000428
529.520000000000429
530.102000000000429
532.124000000000431
532.580000000000431
532.800000000000432
534.948000000000433
535.194000000000434
535.435000000000434
536.419000000000435
537.718000000000436
538.003000000000436
538.201000000000436
538.402000000000437
538.604000000000437
538.811000000000437
538.981000000000437
539.280000000000437
542.26800000000044
542.50200000000044
555.361000000000452
555.917000000000452
556.133000000000452
557.457000000000453
557.608000000000454
557.875000000000454
560.257000000000456
560.438000000000456
560.664000000000456
560.851000000000456
561.431000000000457
561.611000000000457
561.814000000000457
561.989000000000457
562.140000000000458
562.373000000000458
562.511000000000458
563.172000000000458
563.316000000000459
563.942000000000459
564.173000000000459
564.44800000000046
564.63000000000046
564.81900000000046
564.97200000000046
565.530000000000461
565.735000000000461
565.957000000000461
566.100000000000461
566.287000000000461
566.560000000000462
567.231000000000462
567.478000000000462
567.655000000000462
567.824000000000463
568.091000000000463
568.248000000000463
570.883000000000465
571.076000000000466
571.289000000000466
571.496000000000466
571.637000000000466
571.846000000000466
572.709000000000467
573.044000000000467
574.419000000000468
574.651000000000469
574.820000000000469
574.999000000000469
575.172000000000469
576.46400000000047
577.163000000000471
577.302000000000471
577.568000000000471
577.724000000000471
588.790000000000481
588.906000000000481
589.406000000000482
589.560000000000482
590.617000000000483
590.795000000000483
590.955000000000483
591.206000000000483
591.389000000000484
591.573000000000484
591.718000000000484
591.985000000000484
592.132000000000484
592.689000000000485
595.098000000000487
595.317000000000487
595.472000000000487
595.690000000000487
595.975000000000488
597.033000000000489
597.247000000000489
597.437000000000489
597.670000000000489
597.834000000000489
598.13500000000049
598.48400000000049
598.65600000000049
599.06500000000049
599.436000000000491
601.773000000000493
601.882000000000493
602.089000000000493
602.231000000000493
602.902000000000494
603.182000000000494
603.409000000000494
603.578000000000494
603.872000000000495
604.029000000000495
604.256000000000495
604.394000000000495
604.557000000000495
604.872000000000496
605.317000000000496
606.822000000000497
606.902000000000497
607.570000000000498
607.783000000000498
607.974000000000498
608.418000000000499
611.926000000000502
634.516000000000522
635.610000000000523
635.935000000000523
636.115000000000523
636.255000000000523
636.405000000000524
636.538000000000524
636.767000000000524
642.133000000000529
642.418000000000529
643.050000000000529
643.30300000000053
643.66200000000053
643.81700000000053
644.736000000000531
644.932000000000531
645.124000000000531
645.627000000000532
645.764000000000532
646.019000000000532
646.185000000000532
646.363000000000532
646.577000000000533
647.163000000000533
649.764000000000535
649.915000000000536
650.068000000000536
650.269000000000536
650.476000000000536
650.612000000000536
650.801000000000536
651.115000000000537
651.451000000000537
653.865000000000539
654.044000000000539
654.34300000000054
654.48700000000054
654.76100000000054
654.94400000000054
655.41700000000054
655.588000000000541
656.676000000000542
657.387000000000542
657.826000000000543
658.198000000000543
658.892000000000544
659.646000000000544
660.302000000000545
660.490000000000545
660.683000000000545
660.858000000000545
661.119000000000546
661.257000000000546
661.478000000000546
661.651000000000546
663.012000000000547
663.243000000000547
663.405000000000548
663.598000000000548
663.787000000000548
664.539000000000549
665.91700000000055
666.14300000000055
666.40200000000055
666.63000000000055
666.990000000000551
667.214000000000551
667.482000000000551
668.289000000000552
675.875000000000559
678.489000000000561
679.329000000000562
680.870000000000563
681.117000000000563
681.400000000000564
681.523000000000564
681.803000000000564
682.027000000000564
682.199000000000564
683.644000000000566
683.866000000000566
684.018000000000566
684.329000000000566
684.556000000000566
684.754000000000566
685.000000000000567
690.047000000000571
690.283000000000571
690.877000000000572
691.056000000000572
691.309000000000572
691.459000000000572
696.967000000000577
697.331000000000578
699.42100000000058
699.74200000000058
699.89600000000058
700.957000000000581
701.321000000000581
701.593000000000581
702.955000000000583
703.373000000000583
703.582000000000583
703.798000000000583
704.075000000000584
704.360000000000584
704.619000000000584
704.805000000000584
706.055000000000585
706.396000000000586
706.938000000000586
707.181000000000586
725.732000000000603
726.270000000000603
726.713000000000604
728.588000000000605
728.697000000000606
729.342000000000606
729.482000000000606
730.505000000000607
730.719000000000607
730.893000000000608
731.136000000000608
731.288000000000608
731.464000000000608
731.747000000000608
732.185000000000609
732.314000000000609
732.561000000000609
733.72100000000061
735.508000000000612
736.282000000000612
736.511000000000612
736.757000000000613
739.674000000000615
740.541000000000616
741.499000000000617
741.747000000000617
742.045000000000617
742.250000000000618
743.343000000000619
743.817000000000619
744.019000000000619
744.185000000000619
744.46300000000062
745.604000000000621
746.055000000000621
746.940000000000622
747.140000000000622
747.315000000000622
747.488000000000622
748.638000000000623
749.038000000000624
749.302000000000624
749.501000000000624
749.889000000000624
751.681000000000626
751.822000000000626
752.054000000000626
752.220000000000626
752.476000000000627
752.652000000000627
753.907000000000628
755.332000000000629
755.81700000000063
756.10000000000063
756.35100000000063
756.55600000000063
756.86000000000063
757.054000000000631
757.285000000000631
757.645000000000631
759.970000000000633
761.695000000000635
762.212000000000635
762.801000000000636
763.090000000000636
764.546000000000637
765.297000000000638
767.55100000000064
768.01200000000064
768.231000000000641
768.441000000000641
768.909000000000641
769.189000000000642
770.257000000000642
770.452000000000643
770.700000000000643
771.773000000000644
772.120000000000644
774.404000000000646
774.750000000000646
774.969000000000647
775.139000000000647
775.399000000000647
775.870000000000647
777.178000000000649
777.453000000000649
777.687000000000649
778.026000000000649
779.14900000000065
779.479000000000651
780.150000000000651
780.484000000000652
822.488000000000689
822.997000000000689
824.30500000000069
824.438000000000691
827.421000000000693
827.974000000000694
828.920000000000695
829.123000000000695
829.274000000000695
829.526000000000695
829.699000000000695
830.014000000000696
830.263000000000696
830.485000000000696
830.675000000000696
831.646000000000697
831.838000000000697
832.057000000000697
832.285000000000698
832.555000000000698
832.682000000000698
832.859000000000698
833.053000000000698
834.008000000000699
834.353000000000699
834.4970000000007
834.6640000000007
836.753000000000702
837.047000000000702
837.190000000000702
837.442000000000702
837.609000000000702
837.894000000000702
838.050000000000703
839.236000000000704
841.920000000000706
842.414000000000706
842.788000000000707
843.001000000000707
843.725000000000708
846.26800000000071
846.73200000000071
847.060000000000711
847.298000000000711
847.577000000000711
847.806000000000711
847.982000000000712
848.939000000000712
849.086000000000712
849.433000000000713
849.826000000000713
850.714000000000714
851.296000000000714
851.454000000000714
851.730000000000715
852.016000000000715
852.479000000000715
852.671000000000716
853.906000000000717
854.140000000000717
854.329000000000717
854.587000000000717
854.744000000000717
854.999000000000718
855.169000000000718
855.412000000000718
857.25600000000072
857.45900000000072
857.79000000000072
857.92100000000072
876.145000000000736
877.681000000000738
877.829000000000738
878.916000000000739
880.42400000000074
880.776000000000741
881.015000000000741
881.327000000000741
881.647000000000741
882.811000000000742
883.005000000000743
883.258000000000743
883.642000000000743
883.727000000000743
883.819000000000743
888.664000000000748
894.417000000000753
894.676000000000753
894.928000000000753
895.191000000000753
895.457000000000754
896.337000000000754
896.511000000000755
896.732000000000755
896.923000000000755
897.719000000000756
898.026000000000756
898.305000000000756
898.917000000000757
899.286000000000757
899.460000000000757
904.102000000000761
905.044000000000762
905.511000000000763
905.768000000000763
905.989000000000763
906.261000000000763
906.561000000000764
906.868000000000764
908.045000000000765
908.305000000000765
909.359000000000766
909.623000000000766
910.097000000000767
910.300000000000767
910.601000000000767
910.749000000000767
910.892000000000767
911.049000000000768
911.203000000000768
912.060000000000768
912.929000000000769
913.225000000000769
917.144000000000773
917.390000000000773
917.680000000000773
919.604000000000775
920.905000000000776
921.299000000000777
921.528000000000777
921.863000000000777
926.551000000000781
926.865000000000782
927.783000000000782
927.954000000000782
928.198000000000783
928.472000000000783
928.700000000000783
928.838000000000783
929.107000000000784
929.287000000000784
929.560000000000784
930.131000000000784
934.383000000000788
936.90700000000079
937.333000000000791
937.873000000000791
940.565000000000794
940.701000000000794
941.214000000000794
941.363000000000794
941.495000000000794
941.875000000000795
943.930000000000797
944.110000000000797
944.382000000000797
945.842000000000798
945.955000000000798
946.276000000000799
946.426000000000799
946.709000000000799
956.705000000000808
966.014000000000816
967.201000000000817
968.687000000000819
969.192000000000819
970.21500000000082
970.43500000000082
975.532000000000825
1017.117000000000862
1017.581000000000862
1018.183000000000863
1018.468000000000863
1019.125000000000863
1019.412000000000864
1019.661000000000864
1019.861000000000864
1022.428000000000866
1022.754000000000867
1022.953000000000867
1023.179000000000867
1023.576000000000867
1026.72500000000087
1027.04200000000087
1027.23700000000087
1027.52400000000087
1027.77300000000087
1028.09600000000087
1028.39900000000087
1028.85900000000087
1030.12500000000087
1035.66500000000088
1036.86000000000088
1037.13000000000088
1037.44300000000088
1045.41600000000089
1045.83200000000089
1070.79000000000091
1074.37800000000091
1074.57600000000091
1076.56700000000091
1077.39100000000092
1077.80700000000092
1078.32800000000092
1078.61300000000092
1079.61800000000092
1080.29400000000092
1080.52600000000092
1081.33900000000092
1081.89700000000092
1082.64000000000092
1083.30300000000092
1084.78200000000092
1085.34600000000092
1085.60200000000092
1118.31000000000095
1118.73500000000095
1118.94300000000095
1131.86600000000096
1132.52800000000096
1139.10600000000097
1141.27800000000097
1141.54800000000097
1141.78700000000097
1142.06400000000097
1142.35200000000097
1142.50500000000097
1146.72200000000098
1147.43000000000098
1147.60700000000098
1148.03700000000098
1149.44500000000098
1149.60400000000098
1149.82800000000098
1150.09800000000098
1150.35000000000098
1150.65900000000098
1150.90100000000098
1151.05200000000098
1152.65000000000098
1153.39300000000098
1153.65000000000098
1153.96600000000098
1154.11700000000098
1154.42900000000098
1154.74600000000098
1155.01100000000098
1155.21300000000098
1156.25900000000099
1156.47600000000099
1156.70600000000099
1158.35900000000099
1173.844000000001
1174.103000000001
1174.417000000001
1175.694000000001
1176.053000000001
1176.339000000001
1177.111000000001
1177.969000000001
1179.87500000000101
1180.11300000000101
1180.28100000000101
1180.52100000000101
1180.68300000000101
1181.14600000000101
1181.39400000000101
1181.55400000000101
1181.81500000000101
1182.69900000000101
1183.38400000000101
1183.58500000000101
1183.75300000000101
1183.91700000000101
1184.25400000000101
1187.17800000000101
1187.39300000000101
1187.81500000000101
1188.04300000000101
1188.21400000000101
1188.35700000000101
1188.57700000000101
1189.09200000000101
1189.60300000000101
1189.76300000000101
1190.28300000000102
1190.51400000000102
1190.68000000000102
1191.64400000000102
1192.05900000000102
1192.17500000000102
1192.47300000000102
1194.63300000000102
1195.56700000000102
1195.84400000000102
1195.99900000000102
1196.22300000000102
1196.37700000000102
1196.55300000000102
1198.82900000000102
1202.97400000000103
1203.85200000000103
1204.20100000000103
1204.42800000000103
1204.66500000000103
1204.82000000000103
1205.13500000000103
1206.84300000000103
1207.22200000000103
1207.38200000000103
1207.96500000000103
1208.09900000000103
1208.23500000000103
1208.41300000000103
1208.71800000000103
1210.42400000000103
1212.77100000000104
1213.00500000000104
1213.16500000000104
1213.31400000000104
1213.44600000000104
1213.57100000000104
1213.94300000000104
1214.73600000000104
1214.92500000000104
1215.23100000000104
1215.37400000000104
1215.49700000000104
1215.83700000000104
1216.69100000000104
1216.90900000000104
1217.06300000000104
1217.22700000000104
1217.39900000000104
1217.54100000000104
1217.90500000000104
1218.28800000000104
1218.46500000000104
1218.65000000000104
1218.79900000000104
1221.46700000000104
1223.56500000000104
1224.78400000000105
1225.04300000000105
1225.21000000000105
1225.56300000000105
1225.72400000000105
1226.04900000000105
1226.22500000000105
1226.48900000000105
1226.66000000000105
1227.15400000000105
1229.90700000000105
1230.04600000000105
1231.03700000000105
1231.38300000000105
1231.50800000000105
1231.65400000000105
1231.80900000000105
1231.97600000000105
1232.41000000000105
1234.82000000000106
1235.24600000000106
1235.64500000000106
1236.58200000000106
1238.62900000000106
1239.22700000000106
1239.63700000000106
1239.79100000000106
1239.95600000000106
1240.32300000000106
1240.69700000000106
1240.99100000000106
1241.25600000000106
1241.43200000000106
1241.75400000000106
1241.92400000000106
1244.36000000000106
1244.72400000000106
1245.54300000000106
1245.75100000000106
1245.97900000000106
1246.19700000000107
1258.71200000000108
1259.24100000000108
1259.53200000000108
1259.68300000000108
1261.10100000000108
1261.36600000000108
1261.59800000000108
1261.77500000000108
1264.58200000000108
1264.84300000000108
1265.00000000000108
1267.32100000000108
1267.77800000000108
1267.92500000000108
1268.16100000000108
1268.33500000000108
1268.60900000000108
1268.76900000000109
1269.20900000000109
1270.79400000000109
1271.57100000000109
1271.72300000000109
1271.93300000000109
1272.07400000000109
1273.05300000000109
1273.31500000000109
1273.56300000000109
1273.83900000000109
1275.29000000000109
1275.66300000000109
1275.89100000000109
1276.02800000000109
1277.33900000000109
1277.49300000000109
1277.80700000000109
1278.11400000000109
1280.5300000000011
1280.7500000000011
1282.0140000000011
1282.3750000000011
1282.6520000000011
1282.8170000000011
1282.9820000000011
1283.2060000000011
1283.3800000000011
1283.7400000000011
1286.1790000000011
1286.3940000000011
1287.3210000000011
1288.0160000000011
1288.2630000000011
1288.4090000000011
1288.8330000000011
1289.0500000000011
1289.3680000000011
1289.7360000000011
1290.0760000000011
1290.2300000000011
1293.06300000000111
1293.32300000000111
1293.51400000000111
1293.68600000000111
1294.67900000000111
1295.53300000000111
1298.45600000000111
1298.65900000000111
1299.00400000000111
1301.02500000000111
1301.29500000000111
1301.54800000000111
1301.98700000000111
1302.26700000000111
1302.56700000000112
1321.66500000000113
1321.92400000000113
1322.13200000000113
1322.40800000000113
1322.60600000000113
1323.69500000000113
1323.96100000000113
1324.39100000000113
1324.49500000000113
1325.00700000000114
1325.33900000000114
1325.57700000000114
1330.97100000000114
1333.05700000000114
1333.47900000000114
1333.64400000000114
1334.39200000000114
1334.89400000000114
1335.50600000000114
1335.78200000000114
1335.94800000000114
1336.24300000000114
1336.56700000000115
1336.71100000000115
1336.87800000000115
1337.18900000000115
1339.11000000000115
1339.43500000000115
1339.67800000000115
1339.88000000000115
1340.06800000000115
1340.35900000000115
1340.53300000000115
1342.22200000000115
1342.60300000000115
1342.77100000000115
1343.00200000000115
1343.17000000000115
1343.92900000000115
1345.68600000000115
1345.91200000000115
1346.29100000000115
1346.58400000000115
1346.84300000000115
1347.19400000000115
1348.57200000000116
1349.40700000000116
1349.61200000000116
1349.88100000000116
1350.04000000000116
1351.95700000000116
1352.28000000000116
1352.92200000000116
1353.37200000000116
1356.66800000000116
1357.65400000000116
1358.12800000000116
1360.07000000000117
1366.09800000000117
1366.43800000000117
1367.07200000000117
1368.20200000000117
1369.02800000000117
1373.95400000000118
1374.39100000000118
1378.08400000000118
1378.58000000000118
1441.97700000000124
1442.75900000000124
1443.06300000000124
1445.23500000000124
1446.72000000000124
1447.09800000000124
1447.45900000000124
1448.67100000000124
1448.83400000000125
1449.13000000000125
1449.48700000000125
1451.13800000000125
1452.59300000000125
1453.65300000000125
1454.20100000000125
1457.03800000000125
1457.43000000000125
1457.72200000000125
1458.80600000000125
1459.08100000000125
1459.18700000000125
1459.55400000000125
1460.05000000000126
1460.29700000000126
1460.45400000000126
1460.73800000000126
1461.13900000000126
1461.35200000000126
1461.50200000000126
1461.93400000000126
1464.21900000000126
1465.15100000000126
1465.52100000000126
1475.40000000000127
1476.26100000000127
1476.49900000000127
1476.79600000000127
1477.22900000000127
1477.88100000000127
1478.26200000000127
1478.50400000000127
1478.66200000000127
1478.92600000000127
1479.08600000000127
1479.42400000000127
1480.08800000000127
1485.54700000000128
1486.62300000000128
1487.52500000000128
1488.08700000000128
1488.36600000000128
1488.65400000000128
1488.97900000000128
1489.11000000000128
1489.56100000000128
1491.29600000000128
1491.55100000000128
1491.73500000000128
1492.33600000000128
1492.59500000000128
1495.24600000000129
1495.62400000000129
1496.07900000000129
1496.28900000000129
1496.42100000000129
1496.58400000000129
1496.75900000000129
1497.04400000000129
1498.02900000000129
1500.38700000000129
1501.10900000000129
1501.84200000000129
1502.29600000000129
1504.47400000000129
1504.70200000000129
1504.87000000000129
1505.1750000000013
1505.6290000000013
1505.7790000000013
1506.0740000000013
1506.3940000000013
1507.0750000000013
1509.9050000000013
1510.4210000000013
1510.6610000000013
1511.3640000000013
1512.8240000000013
1513.2380000000013
1513.9700000000013
1514.4100000000013
1515.4190000000013
1515.6910000000013
1515.8460000000013
1516.0940000000013
1516.2710000000013
1520.96800000000131
1521.38300000000131
1521.65800000000131
1522.01900000000131
1522.29600000000131
1522.45200000000131
1522.81900000000131
1523.03700000000131
1523.20500000000131
1525.86800000000131
1526.09300000000131
1526.29300000000131
1526.42400000000131
1526.92200000000131
1527.03900000000131
1527.45200000000131
1527.67800000000132
1528.57600000000132
1528.69900000000132
1528.83400000000132
1528.97600000000132
1529.10500000000132
1529.28100000000132
1529.43200000000132
1529.58100000000132
1529.72900000000132
1532.01300000000132
1532.25500000000132
1532.40600000000132
1538.30200000000132
1538.93900000000133
1539.23300000000133
1539.58300000000133
1540.99800000000133
1541.37300000000133
1541.91900000000133
1542.39500000000133
1543.25500000000133
1546.33800000000133
1546.63000000000133
1546.87700000000133
1547.13400000000133
1547.32600000000133
1547.83200000000133
1548.06300000000133
1548.21000000000133
1549.24400000000133
1550.23000000000134
1550.39100000000134
1554.85000000000134
1555.25300000000134
1555.52700000000134
1555.74700000000134
1556.15700000000134
1556.62900000000134
1557.00700000000134
1557.51000000000134
1558.46400000000134
1558.62000000000134
1558.90500000000134
1559.01800000000134
1559.29400000000134
1559.42900000000134
1559.60900000000134
1559.98600000000134
1561.20600000000134
1561.37800000000134
1561.64000000000135
1561.92100000000135
1562.61000000000135
1562.86000000000135
1563.14500000000135
1564.51600000000135
1567.81900000000135
1568.96500000000135
1570.61300000000135
1570.91300000000135
1571.17800000000135
1572.56500000000136
1572.69900000000136
1573.01300000000136
1573.29200000000136
1573.94100000000136
1576.12500000000136
1576.38700000000136
1577.43200000000136
1577.67500000000136
1577.93600000000136
1578.10800000000136
1578.46100000000136
1578.68300000000136
1579.18400000000136
1582.15300000000136
1587.47500000000137
1587.58000000000137
1587.90600000000137
1588.09500000000137
1588.52400000000137
1588.93000000000137
1589.20100000000137
1589.38900000000137
1592.47900000000137
1593.05100000000137
1593.32400000000137
1593.61600000000137
1593.83400000000137
1593.96900000000137
1594.12800000000137
1594.51900000000137
1595.31500000000138
1595.60300000000138
1595.82700000000138
1596.00400000000138
1596.28200000000138
1596.44000000000138
1596.60900000000138
1596.79700000000138
1596.95900000000138
1597.22600000000138
1599.18500000000138
1599.58100000000138
1599.85400000000138
1600.02200000000138
1604.88500000000138
1606.30000000000138
1606.77900000000139
1607.95500000000139
1608.55400000000139
1609.28000000000139
1610.44200000000139
1610.65100000000139
1611.12000000000139
1611.42900000000139
1611.67800000000139
1611.91600000000139
1612.30200000000139
1612.59700000000139
1613.00500000000139
1616.51900000000139
1617.00200000000139
1617.23400000000139
1617.37900000000139
1617.7430000000014
1620.7070000000014
1621.2020000000014
1621.5100000000014
1622.4430000000014
1622.6900000000014
1622.8650000000014
1623.1080000000014
1623.2540000000014
1623.5700000000014
1623.7110000000014
1623.9980000000014
1625.9230000000014
1626.1840000000014
1626.4710000000014
1628.6100000000014
1628.7800000000014
1629.07400000000141
1629.24900000000141
1629.75200000000141
1629.88300000000141
1630.05300000000141
1632.07800000000141
1632.29700000000141
1632.46500000000141
1632.80200000000141
1633.02400000000141
1633.18300000000141
1634.01700000000141
1634.25800000000141
1634.42000000000141
1635.20700000000141
1635.35400000000141
1637.21600000000141
1637.91700000000141
1639.81800000000141
1640.06800000000141
1640.48800000000142
1640.65600000000142
1640.99800000000142
1641.28800000000142
1642.41300000000142
1642.67000000000142
1642.91200000000142
1643.36600000000142
1644.49300000000142
1644.72600000000142
1644.92800000000142
1646.11800000000142
1646.98400000000142
1647.24600000000142
1647.92400000000142
1650.39900000000142
1650.79600000000142
1651.43500000000142
1651.74000000000143
1653.49600000000143
1654.05000000000143
1654.31200000000143
1656.04200000000143
1656.46700000000143
1656.74600000000143
1656.92400000000143
1657.20600000000143
1657.49300000000143
1657.93200000000143
1658.35900000000143
1659.32700000000143
1661.58600000000143
1662.29300000000143
1662.54700000000143
1663.29900000000144
1664.71600000000144
1665.83300000000144
1666.52900000000144
1666.91400000000144
1667.45000000000144
1736.2460000000015
1737.5060000000015
1744.78000000000151
1746.51600000000151
1748.23200000000151
1749.15800000000151
1749.65000000000151
1750.01900000000151
1750.49800000000151
1750.68200000000151
1750.95200000000151
1751.22300000000151
1751.64400000000151
1753.66900000000152
1754.12400000000152
1755.10100000000152
1755.49800000000152
1755.76300000000152
1756.13400000000152
1756.60500000000152
1756.86500000000152
1758.46900000000152
1759.46300000000152
1759.90700000000152
1761.21700000000152
1761.48300000000152
1761.71600000000152
1762.03600000000152
1762.32800000000152
1762.49600000000152
1762.78400000000152
1763.19300000000152
1765.00600000000153
1766.37300000000153
1766.96800000000153
1768.31500000000153
1768.73300000000153
1769.31000000000153
1769.58100000000153
1770.16000000000153
1771.09100000000153
1771.96300000000153
1772.30100000000153
1773.82100000000153
1774.14600000000153
1775.06500000000153
1776.73200000000154
1777.14200000000154
1777.45600000000154
1777.64700000000154
1777.96000000000154
1778.22600000000154
1778.54200000000154
1780.69300000000154
1781.13200000000154
1781.53900000000154
1783.07200000000154
1783.22500000000154
1783.50300000000154
1783.73000000000154
1784.18500000000154
1785.64500000000154
1785.97400000000154
1786.38600000000154
1792.28200000000155
1792.84200000000155
1793.32800000000155
1794.69000000000155
1795.18500000000155
1796.42300000000155
1796.89300000000155
1797.36200000000155
1797.52100000000155
1800.42400000000156
1800.80300000000156
1803.33400000000156
1803.82600000000156
1804.22600000000156
1805.31100000000156
1805.73600000000156
1806.85000000000156
1807.12400000000156
1807.43000000000156
1807.84200000000156
1807.97600000000156
1809.49000000000157
1809.76900000000157
1810.07000000000157
1810.86900000000157
1812.85500000000157
1813.22200000000157
1813.40300000000157
1814.72200000000157
1818.03400000000157
1818.55900000000157
1819.14200000000157
1819.44100000000157
1820.66900000000158
1821.44100000000158
1821.70600000000158
1821.98400000000158
1822.24600000000158
1834.60500000000159
1834.86200000000159
1835.02400000000159
1835.37100000000159
1835.98800000000159
1836.24000000000159
1836.58000000000159
1836.74200000000159
1836.85200000000159
1836.99700000000159
1837.14100000000159
1837.58900000000159
1837.75700000000159
1837.89800000000159
1838.04100000000159
1841.61100000000159
1841.74800000000159
1842.11400000000159
1843.0940000000016
1843.2990000000016
1843.4620000000016
1843.6700000000016
1843.8980000000016
1844.0720000000016
1844.3280000000016
1844.4980000000016
1844.6760000000016
1845.0040000000016
1845.9880000000016
1846.2530000000016
1846.5940000000016
1847.2990000000016
1847.5010000000016
1850.2410000000016
1850.6230000000016
1851.1200000000016
1851.3930000000016
1851.8610000000016
1852.1210000000016
1852.3180000000016
1853.5200000000016
1853.8010000000016
1856.11000000000161
1856.42200000000161
1858.75600000000161
1859.04200000000161
1859.38100000000161
1860.07200000000161
1860.62300000000161
1861.99200000000161
1862.14600000000161
1862.57800000000161
1862.88000000000161
1863.56400000000161
1863.87100000000161
1866.25900000000162
1876.71100000000162
1877.29100000000163
1877.84500000000163
1878.78900000000163
1879.10400000000163
1881.36200000000163
1881.47700000000163
1882.15200000000163
1882.42900000000163
1882.70100000000163
1883.04700000000163
1986.82900000000172
1988.58100000000172
1992.89400000000173
1993.36200000000173
1994.23100000000173
1994.62200000000173
1996.71400000000173
1997.52700000000173
1998.05000000000173
1998.38700000000173
1998.74900000000173
2001.51400000000174
2002.06000000000174
2002.51200000000174
2002.89600000000174
2003.16100000000174
2003.47200000000174
2003.89100000000174
2005.63000000000174
2006.10500000000174
2007.01300000000174
2007.53600000000174
2026.38300000000176
2027.32800000000176
2028.42700000000176
2638.8799999999367
2643.27399999993622
2645.91499999993593
2647.62699999993574
2651.04299999993536
2653.71699999993507
2657.41999999993466
2687.31399999993137
2687.9469999999313
2691.5469999999309
2696.68199999993034
2720.84199999992767
2721.79499999992757
2723.01699999992743
2723.87299999992734
2724.2119999999273
2728.32299999992685
2730.08199999992666
2731.64299999992648
2732.20299999992642
2732.58299999992638
2732.85899999992635
2733.22899999992631
2733.50299999992628
2733.95999999992623
2736.53899999992595
2736.9619999999259
2737.36599999992585
2737.70499999992582
2737.8799999999258
2738.13699999992577
2738.32299999992575
2740.45599999992551
2741.09899999992544
2741.61299999992539
2742.14599999992533
2742.4319999999253
2742.75699999992526
2743.04399999992523
2743.26299999992521
2743.80899999992514
2745.49699999992496
2745.83799999992492
2746.37199999992486
2746.51999999992485
2748.36899999992464
2748.55899999992462
2749.54599999992451
2750.31899999992443
2750.89499999992436
2752.63999999992417
2753.73999999992405
2754.02899999992402
2754.29499999992399
2754.65699999992395
2755.0689999999239
2756.50799999992375
2756.65599999992373
2758.12399999992357
2758.53899999992352
2758.81799999992349
2774.75699999992174
2775.57199999992165
2776.33399999992156
2778.13999999992136
2779.02499999992127
2779.86099999992117
2782.73499999992086
2783.59799999992076
2783.97999999992072
2784.1289999999207
2784.47399999992067
2787.41999999992034
2788.81899999992019
2790.28099999992003
2790.83499999991997
2794.06199999991961
2795.39799999991946
2795.67099999991943
2796.0079999999194
2796.34499999991936
2798.21899999991915
2807.28299999991815
2813.01899999991752
2813.28399999991749
2818.02299999991697
2819.90199999991676
2825.0729999999162
2829.49299999991571
2833.06199999991532
2845.16199999991398
2847.78999999991369
2850.93199999991335
2855.66999999991283
2858.09699999991256
2859.30399999991242
2859.78599999991237
2862.95299999991202
2869.98199999991125
2878.33999999991033
2880.49799999991009
2882.41899999990988
2883.32399999990978
2887.60599999990931
2889.14299999990914
2893.0949999999087
2930.04999999990463
2933.71499999990423
2934.16199999990418
2934.30999999990416
2935.05899999990408
2936.28499999990395
2936.7049999999039
2937.5729999999038
2938.67199999990368
2938.81399999990367
2939.33999999990361
2951.07499999990232
2952.02299999990221
2967.5689999999005
2968.22699999990043
2968.34099999990042
2968.70599999990038
2969.15199999990033
2969.29199999990031
2970.37599999990019
2970.84699999990014
2971.10099999990011
2973.24299999989988
2973.80799999989981
2974.94399999989969
2975.25199999989966
2975.56899999989962
2978.39599999989931
2978.69899999989928
2981.33499999989898
2982.43699999989886
2983.33999999989876
2984.29999999989866
2984.61699999989862
2985.06099999989857
2985.34299999989854
2985.54199999989852
2985.6969999998985
2985.83799999989849
2987.14699999989834
2988.28699999989822
3016.42899999989512
3016.76499999989508
3017.42099999989501
3018.4329999998949
3021.57599999989455
3075.6569999998886
3076.69399999988848
3078.58799999988827
3079.92099999988813
3080.56399999988806
3083.14199999988777
3083.7639999998877
3084.95899999988757
3086.23299999988743
3087.12299999988733
3089.94699999988702
3090.26899999988699
3091.40599999988686
3091.86699999988681
3092.51499999988674
3093.18499999988667
3096.02599999988635
3096.99899999988625
3097.25599999988622
3097.57499999988618
3127.75899999988286
3128.40899999988279
3128.86499999988274
3131.33499999988246
3131.86599999988241
4580.31799999972288
4582.68199999972262
4584.08499999972247
4585.6449999997223
4586.77899999972217
4588.72799999972196
4589.31999999972189
4589.90499999972183
4590.34299999972178
4592.23499999972157
4593.42299999972144
36
-1
43.4359999999999969
49.2780000000000021
61.7920000000000132
69.8500000000000204
82.2270000000000314
90.6480000000000389
114.6700000000000602
131.868000000000075
163.241000000000103
177.198000000000116
223.014000000000156
243.763000000000175
287.465000000000214
328.23000000000025
368.575000000000286
444.904000000000353
474.29500000000038
542.26900000000044
577.725000000000471
636.539000000000524
668.290000000000552
736.512000000000612
780.485000000000652
857.92200000000072
930.132000000000784
1132.52900000000096
1196.55400000000102
1245.98000000000106
1325.57800000000114
1465.52200000000126
1532.40700000000132
1600.02300000000138
1737.5070000000015
1822.24700000000158
2696.68299999993034
2939.34099999990361
0
0
5000
0
0
0
0
7200
0
0
0
0
0
37
0
4739.44199999970536
1800.00000000000156
1800
0
109
0
1
4
7
10
13
16
19
22
25
28
31
34
37
40
43
46
49
52
55
58
61
64
67
70
73
76
79
82
85
88
91
94
97
100
103
106
109
112
115
118
121
124
127
130
133
136
139
142
145
148
151
154
157
160
163
166
169
172
175
178
181
184
187
190
193
196
199
202
205
208
211
214
217
220
223
226
229
232
235
238
241
244
247
250
253
256
259
262
265
268
271
274
277
280
283
286
289
292
295
298
301
304
307
310
313
316
319
322
325
328
331
334
337
340
343
346
349
352
355
358
361
364
367
370
373
376
379
382
385
388
391
394
397
400
403
406
409
412
415
418
421
424
427
430
433
436
439
442
445
448
451
454
457
460
463
466
469
472
475
478
481
484
487
490
493
496
499
502
505
508
511
514
517
520
523
526
529
532
535
538
541
544
547
550
