11
22
19
11
22
19
cPPR1.14
FR5_day5
0
4
10
47
10
11
33
08
24
2
.3
1
291
1
52
1
1
1
1
1
1
1
1
1
1
1
1
1
1
1
1
1
1
1
1
1
1
290
-1
411.799000000000324
421.470000000000333
767.54300000000064
768.321000000000641
768.743000000000641
792.728000000000662
794.267000000000664
802.654000000000671
807.867000000000676
808.892000000000677
825.703000000000692
827.546000000000693
829.964000000000695
830.301000000000696
831.066000000000696
841.739000000000706
844.076000000000708
881.521000000000741
933.606000000000788
934.427000000000788
945.407000000000798
949.384000000000802
951.745000000000804
971.832000000000822
972.253000000000822
986.257000000000834
987.473000000000835
987.925000000000836
989.564000000000837
992.67200000000084
1011.117000000000856
1013.861000000000859
1034.71300000000088
1044.45400000000089
1044.94600000000089
1045.16900000000089
1045.90200000000089
1047.64300000000089
1048.16200000000089
1048.35200000000089
1048.91800000000089
1050.67700000000089
1051.85800000000089
1065.7120000000009
1066.43500000000091
1069.38300000000091
1070.49300000000091
1071.30700000000091
1071.73100000000091
1072.20900000000091
1072.95500000000091
1073.29100000000091
1074.06200000000091
1074.30400000000091
1074.92800000000091
1239.24600000000106
1240.28900000000106
1241.19200000000106
1241.37200000000106
1242.09200000000106
1242.84500000000106
1244.17100000000106
1246.24200000000107
1246.69400000000107
1248.22200000000107
1248.88300000000107
1249.95700000000107
1251.51800000000107
1261.61100000000108
1275.07100000000109
1275.67400000000109
1277.05300000000109
1279.34400000000109
1282.6150000000011
1286.2440000000011
1323.56000000000113
1326.38300000000114
1328.30200000000114
1329.13900000000114
1348.15800000000116
1364.20300000000117
1370.06400000000118
1370.72700000000118
1376.88900000000118
1377.15800000000118
1378.49900000000118
1387.83000000000119
1388.71200000000119
1390.02100000000119
1393.9460000000012
1395.8090000000012
1396.3240000000012
1409.42400000000121
1414.83200000000121
1415.79700000000122
1417.54400000000122
1418.48200000000122
1435.97400000000123
1436.75600000000123
1436.90400000000123
1437.53300000000124
1438.40800000000124
1451.74700000000125
1454.89200000000125
1499.98800000000129
1508.6670000000013
1510.1380000000013
1510.5330000000013
1521.53800000000131
1522.21300000000131
1523.14900000000131
1523.49900000000131
1523.90700000000131
1524.03100000000131
1533.95700000000132
1535.07500000000132
1535.75200000000132
1536.58900000000132
1539.68100000000133
1556.15400000000134
1557.31100000000134
1560.00900000000134
1560.55500000000134
1562.16300000000135
1562.31000000000135
1583.28900000000136
1585.94500000000137
1588.87000000000137
1589.01100000000137
1589.94100000000137
1590.30600000000137
1602.68300000000138
1603.29300000000138
1603.46000000000138
1604.91700000000138
1608.49200000000139
1619.8380000000014
1620.9450000000014
1621.1210000000014
1621.9520000000014
1623.0180000000014
1636.57300000000141
1637.11500000000141
1641.25200000000142
1642.49600000000142
1642.96900000000142
1655.91200000000143
1656.74900000000143
1660.23400000000143
1664.67300000000144
1665.76200000000144
1682.66600000000145
1688.20500000000146
1689.21400000000146
1689.33400000000146
1689.53100000000146
1702.72500000000147
1704.00900000000147
1707.95300000000148
1708.34700000000148
1708.77700000000148
1709.38200000000148
1722.22600000000149
1723.51300000000149
1728.16700000000149
1728.85700000000149
1729.00200000000149
1729.16100000000149
1745.94400000000151
1747.52800000000151
1749.63500000000151
1751.11400000000151
1752.53200000000151
1753.84700000000152
1755.02900000000152
1756.02100000000152
1757.84700000000152
1794.36100000000155
1795.62900000000155
1798.07100000000156
1800.92800000000156
1812.15000000000157
1815.15900000000157
1815.86900000000157
1817.36400000000157
1818.14100000000157
1827.34400000000158
1827.90700000000158
1828.35500000000158
1828.97500000000158
1832.93600000000159
1833.79400000000159
1844.7960000000016
1845.2030000000016
1845.4950000000016
1845.8550000000016
1846.5730000000016
1859.69600000000161
1860.84100000000161
1863.08800000000161
1864.64000000000161
1867.52300000000162
1929.69900000000167
1930.14500000000167
1931.04800000000167
1931.93600000000167
1932.88600000000168
1940.12800000000168
1941.28500000000168
1944.41500000000169
1945.82000000000169
1948.07500000000169
1948.44500000000169
1956.4800000000017
1957.7000000000017
1959.2300000000017
1959.4020000000017
1960.6830000000017
1976.97300000000171
1977.68600000000171
1980.67200000000172
1983.32900000000172
1985.91800000000172
2011.09300000000174
2012.33600000000175
2014.13800000000175
2015.54100000000175
2023.70200000000176
2057.06700000000078
2057.40300000000074
2059.52000000000051
2060.16800000000044
2060.65400000000038
2070.5299999999993
2073.84999999999893
2076.09799999999868
2077.23999999999856
2079.00199999999836
2088.08199999999736
2089.51399999999721
2104.87099999999551
2104.9829999999955
2105.42899999999545
2106.76599999999531
2115.47799999999435
2118.622999999994
2120.22199999999382
2120.68099999999377
2120.82299999999376
2135.48299999999214
2136.88499999999199
2300.51499999997397
2301.27399999997388
2301.54599999997385
2313.8139999999725
2332.0179999999705
2332.45199999997045
2334.7189999999702
2336.79999999996997
2352.95899999996819
2359.2029999999675
2362.37599999996715
2365.46799999996681
2417.55999999996108
2441.40599999995845
2443.32399999995824
2443.80899999995819
2592.78399999994178
2594.21699999994162
2603.37099999994061
2604.83499999994045
2605.64599999994036
2606.68599999994025
2607.85799999994012
2609.15899999993997
2619.98399999993878
2621.10499999993866
2622.94099999993846
2623.93999999993835
2624.75099999993826
2638.11599999993679
2639.34899999993665
2640.49799999993652
2644.78099999993605
2645.44599999993598
2664.91899999993383
2665.93299999993372
2666.39599999993367
2667.19699999993358
2667.59399999993354
51
-1
768.743000000000641
808.892000000000677
831.066000000000696
934.427000000000788
972.253000000000822
992.67200000000084
1044.94600000000089
1069.38300000000091
1241.37200000000106
1251.51800000000107
1279.34400000000109
1329.13900000000114
1376.88900000000118
1395.8090000000012
1418.48200000000122
1438.40800000000124
1510.1380000000013
1523.90700000000131
1539.68100000000133
1562.16300000000135
1589.94100000000137
1608.49200000000139
1623.0180000000014
1642.96900000000142
1665.76200000000144
1689.53100000000146
1708.77700000000148
1729.00200000000149
1752.53200000000151
1800.92800000000156
1818.14100000000157
1832.93600000000159
1846.5730000000016
1867.52300000000162
1932.88600000000168
1948.07500000000169
1960.6830000000017
1985.91800000000172
2023.70200000000176
2060.65400000000038
2079.00199999999836
2105.42899999999545
2120.82299999999376
2301.54599999997385
2336.79999999996997
2417.55999999996108
2594.21699999994162
2607.85799999994012
2624.75099999993826
2645.44599999993598
2667.59399999993354
5
0
5000
0
0
0
0
2700
99
0
0
0
0
0
0
2700.79599999992988
0
0
0
0
0
0
