12
17
19
12
17
19
cPPR1.14
PR3_day2.6
0
4
12
37
27
13
54
36
23
3
.3
1
1008
1
27
1
1
1
1
1
1
1
1
1
1
1
1
1
1
1
1
1
1
1
1
1
184
1007
-1
38.6249999999999927
70.1710000000000207
70.9910000000000214
71.8840000000000222
72.784000000000023
88.3430000000000368
88.9270000000000373
90.9440000000000391
94.9130000000000427
95.6710000000000433
97.0010000000000445
97.3870000000000448
159.8240000000001
160.851000000000101
161.813000000000102
162.315000000000103
162.479000000000103
163.519000000000104
164.383000000000104
165.083000000000105
165.823000000000106
166.150000000000106
177.818000000000116
198.490000000000135
199.036000000000135
199.550000000000136
200.031000000000136
200.249000000000136
200.457000000000136
200.617000000000137
200.747000000000137
201.033000000000137
201.857000000000138
202.131000000000138
202.382000000000138
237.82200000000017
238.68000000000017
239.004000000000171
239.281000000000171
239.663000000000171
239.886000000000171
240.504000000000172
240.877000000000172
242.226000000000173
243.243000000000174
243.798000000000175
244.484000000000176
245.605000000000176
245.762000000000177
246.324000000000177
247.120000000000178
330.834000000000252
331.446000000000253
331.773000000000253
332.528000000000254
332.683000000000254
332.949000000000254
333.551000000000255
334.009000000000255
335.026000000000256
336.060000000000257
336.557000000000257
337.549000000000258
338.052000000000259
338.353000000000259
338.926000000000259
339.17800000000026
339.49900000000026
340.342000000000261
341.101000000000261
387.465000000000302
387.818000000000303
388.310000000000303
388.858000000000304
389.525000000000304
389.801000000000305
390.492000000000305
391.401000000000306
392.029000000000307
392.502000000000307
392.885000000000307
393.476000000000308
393.881000000000308
394.684000000000309
395.238000000000309
395.52900000000031
395.72800000000031
395.90400000000031
396.13100000000031
396.32400000000031
396.45900000000031
396.994000000000311
408.123000000000321
409.458000000000322
410.169000000000323
411.017000000000323
411.223000000000324
411.409000000000324
411.690000000000324
411.894000000000324
412.147000000000324
412.322000000000325
412.545000000000325
412.922000000000325
413.203000000000325
413.407000000000326
413.897000000000326
414.166000000000326
414.665000000000327
415.137000000000327
415.617000000000328
417.025000000000329
417.237000000000329
417.415000000000329
417.609000000000329
417.760000000000329
417.91700000000033
427.871000000000338
428.189000000000339
428.614000000000339
429.68300000000034
429.95900000000034
430.403000000000341
431.217000000000341
431.698000000000342
432.075000000000342
432.485000000000342
433.585000000000343
433.847000000000344
434.015000000000344
434.196000000000344
434.610000000000344
434.833000000000345
434.975000000000345
435.117000000000345
435.285000000000345
435.414000000000345
435.603000000000345
435.762000000000345
435.958000000000346
436.233000000000346
436.382000000000346
436.575000000000346
436.908000000000346
437.081000000000347
468.895000000000375
469.173000000000375
469.461000000000375
469.651000000000375
469.873000000000376
470.443000000000376
471.126000000000377
471.302000000000377
471.755000000000377
472.070000000000378
472.810000000000378
473.861000000000379
474.126000000000379
474.96900000000038
475.744000000000381
475.913000000000381
476.094000000000381
476.275000000000381
476.412000000000381
476.567000000000382
476.747000000000382
476.897000000000382
477.270000000000382
478.001000000000383
478.787000000000384
479.658000000000384
479.864000000000385
480.012000000000385
480.147000000000385
480.309000000000385
482.236000000000387
500.200000000000403
500.364000000000403
500.595000000000403
500.734000000000403
501.115000000000403
501.234000000000404
501.753000000000404
502.301000000000404
503.155000000000405
504.282000000000406
504.552000000000406
504.780000000000407
505.347000000000407
506.471000000000408
506.921000000000409
507.199000000000409
507.460000000000409
507.806000000000409
508.11000000000041
508.75900000000041
508.93300000000041
509.283000000000411
509.483000000000411
509.841000000000411
510.648000000000412
511.997000000000413
512.196000000000413
512.354000000000413
512.471000000000413
512.647000000000414
512.923000000000414
513.228000000000414
513.415000000000414
513.598000000000414
528.453000000000428
555.899000000000452
557.180000000000453
557.449000000000453
558.088000000000454
558.396000000000454
559.519000000000455
563.805000000000459
564.98800000000046
565.17200000000046
565.38800000000046
566.058000000000461
566.256000000000461
566.640000000000462
566.852000000000462
567.035000000000462
567.781000000000463
567.979000000000463
568.159000000000463
568.378000000000463
568.804000000000464
569.204000000000464
569.854000000000464
570.191000000000465
570.873000000000465
571.046000000000466
571.195000000000466
571.352000000000466
571.517000000000466
571.716000000000466
571.930000000000466
572.076000000000466
572.239000000000467
573.034000000000467
573.459000000000468
574.152000000000468
574.328000000000468
593.758000000000486
594.356000000000486
594.691000000000486
594.826000000000487
594.971000000000487
595.263000000000487
595.545000000000487
596.336000000000488
597.172000000000489
597.524000000000489
597.827000000000489
598.07000000000049
598.42200000000049
598.53200000000049
600.471000000000492
600.611000000000492
600.870000000000492
601.092000000000492
601.347000000000492
601.542000000000493
604.490000000000495
605.760000000000496
605.925000000000496
606.361000000000497
607.097000000000498
608.430000000000499
608.681000000000499
608.843000000000499
609.017000000000499
609.151000000000499
609.3330000000005
609.5300000000005
609.6930000000005
609.8700000000005
610.2440000000005
611.571000000000502
612.042000000000502
613.172000000000503
613.487000000000503
613.663000000000503
722.0330000000006
722.6470000000006
723.122000000000601
723.531000000000601
724.080000000000601
864.200000000000726
864.641000000000726
865.108000000000727
865.254000000000727
865.649000000000727
868.40300000000073
869.10600000000073
870.718000000000732
871.703000000000733
872.455000000000733
872.696000000000733
872.966000000000734
873.142000000000734
873.351000000000734
873.790000000000734
874.493000000000735
875.189000000000736
875.924000000000736
876.205000000000737
876.480000000000737
877.121000000000737
877.783000000000738
877.968000000000738
878.351000000000738
878.518000000000739
878.764000000000739
878.984000000000739
879.150000000000739
879.321000000000739
879.69900000000074
879.96200000000074
880.39000000000074
880.755000000000741
881.193000000000741
881.919000000000742
882.670000000000742
883.142000000000743
884.505000000000744
885.316000000000745
906.835000000000764
907.599000000000764
908.520000000000765
909.665000000000766
910.373000000000767
911.737000000000768
912.292000000000769
912.525000000000769
912.935000000000769
913.095000000000769
913.39400000000077
913.56600000000077
914.06500000000077
914.23700000000077
914.490000000000771
914.764000000000771
915.129000000000771
915.284000000000771
915.638000000000772
915.907000000000772
916.220000000000772
917.378000000000773
917.601000000000773
917.784000000000774
917.951000000000774
918.140000000000774
918.308000000000774
918.490000000000774
918.910000000000774
919.986000000000775
920.656000000000776
920.782000000000776
921.089000000000776
921.221000000000776
921.366000000000777
921.494000000000777
921.646000000000777
921.796000000000777
921.941000000000777
922.167000000000777
923.242000000000778
923.617000000000779
923.796000000000779
924.205000000000779
924.66600000000078
925.20800000000078
925.42700000000078
947.3600000000008
947.8610000000008
948.392000000000801
950.663000000000803
951.270000000000803
951.739000000000804
952.107000000000804
952.457000000000804
953.042000000000805
953.560000000000805
954.484000000000806
954.662000000000806
955.671000000000807
956.020000000000807
956.548000000000808
957.601000000000809
960.061000000000811
961.310000000000812
962.033000000000813
962.867000000000814
963.253000000000814
964.158000000000815
965.007000000000815
965.697000000000816
966.893000000000817
967.806000000000818
968.681000000000819
968.855000000000819
969.007000000000819
969.524000000000819
969.96200000000082
970.23200000000082
970.55700000000082
970.77500000000082
971.271000000000821
971.705000000000821
972.380000000000822
972.972000000000822
973.322000000000823
973.683000000000823
973.949000000000823
974.316000000000824
974.685000000000824
975.618000000000825
975.787000000000825
975.942000000000825
976.094000000000825
976.237000000000825
976.429000000000826
976.750000000000826
989.876000000000838
990.171000000000838
990.482000000000838
991.576000000000839
993.06200000000084
993.687000000000841
994.054000000000841
995.410000000000842
995.740000000000843
996.329000000000843
996.498000000000843
996.639000000000844
997.358000000000844
997.568000000000844
997.739000000000844
997.987000000000845
998.241000000000845
998.571000000000845
998.814000000000845
999.184000000000846
999.465000000000846
999.805000000000846
1000.321000000000847
1000.794000000000847
1001.535000000000848
1001.689000000000848
1002.046000000000848
1002.214000000000848
1002.391000000000849
1002.543000000000849
1004.05400000000085
1004.26100000000085
1004.794000000000851
1004.935000000000851
1005.121000000000851
1005.474000000000851
1005.614000000000852
1005.793000000000852
1005.897000000000852
1006.020000000000852
1006.259000000000852
1006.856000000000853
1007.091000000000853
1007.368000000000853
1008.537000000000854
1009.040000000000855
1009.170000000000855
1009.322000000000855
1009.823000000000855
1010.373000000000856
1010.842000000000856
1011.536000000000857
1024.67400000000087
1026.38800000000087
1026.66800000000087
1027.77700000000087
1034.36300000000088
1035.14700000000088
1035.91300000000088
1036.14000000000088
1036.29000000000088
1036.44000000000088
1036.67800000000088
1037.39000000000088
1037.96700000000088
1038.71300000000088
1038.88300000000088
1039.05300000000088
1039.20700000000088
1039.66800000000088
1039.83200000000088
1040.18000000000088
1040.35600000000088
1040.54000000000088
1040.79200000000088
1042.92000000000088
1043.24600000000088
1043.56200000000089
1043.74400000000089
1044.40500000000089
1044.86000000000089
1046.14900000000089
1049.08400000000089
1049.98700000000089
1050.46400000000089
1050.71300000000089
1051.03300000000089
1052.44100000000089
1052.67600000000089
1053.17800000000089
1054.25200000000089
1054.42400000000089
1054.9550000000009
1055.0890000000009
1055.2770000000009
1055.4820000000009
1055.7160000000009
1056.3060000000009
1056.4500000000009
1057.1540000000009
1057.7420000000009
1058.5170000000009
1058.6690000000009
1058.8000000000009
1058.9690000000009
1059.1170000000009
1059.8410000000009
1168.460000000001
1169.089000000001
1169.936000000001
1170.089000000001
1170.762000000001
1171.144000000001
1172.934000000001
1173.264000000001
1173.556000000001
1173.736000000001
1173.910000000001
1174.143000000001
1174.505000000001
1174.853000000001
1175.957000000001
1176.379000000001
1176.539000000001
1177.218000000001
1177.379000000001
1177.654000000001
1177.840000000001
1177.947000000001
1178.290000000001
1178.78900000000101
1182.02800000000101
1182.40600000000101
1182.72900000000101
1183.22400000000101
1183.44600000000101
1183.76800000000101
1184.37400000000101
1185.63800000000101
1185.83900000000101
1186.02600000000101
1186.37200000000101
1186.53000000000101
1186.85700000000101
1187.02500000000101
1187.21000000000101
1187.46000000000101
1187.65000000000101
1187.81900000000101
1188.07800000000101
1188.23900000000101
1188.63500000000101
1188.83600000000101
1188.93900000000101
1189.41300000000101
1190.11200000000102
1190.29300000000102
1190.51300000000102
1190.66100000000102
1190.87400000000102
1191.09300000000102
1191.21700000000102
1191.43000000000102
1193.55500000000102
1193.84000000000102
1324.26400000000113
1325.94800000000114
1331.13800000000114
1333.97600000000114
1335.67300000000114
1336.83200000000115
1337.44600000000115
1338.16900000000115
1338.44600000000115
1339.66800000000115
1340.60500000000115
1341.52000000000115
1341.66200000000115
1341.81500000000115
1341.98800000000115
1342.28800000000115
1343.76700000000115
1344.08900000000115
1344.37500000000115
1344.69800000000115
1345.09700000000115
1346.01400000000115
1351.26300000000116
1351.51800000000116
1352.54300000000116
1353.61500000000116
1353.78200000000116
1354.05600000000116
1354.43200000000116
1354.62900000000116
1357.29300000000116
1357.55800000000116
1357.83900000000116
1357.99500000000116
1358.78800000000117
1360.23400000000117
1360.48300000000117
1361.01700000000117
1361.18300000000117
1361.52400000000117
1361.72900000000117
1362.04500000000117
1362.88200000000117
1363.66300000000117
1366.00400000000117
1366.31900000000117
1369.02400000000117
1369.33600000000117
1369.58800000000117
1369.79500000000117
1370.31000000000118
1371.80900000000118
1372.00700000000118
1372.16700000000118
1372.40100000000118
1373.03900000000118
1632.52900000000141
1660.61600000000143
1662.86900000000144
1663.85200000000144
1694.66500000000146
1712.15400000000148
1713.58800000000148
1714.13500000000148
1730.7590000000015
1731.8220000000015
1732.0470000000015
1733.1050000000015
1733.6960000000015
1734.0290000000015
1734.3400000000015
1734.7800000000015
1735.6780000000015
1735.8660000000015
1736.0490000000015
1736.2340000000015
1736.6410000000015
1736.7550000000015
1736.9090000000015
1737.0900000000015
1738.0170000000015
1738.5750000000015
1738.8190000000015
1739.2180000000015
1740.7930000000015
1741.75400000000151
1742.54300000000151
1742.77200000000151
1743.08400000000151
1743.72100000000151
1743.84900000000151
1744.03400000000151
1744.20900000000151
1744.36700000000151
1744.51100000000151
1744.67100000000151
1744.86900000000151
1745.06900000000151
1745.24400000000151
1745.41400000000151
1745.58300000000151
1746.29500000000151
1746.40300000000151
1747.68700000000151
1749.43200000000151
1749.69900000000151
1750.00700000000151
1750.77500000000151
1750.94700000000151
1751.17200000000151
1751.30400000000151
1751.49100000000151
1751.65200000000151
1751.85700000000151
1752.10100000000151
1752.28800000000151
1752.45900000000151
1752.69400000000152
1752.80900000000152
1753.27800000000152
1754.92900000000152
1755.27700000000152
1755.43500000000152
1755.58100000000152
1755.90400000000152
1787.21700000000155
1788.27200000000155
1788.59300000000155
1789.43400000000155
1789.93900000000155
1790.85400000000155
1791.04400000000155
1791.55200000000155
1792.32100000000155
1792.51000000000155
1792.78100000000155
1793.16800000000155
1793.38600000000155
1796.01200000000155
1796.28100000000155
1796.67600000000155
1797.60600000000155
1798.00100000000156
1798.40500000000156
1800.27700000000156
1800.51800000000156
1800.70800000000156
1800.97000000000156
1801.20800000000156
1801.35600000000156
1801.51100000000156
1801.67600000000156
1801.86800000000156
1802.00600000000156
1802.29400000000156
1802.60600000000156
1803.22400000000156
1803.45200000000156
1804.18200000000156
1804.90500000000156
1805.26200000000156
1805.89800000000156
1807.44700000000156
1807.80400000000156
1808.11900000000156
1808.38000000000156
1808.62100000000156
1808.82500000000156
1809.02200000000156
1809.17800000000157
1809.39700000000157
1809.80700000000157
1810.18300000000157
1810.34800000000157
1810.51500000000157
1810.70200000000157
1811.18700000000157
1811.84000000000157
1812.50200000000157
1812.80500000000157
1813.40600000000157
1813.94600000000157
1814.96100000000157
1815.75100000000157
1815.88000000000157
1816.31400000000157
1817.02900000000157
1817.30400000000157
1817.59600000000157
1818.01900000000157
1818.38000000000157
1818.53200000000157
1867.55900000000162
2036.38100000000177
2038.15500000000177
2038.48100000000177
2038.76400000000177
2041.81900000000177
2044.74400000000177
2045.49500000000178
2045.80600000000178
2046.40400000000178
2046.96600000000178
2050.08100000000155
2051.07900000000144
2051.73300000000137
2052.18100000000132
2052.92600000000123
2053.82800000000114
2055.50600000000095
2056.0100000000009
2056.54000000000084
2056.72100000000082
2057.19900000000076
2057.88500000000069
2059.75000000000048
2059.93600000000046
2060.35500000000042
2060.78400000000037
2061.63400000000028
2063.42200000000008
2064.56099999999995
2065.17399999999989
2065.44499999999986
2065.78799999999982
2065.9439999999998
2066.38199999999975
2066.58199999999973
2066.73799999999971
2067.07399999999968
2067.26999999999966
2067.49099999999963
2067.7679999999996
2068.10099999999956
2069.64599999999939
2070.55799999999929
2070.99999999999924
2072.02599999999913
2072.35799999999909
2072.48999999999908
2072.74999999999905
2072.91299999999903
2073.182999999999
2073.36199999999898
2073.52799999999897
2074.01799999999891
2074.18099999999889
2074.43899999999887
2074.61299999999885
2074.81399999999882
2074.9949999999988
2075.27599999999877
2075.44899999999875
2075.63099999999873
2075.85199999999871
2076.23499999999867
2076.42699999999865
2076.58399999999863
2076.75999999999861
2076.96299999999859
2077.14799999999857
2077.48199999999853
2485.37499999995361
2488.10899999995331
2489.34199999995317
2496.18799999995242
2511.08099999995078
2525.27099999994921
2660.89799999993428
2661.46699999993421
2662.15599999993414
2662.36199999993412
2662.99399999993405
2664.42599999993389
2664.58999999993387
2667.32099999993357
2667.84699999993351
2668.18799999993347
2668.53999999993343
2669.10799999993337
2670.6289999999332
2670.78399999993319
2671.79199999993308
2674.56399999993277
2674.95299999993273
2675.1779999999327
2675.69899999993265
2675.91899999993262
2676.0979999999326
2676.37399999993257
2676.66399999993254
2676.83299999993252
2685.52799999993156
2687.75099999993132
2688.02199999993129
2688.20399999993127
2688.68599999993122
2688.8339999999312
2689.49099999993113
2690.23699999993104
2691.23299999993094
2692.32899999993081
2692.73499999993077
2693.3829999999307
2693.95699999993064
2694.2819999999306
2694.73399999993055
2694.95399999993053
2695.1429999999305
2695.60599999993045
2695.98199999993041
2696.28399999993038
2696.44899999993036
2696.61199999993034
2696.9769999999303
2697.35899999993026
2698.15799999993017
2698.43999999993014
2698.7799999999301
2698.94599999993009
2699.34199999993004
2699.86399999992998
2700.18299999992995
2700.41299999992992
2700.6799999999299
2700.94999999992986
2702.07899999992974
2702.36599999992971
2702.80499999992966
2703.69099999992956
2703.86199999992954
2704.05499999992952
2704.35499999992949
2704.56399999992947
2704.70699999992945
2705.02499999992942
2736.59499999992594
2737.31999999992586
2740.83599999992547
2746.28399999992487
2746.52799999992485
2748.20899999992466
2748.83099999992459
2750.01499999992446
2750.50599999992441
2754.03899999992402
2754.26999999992399
2755.0809999999239
2756.24999999992377
2757.73899999992361
2758.00599999992358
2758.45099999992353
2759.20399999992345
2759.41599999992343
2759.6809999999234
2760.00099999992336
2760.21699999992334
2760.48499999992331
2760.66699999992329
2760.87499999992327
2761.13599999992324
2761.35299999992321
2761.74399999992317
2762.08799999992313
2762.31399999992311
2762.84899999992305
2763.17399999992301
2764.58299999992286
2766.19199999992268
2766.69199999992262
2767.08699999992258
2768.38699999992244
2768.54999999992242
2768.89499999992238
2769.12199999992236
2769.41899999992232
2769.55099999992231
2770.18299999992224
2772.11999999992203
2772.62499999992197
2773.45499999992188
2773.61499999992186
2773.80699999992184
2774.07999999992181
2774.32899999992178
2774.56199999992176
2774.99199999992171
2776.28999999992157
2776.59699999992153
2777.03599999992149
2777.61099999992142
2777.75699999992141
2777.91399999992139
2778.56599999992132
2778.7309999999213
2779.12699999992126
2779.53199999992121
2779.99199999992116
2780.21699999992114
2780.39299999992112
2780.78699999992107
2783.93999999992073
2785.78599999992052
2786.09699999992049
2786.30599999992046
2786.56899999992044
2786.8589999999204
2788.58099999992021
2788.99299999992017
2789.19999999992015
2789.36399999992013
2789.52399999992011
2789.82699999992008
2822.58099999991647
26
-1
38.6259999999999927
72.785000000000023
97.3880000000000448
166.151000000000106
202.383000000000138
247.121000000000178
341.102000000000261
396.995000000000311
417.91800000000033
437.082000000000347
482.237000000000387
513.599000000000414
574.329000000000468
613.664000000000503
884.506000000000744
925.20900000000078
976.430000000000826
1011.537000000000857
1059.8420000000009
1193.84100000000102
1694.66600000000146
1755.90500000000152
1818.53300000000157
2077.48299999999853
2704.70799999992945
2789.52499999992011
0
0
5000
0
0
0
0
7200
0
0
0
0
0
27
0
4589.62599999972186
1800.00000000000156
1800
0
79
0
1
4
7
10
13
16
19
22
25
28
31
34
37
40
43
46
49
52
55
58
61
64
67
70
73
76
79
82
85
88
91
94
97
100
103
106
109
112
115
118
121
124
127
130
133
136
139
142
145
148
151
154
157
160
163
166
169
172
175
178
181
184
187
190
193
196
199
202
205
208
211
214
217
220
223
226
229
232
235
238
241
244
247
250
253
256
259
262
265
268
271
274
277
280
283
286
289
292
295
298
301
304
307
310
313
316
319
322
325
328
331
334
337
340
343
346
349
352
355
358
361
364
367
370
373
376
379
382
385
388
391
394
397
400
403
406
409
412
415
418
421
424
427
430
433
436
439
442
445
448
451
454
457
460
463
466
469
472
475
478
481
484
487
490
493
496
499
502
505
508
511
514
517
520
523
526
529
532
535
538
541
544
547
550
