11
27
19
11
27
19
cPPR1.11
PR3_day3
0
3
9
23
04
11
24
31
23
3
.3
1
431
1
17
1
1
1
1
1
1
1
1
1
1
1
1
1
1
1
1
1
1
1
1
1
184
430
-1
1.12200000000000001
1.37800000000000002
1.69200000000000002
37.9439999999999921
39.4649999999999934
42.1479999999999958
45.9779999999999992
48.7550000000000017
103.9950000000000507
105.7630000000000523
105.9320000000000524
106.4640000000000529
106.7080000000000531
106.9710000000000534
107.5810000000000539
185.293000000000123
189.199000000000126
189.492000000000127
190.210000000000127
192.94700000000013
194.282000000000131
248.172000000000179
248.561000000000179
250.255000000000181
250.398000000000181
256.861000000000186
258.462000000000188
258.528000000000188
259.567000000000189
279.922000000000207
280.657000000000208
280.841000000000208
350.84300000000027
351.02600000000027
354.059000000000273
357.537000000000276
358.851000000000277
360.758000000000279
361.199000000000279
366.461000000000284
370.879000000000288
374.157000000000291
374.514000000000291
375.205000000000292
394.784000000000309
394.967000000000309
395.45200000000031
395.97200000000031
496.323000000000399
498.080000000000401
498.245000000000401
499.888000000000402
499.991000000000402
546.464000000000444
548.501000000000446
554.659000000000451
558.605000000000454
558.720000000000455
622.728000000000511
627.807000000000516
631.280000000000519
673.358000000000556
673.506000000000556
676.154000000000559
678.933000000000561
681.288000000000563
682.209000000000564
682.430000000000564
683.656000000000566
687.845000000000569
688.91400000000057
691.334000000000572
691.893000000000573
692.557000000000573
697.614000000000578
699.139000000000579
699.43300000000058
700.25400000000058
700.47500000000058
708.582000000000588
715.340000000000594
715.985000000000594
716.195000000000594
716.632000000000595
716.837000000000595
721.716000000000599
721.826000000000599
721.9100000000006
725.867000000000603
727.682000000000605
738.176000000000614
751.859000000000626
753.320000000000627
897.337000000000755
898.198000000000756
900.462000000000758
906.822000000000764
911.345000000000768
919.185000000000775
929.629000000000784
934.231000000000788
935.498000000000789
939.417000000000793
940.141000000000793
1019.149000000000864
1022.839000000000867
1025.05200000000087
1026.64400000000087
1029.54900000000087
1032.00500000000087
1033.15400000000088
1035.31600000000088
1119.76200000000095
1123.56800000000096
1126.78000000000096
1130.90800000000096
1162.65000000000099
1163.87600000000099
1169.422000000001
1189.71300000000101
1192.66000000000102
1268.40300000000108
1275.21800000000109
1328.53600000000114
1332.46200000000114
1337.83600000000115
1340.75500000000115
1605.31900000000138
1610.48300000000139
1610.58100000000139
1611.29700000000139
1612.81900000000139
1922.57700000000167
1924.94900000000167
1939.07100000000168
2151.69199999999036
2157.44799999998972
2167.6289999999886
2426.92999999996004
2429.75399999995973
2431.8549999999595
2541.16799999994746
2544.15899999994713
2545.14699999994702
2548.9759999999466
2556.40799999994578
2557.37199999994568
2569.06999999994439
2573.24699999994393
2579.8799999999432
2582.93799999994286
2583.43799999994281
2598.9219999999411
2600.23399999994096
2603.33099999994062
2605.45299999994038
2608.82699999994001
2614.3599999999394
2615.46799999993928
2616.32199999993919
2618.26599999993897
2625.77899999993814
2656.07799999993481
2661.36199999993423
2696.88499999993031
2699.84699999992999
2704.14899999992951
2707.70699999992912
2709.29999999992895
2726.942999999927
2730.12599999992665
2733.19599999992631
2735.45899999992606
2740.93099999992546
2742.20699999992532
2743.2719999999252
2744.42699999992508
2745.101999999925
2753.96299999992403
2762.27199999992311
2766.9429999999226
3105.94399999988526
3111.9169999998846
3136.53999999988189
3137.74099999988176
3140.50499999988146
3142.74299999988121
3161.63299999987913
3171.77799999987801
3177.23999999987741
3180.61699999987704
3185.67599999987648
3189.91999999987601
3193.75899999987559
3196.93299999987524
3200.0519999998749
3204.95099999987436
3250.20699999986937
3252.20299999986915
3255.16499999986883
3259.41899999986836
3371.88899999985597
3375.67999999985555
3378.23599999985527
3384.02299999985464
3386.85999999985432
3393.15299999985363
3398.867999999853
3401.74199999985268
3408.09599999985198
3408.51899999985194
3413.90999999985134
3419.92199999985068
3422.05799999985045
3424.61899999985016
3434.64199999984906
3436.69799999984883
3456.13499999984669
3460.53199999984621
3463.39199999984589
3587.00599999983228
3590.55399999983189
3591.09899999983183
3595.34999999983136
3598.38999999983103
3599.68499999983088
3605.97999999983019
3606.71299999983011
3611.17599999982962
3615.34399999982916
3617.35699999982894
3619.32599999982872
3621.82699999982844
3628.5739999998277
3631.75199999982735
3634.29999999982707
3639.18099999982653
3643.90199999982601
3651.76999999982515
3654.42799999982485
3655.07199999982478
3657.15799999982455
3658.30899999982443
3662.88599999982392
3667.53499999982341
3755.42299999981373
3758.34599999981341
3760.58199999981316
3763.50599999981284
3764.70499999981271
3782.90099999981071
3783.11499999981068
3793.60099999980953
3795.56599999980931
3805.85799999980818
3808.57799999980788
3809.46599999980778
3809.84199999980774
3811.56999999980755
3813.68799999980731
3839.75899999980444
3842.33499999980416
3843.90599999980399
3845.79799999980378
3850.77399999980323
3856.79399999980257
3860.26599999980218
3865.89099999980157
3871.9749999998009
3873.16699999980076
3875.84799999980047
3878.45599999980018
3879.41399999980008
3884.04899999979957
3885.72699999979938
3887.3339999997992
3890.0939999997989
3891.25799999979877
3895.69099999979828
3931.70199999979432
3932.57099999979422
3935.63499999979388
3944.25499999979294
3945.70399999979278
3947.01299999979263
3963.02399999979087
3964.5589999997907
4054.13199999978083
4055.74099999978066
4059.23599999978027
4071.47499999977892
4087.49899999977716
4091.97199999977667
4102.96399999977546
4128.99799999977259
4134.16499999977202
4136.61499999977175
4170.28899999976804
4175.74999999976744
4186.20299999976629
4190.39999999976583
4192.95299999976554
4199.12899999976486
4199.7249999997648
4201.68299999976458
4267.74099999975731
4271.70299999975687
4274.58599999975655
4277.29399999975626
4299.09699999975385
4300.71399999975368
4304.05899999975331
4306.04699999975309
4348.44999999974842
4352.246999999748
4353.48499999974786
4356.30199999974755
4359.00399999974726
4362.42799999974688
4413.34799999974127
4417.99499999974076
4421.68899999974035
4424.38799999974006
4448.86799999973736
4453.18999999973688
4460.91799999973603
4907.45599999968685
4914.06399999968613
4917.60899999968574
4918.75499999968561
4942.89499999968295
4947.63899999968243
4951.42799999968201
4956.20399999968148
4971.96099999967975
4978.54899999967902
5072.42099999966869
5094.89799999966621
5097.85399999966588
5102.59099999966536
5107.22599999966485
5108.92199999966466
5111.47199999966438
5121.80399999966325
5125.71999999966282
5131.01999999966223
5139.07599999966134
5150.63999999966007
5151.58399999965997
5152.60499999965985
5153.20899999965979
5241.96499999965001
5246.72899999964949
5247.13999999964944
5247.25099999964943
5250.68099999964905
5251.05099999964901
5252.85999999964881
5279.3099999996459
5282.9349999996455
5291.04899999964461
5295.49099999964412
5337.72199999963947
5340.56399999963915
5375.13399999963535
5407.43199999963179
5415.05899999963095
5421.31699999963026
5424.11999999962995
5428.14199999962951
5458.03899999962622
5464.43299999962551
5480.75599999962371
5487.38699999962298
5492.10299999962246
5499.10499999962169
5500.23999999962157
5540.98199999961708
5541.57899999961702
5561.63399999961481
5564.02499999961454
5566.43299999961428
5568.985999999614
5584.4299999996123
5585.82499999961214
5609.68699999960951
5628.8959999996074
5633.69099999960687
5637.42299999960646
5639.20099999960626
5640.24799999960615
5642.79499999960587
5645.29099999960559
5646.51799999960546
5649.19699999960516
5650.41099999960503
5681.80599999960157
5686.18999999960109
5688.63199999960082
5689.30199999960075
5708.55599999959862
5711.69799999959828
5714.47399999959797
5744.63999999959465
5780.99799999959065
5784.62499999959025
5785.53399999959015
5788.13799999958986
5794.26699999958919
5859.16799999958204
5863.33299999958158
5865.26399999958137
5867.34099999958114
6232.56299999954091
6235.96499999954054
6288.36399999953477
6291.64599999953441
6295.74199999953396
6297.74499999953374
6341.18199999952895
6344.51499999952858
6455.55499999951636
6462.10099999951563
6467.71599999951502
6541.59699999950688
6563.2379999995045
6594.25999999950108
6838.46999999947418
6893.31399999946814
7114.09099999944383
16
-1
1.12300000000000001
45.9789999999999992
107.5820000000000539
250.399000000000181
360.759000000000279
548.502000000000446
692.558000000000573
906.823000000000764
1275.21900000000109
2582.93899999994286
3111.9179999998846
3436.69899999984883
3795.56699999980931
4102.96499999977546
5072.42199999966868
5568.986999999614
0
0
5000
0
0
0
0
7200
0
0
0
0
0
17
0
7200.00099999943437
1631.11400000000141
1800
0
49
0
1
4
7
10
13
16
19
22
25
28
31
34
37
40
43
46
49
52
55
58
61
64
67
70
73
76
79
82
85
88
91
94
97
100
103
106
109
112
115
118
121
124
127
130
133
136
139
142
145
148
151
154
157
160
163
166
169
172
175
178
181
184
187
190
193
196
199
202
205
208
211
214
217
220
223
226
229
232
235
238
241
244
247
250
253
256
259
262
265
268
271
274
277
280
283
286
289
292
295
298
301
304
307
310
313
316
319
322
325
328
331
334
337
340
343
346
349
352
355
358
361
364
367
370
373
376
379
382
385
388
391
394
397
400
403
406
409
412
415
418
421
424
427
430
433
436
439
442
445
448
451
454
457
460
463
466
469
472
475
478
481
484
487
490
493
496
499
502
505
508
511
514
517
520
523
526
529
532
535
538
541
544
547
550
