12
12
19
12
12
19
cPPR1.10
PR3_day2.4
0
4
9
07
43
11
05
22
23
3
.3
1
278
1
14
1
1
1
1
1
1
1
1
1
1
1
1
1
1
1
1
1
1
1
1
1
184
277
-1
36.790999999999991
41.7489999999999954
66.4370000000000174
67.9030000000000187
98.1670000000000455
98.6110000000000459
105.5860000000000521
107.2820000000000536
107.7690000000000541
108.5390000000000548
109.3160000000000554
110.0510000000000561
110.8720000000000568
214.439000000000149
215.66300000000015
218.567000000000152
219.631000000000153
220.465000000000154
221.056000000000155
223.932000000000157
224.931000000000158
293.622000000000219
296.191000000000221
397.845000000000312
611.188000000000501
613.404000000000503
615.769000000000505
618.586000000000508
622.432000000000511
625.692000000000514
627.035000000000515
633.990000000000521
637.811000000000525
645.434000000000532
646.750000000000533
647.314000000000533
674.205000000000557
674.964000000000558
676.440000000000559
677.39000000000056
678.441000000000561
679.103000000000562
778.056000000000649
779.700000000000651
780.846000000000652
781.822000000000653
783.630000000000654
784.406000000000655
785.657000000000656
787.415000000000658
788.662000000000659
789.62200000000066
814.232000000000682
815.429000000000683
819.805000000000686
904.251000000000761
909.668000000000766
913.89800000000077
922.762000000000778
925.844000000000781
927.696000000000782
930.985000000000785
936.34100000000079
942.866000000000796
969.291000000000819
972.006000000000822
982.673000000000831
986.179000000000834
994.549000000000842
994.833000000000842
997.647000000000844
1013.478000000000858
1016.837000000000861
1017.393000000000862
1018.809000000000863
1109.43900000000094
1111.49100000000095
1112.63400000000095
1113.35000000000095
1201.41000000000103
1207.79500000000103
1208.45600000000103
1213.35400000000104
1217.51000000000104
1218.76300000000104
1284.8040000000011
1308.79000000000112
1310.92200000000112
1319.55800000000113
1321.01200000000113
1328.23900000000114
1358.63500000000116
1361.15600000000117
1361.61600000000117
1384.09000000000119
1384.82800000000119
1386.38800000000119
1537.09800000000132
1545.28800000000133
1685.56200000000146
1687.24600000000146
1741.0020000000015
1742.31400000000151
1743.80300000000151
1751.10200000000151
1751.48900000000151
1757.91300000000152
1759.72900000000152
1766.80100000000153
1770.10500000000153
1772.35300000000153
1780.85900000000154
1782.94600000000154
1784.27600000000154
1786.57700000000154
1788.27200000000155
1791.00700000000155
1793.89500000000155
1794.75000000000155
1897.46300000000164
1900.17100000000165
1903.94600000000165
1905.33900000000165
1932.23700000000167
1933.97700000000168
1938.46400000000168
1939.10600000000168
2633.71399999993727
2635.65399999993706
2643.4749999999362
2648.50699999993564
2662.84199999993406
2664.97499999993383
2675.06999999993272
2676.67899999993254
2689.54499999993112
2782.74099999992086
2828.09399999991586
2846.03899999991389
2852.08499999991322
2917.91799999990597
2918.86199999990587
2923.28499999990538
3104.05299999988547
3104.86699999988538
3108.87399999988494
3110.9999999998847
3152.22499999988016
3180.14399999987709
3182.57399999987682
3244.24899999987003
3247.50099999986967
3249.0129999998695
3293.76399999986458
3298.61299999986404
3305.88399999986324
3349.27899999985846
3350.63299999985831
3351.79999999985818
3352.74999999985808
3353.76299999985797
3355.15899999985781
3362.572999999857
3382.77699999985477
3385.60599999985446
3450.98099999984726
3452.17199999984713
3453.14599999984702
3454.10299999984692
3456.60199999984664
3457.57299999984654
3472.56299999984488
3473.3629999998448
3475.23099999984459
3478.83899999984419
3483.64399999984366
3486.55199999984334
3487.28099999984326
3553.263999999836
3574.22599999983369
3577.53899999983332
3606.38799999983015
3607.66299999983
3613.02799999982941
3620.34399999982861
3625.59499999982803
3723.27499999981727
3852.27899999980306
3894.73099999979839
3898.295999999798
3901.36699999979766
3933.13999999979416
4087.38999999977717
4088.49799999977705
4091.76599999977669
4098.44899999977595
4099.19099999977587
4100.18999999977576
4106.32099999977509
4107.45399999977496
4136.80999999977173
4141.49399999977121
4142.24699999977113
4143.56699999977098
4145.84599999977073
4175.04299999976752
4192.24599999976562
4193.46699999976549
4197.43699999976505
4198.99199999976488
4199.59499999976481
4203.3229999997644
4230.5859999997614
4239.16599999976046
4286.52699999975524
4290.00899999975486
4290.67299999975478
4400.84299999974265
4401.71299999974255
4403.66899999974234
4407.15799999974195
4411.69999999974145
4515.79399999972999
4532.55799999972814
4533.69399999972802
4543.02399999972699
4544.37099999972684
4857.00299999969241
4861.57499999969191
4864.83999999969155
4866.1869999996914
4866.63199999969135
4867.40899999969126
4867.85999999969121
4869.13699999969107
4870.90199999969088
4872.06599999969075
4874.59099999969047
4985.87199999967822
4990.21399999967774
4994.66199999967725
4995.43699999967716
4999.12899999967676
5008.45199999967573
5012.07499999967533
5054.40299999967067
5057.19399999967036
5059.43299999967012
5061.13899999966993
5115.07299999966399
5281.04099999964571
5420.11599999963039
5421.66199999963022
5431.8849999996291
5433.44999999962892
5435.28899999962872
5436.18599999962862
5441.75699999962801
5442.44999999962793
5442.92499999962788
5956.72099999957129
5957.81999999957117
5964.52799999957043
5965.50799999957033
5966.23599999957025
5967.41199999957012
5968.43899999957
6449.12899999951706
6454.10799999951651
6707.34899999948862
6709.96399999948834
6710.83499999948824
6714.44599999948784
6726.45499999948652
6729.13399999948622
6735.89799999948548
6745.78499999948439
13
-1
36.791999999999991
98.6120000000000459
110.8730000000000568
296.192000000000221
647.315000000000533
789.62300000000066
997.648000000000844
1361.15700000000117
1794.75100000000155
3111.0009999998847
3487.28199999984326
4203.3239999997644
5061.13999999966993
0
0
5000
0
0
0
0
7200
0
0
0
0
0
14
0
6861.24099999947168
1800.00000000000156
1800
0
40
0
1
4
7
10
13
16
19
22
25
28
31
34
37
40
43
46
49
52
55
58
61
64
67
70
73
76
79
82
85
88
91
94
97
100
103
106
109
112
115
118
121
124
127
130
133
136
139
142
145
148
151
154
157
160
163
166
169
172
175
178
181
184
187
190
193
196
199
202
205
208
211
214
217
220
223
226
229
232
235
238
241
244
247
250
253
256
259
262
265
268
271
274
277
280
283
286
289
292
295
298
301
304
307
310
313
316
319
322
325
328
331
334
337
340
343
346
349
352
355
358
361
364
367
370
373
376
379
382
385
388
391
394
397
400
403
406
409
412
415
418
421
424
427
430
433
436
439
442
445
448
451
454
457
460
463
466
469
472
475
478
481
484
487
490
493
496
499
502
505
508
511
514
517
520
523
526
529
532
535
538
541
544
547
550
