12
13
19
12
13
19
cPPR1.14
PR3_day2.5
0
4
12
31
45
13
23
16
23
3
.3
1
333
1
16
1
1
1
1
1
1
1
1
1
1
1
1
1
1
1
1
1
1
1
1
1
184
332
-1
9.89400000000000019
50.8830000000000035
51.2930000000000039
51.8350000000000044
52.2670000000000048
56.3410000000000084
59.9790000000000116
60.2450000000000119
62.9050000000000142
63.1210000000000144
63.831000000000015
64.3420000000000155
64.6470000000000158
102.2030000000000491
103.3150000000000501
103.7350000000000505
104.0410000000000508
104.4290000000000511
104.5910000000000512
104.9870000000000516
105.6320000000000522
105.8910000000000524
106.1070000000000526
168.037000000000108
168.472000000000108
168.837000000000108
169.876000000000109
170.16900000000011
170.69300000000011
171.11900000000011
171.473000000000111
171.633000000000111
172.589000000000112
172.834000000000112
173.113000000000112
173.407000000000112
203.387000000000139
204.22500000000014
204.45100000000014
205.213000000000141
205.500000000000141
205.822000000000141
206.173000000000141
206.586000000000142
207.236000000000142
207.873000000000143
208.513000000000144
208.789000000000144
208.975000000000144
209.826000000000145
210.278000000000145
210.743000000000146
306.787000000000231
307.119000000000231
309.728000000000233
310.471000000000234
310.660000000000234
310.829000000000234
311.015000000000235
311.235000000000235
311.432000000000235
311.979000000000235
313.820000000000237
314.187000000000237
314.554000000000238
315.104000000000238
315.285000000000238
315.796000000000239
315.994000000000239
316.218000000000239
317.47600000000024
341.980000000000262
342.699000000000263
343.044000000000263
343.348000000000263
343.688000000000264
344.726000000000265
345.589000000000265
346.302000000000266
346.692000000000266
347.093000000000267
347.523000000000267
348.667000000000268
348.863000000000268
349.064000000000268
349.565000000000269
349.884000000000269
350.057000000000269
350.38700000000027
350.76300000000027
351.820000000000271
353.001000000000272
353.515000000000272
353.796000000000273
363.055000000000281
364.013000000000282
364.137000000000282
364.802000000000282
364.976000000000282
365.287000000000283
365.537000000000283
365.682000000000283
366.383000000000284
369.581000000000287
370.005000000000287
371.099000000000288
373.31600000000029
373.91500000000029
374.599000000000291
375.277000000000292
375.978000000000292
376.724000000000293
377.408000000000294
377.661000000000294
377.958000000000294
378.256000000000294
378.532000000000295
378.743000000000295
379.510000000000295
451.634000000000359
451.77900000000036
451.96400000000036
452.12200000000036
452.30200000000036
452.48600000000036
454.743000000000362
455.878000000000363
456.207000000000364
457.053000000000364
457.367000000000365
457.524000000000365
457.676000000000365
458.196000000000365
458.912000000000366
459.495000000000366
460.067000000000367
460.529000000000367
460.652000000000367
460.818000000000368
460.996000000000368
461.168000000000368
461.317000000000368
462.008000000000369
462.243000000000369
462.705000000000369
463.37600000000037
463.81600000000037
510.904000000000412
512.816000000000414
513.676000000000415
515.600000000000416
516.694000000000417
516.842000000000417
518.019000000000418
519.003000000000419
519.85600000000042
519.96200000000042
520.10000000000042
520.402000000000421
520.676000000000421
523.647000000000423
524.470000000000424
524.907000000000424
526.274000000000426
527.095000000000426
527.882000000000427
530.205000000000429
530.47700000000043
530.87100000000043
531.62700000000043
531.793000000000431
531.973000000000431
532.117000000000431
532.320000000000431
532.434000000000431
532.758000000000431
533.595000000000432
534.293000000000433
676.217000000000559
676.97000000000056
677.64400000000056
679.866000000000562
680.544000000000563
682.206000000000564
682.875000000000565
683.594000000000565
683.750000000000566
683.925000000000566
684.055000000000566
684.259000000000566
684.800000000000567
685.149000000000567
685.311000000000567
685.862000000000567
686.794000000000568
687.614000000000569
688.61500000000057
688.96400000000057
690.306000000000571
690.611000000000572
695.770000000000576
696.201000000000577
697.043000000000577
697.309000000000578
698.435000000000579
698.680000000000579
699.155000000000579
699.69900000000058
700.32500000000058
700.729000000000581
702.165000000000582
702.394000000000582
718.838000000000597
719.297000000000597
721.286000000000599
721.782000000000599
722.6460000000006
722.8010000000006
722.9910000000006
723.556000000000601
723.709000000000601
723.850000000000601
724.288000000000602
724.720000000000602
724.864000000000602
725.054000000000602
725.486000000000603
725.867000000000603
727.156000000000604
727.514000000000604
728.612000000000605
728.821000000000606
730.458000000000607
730.619000000000607
730.838000000000607
731.520000000000608
731.881000000000608
732.277000000000609
732.617000000000609
733.069000000000609
733.43100000000061
733.95500000000061
734.15200000000061
734.729000000000611
735.112000000000611
735.532000000000612
738.465000000000614
738.743000000000614
739.163000000000615
784.193000000000655
790.735000000000661
793.309000000000663
793.642000000000663
794.007000000000664
795.101000000000664
795.827000000000665
797.374000000000667
797.617000000000667
797.775000000000667
798.047000000000667
798.737000000000668
799.420000000000668
799.624000000000668
800.200000000000669
800.66700000000067
801.53200000000067
802.512000000000671
802.675000000000671
803.174000000000672
803.344000000000672
803.485000000000672
803.680000000000672
804.332000000000673
804.952000000000673
805.397000000000674
806.085000000000674
806.436000000000675
806.735000000000675
807.236000000000675
808.053000000000676
810.421000000000678
812.65200000000068
812.91200000000068
813.210000000000681
813.344000000000681
813.521000000000681
814.115000000000681
816.849000000000684
817.592000000000684
865.465000000000727
1126.36900000000096
1127.04300000000096
1128.39900000000096
1129.12200000000096
1130.78300000000096
1133.30100000000096
1133.54900000000096
1134.71400000000097
1135.36000000000097
1135.92900000000097
1137.53100000000097
1139.08600000000097
1139.76100000000097
1141.27000000000097
1141.72300000000097
1143.95200000000097
1145.21400000000098
1146.76100000000098
1147.23400000000098
1148.12800000000098
1148.51300000000098
1149.24300000000098
1149.53200000000098
1150.20900000000098
1152.00200000000098
1152.27800000000098
1152.88500000000098
1153.88000000000098
1154.24700000000098
1154.53000000000098
1156.02900000000099
1156.82200000000099
1157.75200000000099
1158.40200000000099
1158.82100000000099
1159.65700000000099
1160.20800000000099
1160.41800000000099
1160.85300000000099
1161.34900000000099
1161.80200000000099
1162.05300000000099
15
-1
9.89500000000000019
52.2680000000000048
64.6480000000000158
106.1080000000000526
173.408000000000112
210.744000000000146
317.47700000000024
353.516000000000272
379.511000000000295
463.81700000000037
534.294000000000433
702.395000000000582
739.164000000000615
817.593000000000684
1162.05400000000099
0
0
5000
0
0
0
0
7200
0
0
0
0
0
16
0
2962.1549999999011
1800.00000000000156
1800
0
46
0
1
4
7
10
13
16
19
22
25
28
31
34
37
40
43
46
49
52
55
58
61
64
67
70
73
76
79
82
85
88
91
94
97
100
103
106
109
112
115
118
121
124
127
130
133
136
139
142
145
148
151
154
157
160
163
166
169
172
175
178
181
184
187
190
193
196
199
202
205
208
211
214
217
220
223
226
229
232
235
238
241
244
247
250
253
256
259
262
265
268
271
274
277
280
283
286
289
292
295
298
301
304
307
310
313
316
319
322
325
328
331
334
337
340
343
346
349
352
355
358
361
364
367
370
373
376
379
382
385
388
391
394
397
400
403
406
409
412
415
418
421
424
427
430
433
436
439
442
445
448
451
454
457
460
463
466
469
472
475
478
481
484
487
490
493
496
499
502
505
508
511
514
517
520
523
526
529
532
535
538
541
544
547
550
