11
11
19
11
11
19
cPPR1.13
FR2_day1
0
3
11
09
46
11
58
05
24
2
.3
1
254
1
99
1
1
1
1
1
1
1
1
1
1
1
1
1
1
1
1
1
1
1
1
1
1
253
-1
4.86000000000000009
7.42100000000000014
9.03300000000000018
10.65800000000000021
14.75900000000000029
17.2229999999999993
48.053000000000001
49.5920000000000024
50.3600000000000031
52.6070000000000051
57.1170000000000091
57.6930000000000096
61.3810000000000129
63.5970000000000148
66.2920000000000172
66.7270000000000176
69.9150000000000204
70.549000000000021
72.1700000000000225
77.5080000000000272
77.8910000000000275
80.8900000000000302
82.2430000000000314
83.3400000000000324
85.6880000000000345
88.601000000000037
102.9730000000000498
103.9460000000000507
106.6560000000000531
109.2270000000000554
110.0350000000000561
114.7550000000000603
117.1820000000000624
119.4660000000000645
127.0050000000000712
127.3180000000000714
132.703000000000076
132.935000000000076
136.52300000000008
140.592000000000083
141.441000000000084
147.561000000000089
156.554000000000097
159.3900000000001
161.672000000000102
162.459000000000103
162.789000000000103
165.003000000000105
165.266000000000105
167.541000000000107
167.807000000000107
168.714000000000108
170.93400000000011
177.621000000000116
180.771000000000119
183.504000000000121
188.227000000000126
190.680000000000128
194.687000000000131
196.525000000000133
198.664000000000135
198.927000000000135
204.33500000000014
204.94400000000014
210.234000000000145
235.124000000000167
235.548000000000168
238.15900000000017
238.35900000000017
242.605000000000174
246.102000000000177
249.26900000000018
276.710000000000204
277.737000000000205
281.206000000000208
283.90700000000021
286.332000000000213
288.984000000000215
292.739000000000218
293.549000000000219
300.078000000000225
305.70700000000023
310.127000000000234
312.882000000000236
313.725000000000237
319.269000000000242
323.273000000000245
330.777000000000252
333.881000000000255
338.393000000000259
340.565000000000261
359.575000000000278
361.95800000000028
367.027000000000284
367.581000000000285
368.324000000000285
368.966000000000286
371.678000000000288
371.895000000000289
374.638000000000291
377.190000000000293
377.311000000000293
387.466000000000302
391.207000000000306
395.50000000000031
398.638000000000312
400.235000000000314
403.828000000000317
404.750000000000318
406.64300000000032
407.04800000000032
415.519000000000327
417.563000000000329
421.729000000000333
422.101000000000333
424.657000000000336
427.926000000000338
443.318000000000352
444.664000000000353
448.458000000000357
452.66100000000036
458.417000000000366
462.389000000000369
465.626000000000372
466.172000000000372
471.987000000000378
476.036000000000381
481.387000000000386
483.881000000000388
491.884000000000395
493.598000000000397
499.423000000000402
515.105000000000416
519.77800000000042
524.905000000000425
526.211000000000426
537.261000000000435
537.972000000000436
542.22300000000044
545.191000000000443
546.699000000000444
552.144000000000449
555.938000000000452
560.501000000000456
562.486000000000458
565.30000000000046
578.702000000000472
584.229000000000477
589.779000000000482
591.058000000000483
619.650000000000509
623.124000000000512
639.841000000000527
641.721000000000528
649.792000000000535
655.31100000000054
683.296000000000565
686.794000000000568
696.111000000000577
698.519000000000579
707.098000000000586
710.73500000000059
716.592000000000595
721.190000000000599
726.302000000000603
786.054000000000656
787.880000000000658
788.411000000000659
798.223000000000667
802.617000000000671
838.703000000000703
842.316000000000706
855.578000000000718
858.14000000000072
865.368000000000727
868.114000000000729
879.49200000000074
891.53800000000075
907.596000000000764
911.517000000000768
918.916000000000774
924.330000000000779
932.087000000000786
938.100000000000792
986.135000000000834
989.706000000000837
997.916000000000845
999.661000000000846
1004.719000000000851
1029.42700000000087
1030.32700000000087
1037.79000000000088
1042.73000000000088
1050.29500000000089
1058.6120000000009
1063.7810000000009
1074.96400000000091
1077.46400000000092
1114.59000000000095
1116.88400000000095
1133.45100000000096
1136.41600000000097
1142.92200000000097
1144.75400000000098
1154.00300000000098
1155.06500000000098
1167.18500000000099
1172.407000000001
1183.12000000000101
1186.82000000000101
1193.80000000000102
1195.10400000000102
1202.81800000000103
1204.16500000000103
1214.38700000000104
1219.31200000000104
1225.08800000000105
1228.73400000000105
1237.31300000000106
1240.29500000000106
1248.48000000000107
1250.64000000000107
1264.29400000000108
1264.82400000000108
1280.8640000000011
1282.3030000000011
1287.5920000000011
1288.9790000000011
1302.42200000000112
1305.34400000000112
1311.71200000000112
1312.25300000000112
1326.93100000000114
1330.25400000000114
1337.06700000000115
1337.56300000000115
1347.53100000000116
1348.46200000000116
1518.82300000000131
1521.56300000000131
1529.39700000000132
1531.25200000000132
1617.03400000000139
1617.6610000000014
1619.2820000000014
1619.5870000000014
1621.7270000000014
1941.22800000000168
1942.31900000000168
1946.21100000000169
1948.14200000000169
1954.61200000000169
1959.2760000000017
98
-1
7.42100000000000014
17.2229999999999993
49.5920000000000024
57.6930000000000096
66.2920000000000172
77.5080000000000272
85.6880000000000345
103.9460000000000507
110.0350000000000561
119.4660000000000645
127.3180000000000714
132.935000000000076
141.441000000000084
156.554000000000097
162.789000000000103
170.93400000000011
180.771000000000119
190.680000000000128
198.664000000000135
204.94400000000014
235.124000000000167
246.102000000000177
277.737000000000205
286.332000000000213
293.549000000000219
305.70700000000023
313.725000000000237
323.273000000000245
333.881000000000255
359.575000000000278
367.581000000000285
377.190000000000293
391.207000000000306
400.235000000000314
407.04800000000032
417.563000000000329
427.926000000000338
444.664000000000353
458.417000000000366
466.172000000000372
476.036000000000381
483.881000000000388
493.598000000000397
515.105000000000416
526.211000000000426
537.972000000000436
546.699000000000444
555.938000000000452
565.30000000000046
584.229000000000477
591.058000000000483
623.124000000000512
641.721000000000528
655.31100000000054
686.794000000000568
698.519000000000579
710.73500000000059
721.190000000000599
787.880000000000658
802.617000000000671
842.316000000000706
858.14000000000072
868.114000000000729
891.53800000000075
911.517000000000768
924.330000000000779
938.100000000000792
989.706000000000837
999.661000000000846
1030.32700000000087
1042.73000000000088
1058.6120000000009
1077.46400000000092
1116.88400000000095
1136.41600000000097
1144.75400000000098
1155.06500000000098
1172.407000000001
1186.82000000000101
1195.10400000000102
1204.16500000000103
1219.31200000000104
1228.73400000000105
1240.29500000000106
1250.64000000000107
1264.82400000000108
1282.3030000000011
1288.9790000000011
1305.34400000000112
1312.25300000000112
1330.25400000000114
1337.56300000000115
1348.46200000000116
1521.56300000000131
1531.25200000000132
1617.6610000000014
1942.31900000000168
1954.61200000000169
2
0
5000
0
0
0
0
2700
99
0
0
0
0
0
0
2700.79599999992988
0
0
0
0
0
0
