11
06
19
11
06
19
cPPR1.12
FR1_day3
0
2
10
10
04
10
32
55
24
2
.3
1
136
1
101
1
1
1
1
1
1
1
1
1
1
1
1
1
1
1
1
1
1
1
1
1
1
135
-1
21.2749999999999959
22.9329999999999944
28.7329999999999895
35.4939999999999899
39.7209999999999936
41.1249999999999949
69.6410000000000202
74.8010000000000248
80.8860000000000302
90.6580000000000389
103.9900000000000507
105.1470000000000517
110.2510000000000563
115.3780000000000608
126.0600000000000703
133.147000000000077
139.999000000000083
150.674000000000092
157.878000000000099
160.869000000000101
163.880000000000104
168.429000000000108
168.516000000000108
169.659000000000109
176.594000000000115
178.090000000000117
185.066000000000123
185.537000000000123
199.599000000000136
212.218000000000147
212.325000000000147
216.934000000000151
218.263000000000152
225.647000000000159
241.131000000000173
246.295000000000177
252.871000000000183
262.789000000000192
281.624000000000208
287.167000000000213
287.500000000000214
309.943000000000234
310.097000000000234
322.989000000000245
323.456000000000246
344.300000000000264
350.41700000000027
355.328000000000274
359.222000000000277
362.15000000000028
364.755000000000282
373.28800000000029
416.565000000000328
422.511000000000334
423.118000000000334
424.999000000000336
430.964000000000341
431.654000000000342
440.67000000000035
440.96800000000035
449.696000000000358
457.122000000000364
467.256000000000373
467.474000000000374
479.965000000000385
480.964000000000386
494.520000000000398
508.38300000000041
508.98700000000041
513.962000000000415
525.303000000000425
541.75400000000044
550.466000000000447
555.235000000000451
558.363000000000454
565.06800000000046
578.171000000000472
583.771000000000477
586.737000000000479
588.311000000000481
590.337000000000483
595.324000000000487
596.065000000000488
604.711000000000495
616.649000000000506
624.806000000000513
636.630000000000524
649.419000000000535
649.826000000000536
658.589000000000543
659.413000000000544
670.143000000000554
670.733000000000554
679.441000000000562
685.849000000000568
815.175000000000682
823.23900000000069
831.919000000000697
845.493000000000709
854.655000000000717
855.436000000000718
873.014000000000734
883.130000000000743
897.152000000000755
913.89700000000077
923.068000000000778
938.239000000000792
938.716000000000792
945.242000000000798
962.636000000000813
982.663000000000831
984.641000000000833
1004.981000000000851
1018.873000000000863
1019.452000000000864
1034.64900000000088
1044.14800000000089
1057.8610000000009
1063.0920000000009
1063.7360000000009
1071.97800000000091
1081.43100000000092
1082.42200000000092
1103.79700000000094
1116.14200000000095
1188.16200000000101
1198.67900000000102
1213.92900000000104
1220.16600000000104
1227.16100000000105
1243.23200000000106
1249.65900000000107
1260.97600000000108
1268.96800000000109
1277.10600000000109
100
-1
21.2749999999999959
28.7329999999999895
35.4939999999999899
41.1249999999999949
69.6410000000000202
74.8010000000000248
80.8860000000000302
90.6580000000000389
103.9900000000000507
110.2510000000000563
115.3780000000000608
126.0600000000000703
133.147000000000077
139.999000000000083
150.674000000000092
157.878000000000099
163.880000000000104
169.659000000000109
176.594000000000115
185.066000000000123
199.599000000000136
212.218000000000147
218.263000000000152
225.647000000000159
241.131000000000173
246.295000000000177
252.871000000000183
262.789000000000192
281.624000000000208
287.167000000000213
309.943000000000234
322.989000000000245
344.300000000000264
350.41700000000027
359.222000000000277
364.755000000000282
373.28800000000029
416.565000000000328
422.511000000000334
430.964000000000341
440.67000000000035
449.696000000000358
457.122000000000364
467.256000000000373
479.965000000000385
494.520000000000398
508.38300000000041
513.962000000000415
525.303000000000425
541.75400000000044
550.466000000000447
558.363000000000454
565.06800000000046
578.171000000000472
583.771000000000477
590.337000000000483
596.065000000000488
604.711000000000495
616.649000000000506
624.806000000000513
636.630000000000524
649.419000000000535
658.589000000000543
670.143000000000554
679.441000000000562
685.849000000000568
815.175000000000682
823.23900000000069
831.919000000000697
845.493000000000709
854.655000000000717
873.014000000000734
883.130000000000743
897.152000000000755
913.89700000000077
923.068000000000778
938.239000000000792
945.242000000000798
962.636000000000813
982.663000000000831
1004.981000000000851
1018.873000000000863
1034.64900000000088
1044.14800000000089
1057.8610000000009
1063.0920000000009
1071.97800000000091
1081.43100000000092
1103.79700000000094
1116.14200000000095
1188.16200000000101
1198.67900000000102
1213.92900000000104
1220.16600000000104
1227.16100000000105
1243.23200000000106
1249.65900000000107
1260.97600000000108
1268.96800000000109
1277.10600000000109
1
0
5000
0
0
0
0
2700
99
0
0
0
0
0
0
1277.10600000000109
0
0
0
0
0
0
