11
15
19
11
15
19
cPPR1.10
FR1_day5
0
4
9
31
50
9
53
57
24
2
.3
1
303
1
101
1
1
1
1
1
1
1
1
1
1
1
1
1
1
1
1
1
1
1
1
1
1
302
-1
39.8879999999999938
40.5699999999999944
43.3379999999999968
45.4999999999999988
46.2749999999999995
48.4450000000000014
50.6740000000000034
51.0870000000000037
52.1640000000000047
52.565000000000005
54.9530000000000072
55.850000000000008
74.1330000000000242
75.6810000000000256
75.7960000000000257
78.1140000000000277
80.1520000000000295
80.5090000000000299
81.1480000000000304
82.4550000000000316
113.8870000000000595
116.0540000000000614
119.1350000000000642
119.8480000000000648
120.019000000000065
120.7350000000000656
122.6260000000000673
123.1650000000000677
125.2430000000000696
126.6910000000000709
128.162000000000072
130.605000000000074
132.483000000000076
133.405000000000077
135.380000000000079
136.63700000000008
136.93600000000008
137.42600000000008
138.794000000000082
139.273000000000082
150.143000000000092
150.913000000000092
153.459000000000095
160.0490000000001
161.885000000000102
175.360000000000114
176.796000000000115
177.626000000000116
180.463000000000119
183.050000000000121
183.460000000000121
187.041000000000124
187.668000000000125
188.227000000000126
189.813000000000127
192.290000000000129
197.486000000000134
198.472000000000135
200.151000000000136
203.794000000000139
204.51700000000014
205.688000000000141
207.349000000000142
208.084000000000143
210.148000000000145
210.722000000000146
211.232000000000146
211.940000000000147
212.762000000000147
213.719000000000148
219.440000000000153
220.148000000000154
225.305000000000158
226.403000000000159
228.397000000000161
231.165000000000164
231.474000000000164
232.672000000000165
232.945000000000165
234.372000000000167
235.816000000000168
238.52200000000017
239.072000000000171
240.151000000000172
240.554000000000172
242.366000000000174
244.420000000000175
244.889000000000176
247.228000000000178
249.45500000000018
256.916000000000187
257.697000000000187
261.32800000000019
262.429000000000191
263.584000000000192
264.129000000000193
268.440000000000197
269.180000000000197
270.382000000000198
273.583000000000201
276.705000000000204
277.375000000000205
277.799000000000205
278.552000000000206
282.603000000000209
285.519000000000212
289.274000000000215
289.823000000000216
290.632000000000216
291.448000000000217
291.718000000000217
297.236000000000222
298.132000000000223
303.750000000000228
304.415000000000229
309.882000000000234
310.981000000000235
317.01000000000024
318.192000000000241
322.896000000000245
323.999000000000246
325.071000000000247
331.183000000000252
331.916000000000253
339.94200000000026
344.623000000000264
352.759000000000272
353.364000000000272
360.051000000000278
360.677000000000279
361.217000000000279
364.907000000000282
367.578000000000285
368.158000000000285
368.790000000000286
374.679000000000291
375.704000000000292
381.371000000000297
381.873000000000298
388.873000000000304
390.183000000000305
391.452000000000306
392.562000000000307
393.412000000000308
394.365000000000309
399.665000000000313
400.941000000000314
404.422000000000318
405.016000000000318
406.427000000000319
407.60300000000032
410.098000000000323
410.700000000000323
411.308000000000324
411.778000000000324
413.103000000000325
414.044000000000326
422.502000000000334
423.364000000000334
428.446000000000339
430.624000000000341
431.481000000000342
437.344000000000347
438.008000000000347
442.869000000000352
443.357000000000352
444.922000000000354
448.586000000000357
448.876000000000357
450.131000000000358
452.58600000000036
452.971000000000361
459.729000000000367
462.654000000000369
463.24100000000037
472.943000000000378
475.15600000000038
480.459000000000385
481.496000000000386
488.430000000000392
490.016000000000394
497.0100000000004
499.112000000000402
503.535000000000406
504.022000000000406
504.586000000000406
505.485000000000407
506.125000000000408
511.613000000000413
513.087000000000414
519.94900000000042
520.587000000000421
526.527000000000426
528.467000000000428
534.890000000000433
535.644000000000434
544.544000000000442
545.308000000000443
550.340000000000447
550.995000000000448
551.902000000000448
560.022000000000456
560.616000000000456
567.427000000000462
568.937000000000464
575.499000000000469
576.42500000000047
584.216000000000477
586.224000000000479
591.952000000000484
592.864000000000485
598.35200000000049
599.582000000000491
607.289000000000498
608.243000000000499
608.719000000000499
615.300000000000505
617.021000000000506
618.350000000000508
622.241000000000511
622.710000000000511
630.216000000000518
631.261000000000519
637.998000000000525
638.478000000000525
647.670000000000534
649.616000000000535
657.689000000000542
660.980000000000545
669.267000000000553
670.045000000000553
674.844000000000558
675.636000000000558
678.673000000000561
683.846000000000566
684.585000000000566
686.665000000000568
693.663000000000574
694.342000000000575
695.265000000000576
702.074000000000582
703.685000000000583
708.650000000000588
709.425000000000588
709.989000000000589
718.197000000000596
719.164000000000597
719.791000000000598
725.401000000000603
725.932000000000603
734.20200000000061
735.419000000000612
742.424000000000618
742.890000000000618
750.750000000000625
752.652000000000627
758.665000000000632
759.434000000000633
768.849000000000641
770.012000000000642
776.825000000000648
778.99000000000065
781.932000000000653
782.899000000000654
783.555000000000654
785.155000000000656
786.396000000000657
790.36400000000066
791.424000000000661
792.583000000000662
793.044000000000663
793.889000000000663
802.111000000000671
803.027000000000672
803.779000000000672
912.265000000000769
1057.6760000000009
1059.8720000000009
1070.11700000000091
1071.86700000000091
1077.97000000000092
1079.28100000000092
1084.44500000000092
1085.07600000000092
1085.86600000000092
1092.43900000000093
1093.09300000000093
1102.92300000000094
1104.08500000000094
1108.48200000000094
1108.81400000000094
1111.93100000000095
1113.06200000000095
1118.00500000000095
1119.58700000000095
1121.07400000000095
1128.48700000000096
1129.06800000000096
1134.45900000000097
1134.67500000000097
1144.26700000000097
1145.92000000000098
100
-1
40.5699999999999944
48.4450000000000014
55.850000000000008
75.6810000000000256
82.4550000000000316
116.0540000000000614
123.1650000000000677
132.483000000000076
139.273000000000082
150.913000000000092
161.885000000000102
176.796000000000115
183.460000000000121
192.290000000000129
200.151000000000136
207.349000000000142
213.719000000000148
220.148000000000154
228.397000000000161
235.816000000000168
244.420000000000175
257.697000000000187
264.129000000000193
273.583000000000201
285.519000000000212
291.718000000000217
298.132000000000223
304.415000000000229
310.981000000000235
318.192000000000241
325.071000000000247
331.916000000000253
344.623000000000264
353.364000000000272
360.677000000000279
368.158000000000285
375.704000000000292
381.873000000000298
390.183000000000305
400.941000000000314
407.60300000000032
414.044000000000326
423.364000000000334
431.481000000000342
438.008000000000347
444.922000000000354
452.58600000000036
462.654000000000369
475.15600000000038
481.496000000000386
490.016000000000394
499.112000000000402
505.485000000000407
513.087000000000414
520.587000000000421
528.467000000000428
535.644000000000434
545.308000000000443
551.902000000000448
560.616000000000456
568.937000000000464
576.42500000000047
586.224000000000479
592.864000000000485
599.582000000000491
608.243000000000499
617.021000000000506
622.710000000000511
631.261000000000519
638.478000000000525
649.616000000000535
660.980000000000545
670.045000000000553
678.673000000000561
686.665000000000568
694.342000000000575
703.685000000000583
709.989000000000589
719.164000000000597
725.932000000000603
735.419000000000612
742.890000000000618
752.652000000000627
759.434000000000633
770.012000000000642
778.99000000000065
786.396000000000657
793.044000000000663
803.027000000000672
1057.6760000000009
1071.86700000000091
1079.28100000000092
1085.86600000000092
1093.09300000000093
1104.08500000000094
1113.06200000000095
1121.07400000000095
1129.06800000000096
1134.67500000000097
1145.92000000000098
2
0
5000
0
0
0
0
2700
99
0
0
0
0
0
0
1145.92000000000098
0
0
0
0
0
0
