11
29
19
11
29
19
cPPR1.10
PR3_day5
0
4
8
40
02
10
41
54
23
3
.3
1
1622
1
33
1
1
1
1
1
1
1
1
1
1
1
1
1
1
1
1
1
1
1
1
1
184
1621
-1
12.37400000000000024
15.34900000000000031
16.396
17.0329999999999994
18.5779999999999981
19.967999999999997
20.6119999999999964
22.1899999999999951
23.7489999999999938
25.826999999999992
46.9780000000000001
47.8870000000000009
53.3230000000000057
54.2110000000000065
54.5830000000000068
55.3940000000000076
55.6350000000000078
62.5660000000000139
64.6370000000000158
69.41000000000002
76.220000000000026
76.6240000000000264
77.342000000000027
78.2870000000000279
82.8330000000000319
83.7030000000000327
125.7970000000000701
131.086000000000075
131.852000000000075
132.142000000000076
132.938000000000076
133.192000000000077
134.015000000000077
134.166000000000078
137.29400000000008
137.841000000000081
139.428000000000082
139.811000000000083
142.952000000000085
143.745000000000086
151.583000000000093
156.179000000000097
159.1880000000001
164.007000000000104
166.426000000000106
166.994000000000107
167.694000000000107
168.239000000000108
168.568000000000108
170.136000000000109
172.539000000000112
172.856000000000112
173.160000000000112
173.777000000000113
174.726000000000114
177.605000000000116
202.548000000000138
206.159000000000141
207.232000000000142
208.282000000000143
209.800000000000145
210.307000000000145
210.539000000000145
212.720000000000147
214.303000000000149
214.997000000000149
216.07900000000015
216.32500000000015
230.415000000000163
231.418000000000164
232.564000000000165
260.85600000000019
262.506000000000191
263.615000000000192
264.606000000000193
264.893000000000194
273.343000000000201
278.685000000000206
279.899000000000207
281.507000000000208
282.197000000000209
282.82700000000021
285.572000000000212
340.592000000000261
342.597000000000263
345.568000000000265
347.030000000000267
347.577000000000267
349.415000000000269
349.842000000000269
354.491000000000273
355.115000000000274
355.426000000000274
356.395000000000275
359.128000000000277
359.594000000000278
360.009000000000278
361.443000000000279
367.733000000000285
375.610000000000292
377.832000000000294
378.827000000000295
379.264000000000295
386.858000000000302
392.195000000000307
393.163000000000308
394.493000000000309
420.468000000000332
424.626000000000335
427.693000000000338
428.512000000000339
429.20700000000034
431.136000000000341
432.853000000000343
433.184000000000343
436.206000000000346
436.852000000000346
437.820000000000347
440.88100000000035
442.630000000000351
443.611000000000352
483.730000000000388
487.737000000000392
500.829000000000403
504.082000000000406
508.22500000000041
510.538000000000412
511.664000000000413
519.43800000000042
523.564000000000423
532.167000000000431
533.093000000000432
535.558000000000434
536.941000000000435
539.342000000000437
540.021000000000438
540.406000000000438
541.015000000000439
549.291000000000446
551.019000000000448
551.403000000000448
554.655000000000451
557.490000000000453
560.755000000000456
568.118000000000463
568.724000000000463
570.378000000000465
571.323000000000466
571.634000000000466
577.893000000000472
580.929000000000474
593.959000000000486
594.743000000000487
596.607000000000488
599.444000000000491
600.099000000000491
605.764000000000496
607.468000000000498
609.4060000000005
610.2000000000005
611.464000000000501
612.072000000000502
616.171000000000506
619.323000000000508
620.215000000000509
621.13900000000051
622.115000000000511
622.563000000000511
622.881000000000512
623.966000000000512
624.830000000000513
625.108000000000514
628.481000000000516
629.076000000000517
629.603000000000518
631.95300000000052
634.437000000000522
634.970000000000522
637.869000000000525
638.824000000000526
644.18400000000053
645.740000000000532
656.877000000000542
660.049000000000545
660.725000000000545
661.955000000000546
664.078000000000548
665.83300000000055
668.277000000000552
668.770000000000552
669.603000000000553
670.506000000000554
671.052000000000554
683.533000000000565
691.174000000000572
692.528000000000573
695.782000000000576
696.751000000000577
697.737000000000578
698.382000000000579
699.84000000000058
700.30200000000058
701.069000000000581
703.380000000000583
703.935000000000584
704.886000000000584
706.030000000000585
707.678000000000587
719.765000000000598
726.162000000000603
729.011000000000606
731.288000000000608
736.541000000000612
737.415000000000613
738.051000000000614
741.940000000000617
755.66500000000063
758.479000000000632
759.576000000000633
761.130000000000634
801.69300000000067
803.514000000000672
812.80900000000068
814.294000000000682
816.015000000000683
834.321000000000699
835.674000000000701
838.005000000000703
839.400000000000704
849.315000000000713
850.735000000000714
862.546000000000724
866.930000000000728
885.960000000000745
886.840000000000746
889.996000000000749
892.967000000000751
895.369000000000754
901.006000000000759
905.271000000000762
909.272000000000766
913.85500000000077
915.894000000000772
917.717000000000773
925.20700000000078
926.631000000000781
932.780000000000787
933.737000000000788
936.02600000000079
939.723000000000793
942.580000000000796
944.482000000000797
948.520000000000801
960.337000000000811
987.919000000000836
989.904000000000838
994.030000000000841
996.223000000000843
997.051000000000844
1004.06600000000085
1004.664000000000851
1010.213000000000856
1011.016000000000856
1011.979000000000857
1016.849000000000861
1017.973000000000862
1019.604000000000864
1021.062000000000865
1023.993000000000868
1025.64800000000087
1026.50000000000087
1027.49400000000087
1030.60500000000087
1031.21300000000087
1031.76700000000087
1038.28100000000088
1040.68300000000088
1043.71700000000089
1046.13500000000089
1046.78600000000089
1047.83700000000089
1077.27100000000092
1081.60100000000092
1085.12400000000092
1086.19000000000092
1087.08500000000092
1094.66700000000093
1097.82700000000093
1106.10800000000094
1110.04400000000094
1113.28100000000095
1113.82600000000095
1119.73100000000095
1136.25900000000097
1142.18200000000097
1149.28200000000098
1156.30300000000099
1157.28700000000099
1158.86700000000099
1159.45100000000099
1160.96300000000099
1161.36300000000099
1163.26000000000099
1164.31100000000099
1165.99900000000099
1167.274000000001
1168.317000000001
1171.549000000001
1173.122000000001
1177.191000000001
1178.033000000001
1180.62200000000101
1182.12500000000101
1183.58600000000101
1184.46200000000101
1186.84800000000101
1188.28400000000101
1190.30900000000102
1190.76400000000102
1191.79900000000102
1195.56500000000102
1197.06700000000102
1198.72300000000102
1200.12300000000102
1201.26900000000103
1207.31500000000103
1209.38800000000103
1210.39800000000103
1214.37400000000104
1219.72000000000104
1221.31700000000104
1221.79800000000104
1223.17500000000104
1223.65200000000105
1224.11500000000105
1225.33000000000105
1241.92400000000106
1255.64600000000107
1257.70700000000108
1260.80500000000108
1314.53500000000113
1315.77300000000113
1320.41300000000113
1324.60300000000113
1327.43800000000114
1330.10800000000114
1331.90100000000114
1333.80300000000114
1334.78700000000114
1335.95300000000114
1338.93400000000115
1341.83500000000115
1342.29900000000115
1343.52500000000115
1346.21200000000115
1346.75000000000115
1349.09800000000116
1350.38200000000116
1351.42800000000116
1354.84700000000116
1357.28800000000116
1358.44900000000116
1360.50000000000117
1361.26400000000117
1362.01100000000117
1365.93500000000117
1367.38000000000117
1372.73400000000118
1374.00200000000118
1377.34300000000118
1378.34000000000118
1379.40700000000118
1381.95700000000119
1383.88400000000119
1387.64300000000119
1388.64200000000119
1390.75400000000119
1398.0610000000012
1424.46700000000122
1426.19200000000122
1428.22300000000123
1434.19300000000123
1447.23400000000124
1449.26300000000125
1450.11600000000125
1450.72800000000125
1454.04100000000125
1455.96300000000125
1456.64000000000125
1458.83500000000125
1459.90600000000125
1461.39200000000126
1462.63300000000126
1463.90800000000126
1464.57400000000126
1469.41300000000126
1471.48800000000127
1476.38900000000127
1478.55700000000127
1480.21900000000127
1481.95000000000127
1482.68900000000128
1486.06000000000128
1486.58800000000128
1487.28600000000128
1492.62300000000128
1493.98900000000129
1494.84700000000129
1496.85900000000129
1499.02600000000129
1499.65100000000129
1500.32500000000129
1502.64900000000129
1504.45700000000129
1510.0650000000013
1511.7400000000013
1530.12000000000132
1537.97100000000132
1539.29800000000133
1555.93000000000134
1558.74800000000134
1559.74400000000134
1562.85600000000135
1565.99800000000135
1569.96000000000135
1578.99700000000136
1579.93900000000136
1585.99200000000137
1587.55500000000137
1604.88800000000138
1606.43000000000138
1623.8830000000014
1624.6890000000014
1625.3920000000014
1628.2860000000014
1628.9190000000014
1632.31900000000141
1633.70700000000141
1636.46700000000141
1642.88200000000142
1643.73800000000142
1646.31400000000142
1647.59200000000142
1651.13900000000142
1652.88700000000143
1654.90800000000143
1667.94300000000144
1688.46300000000146
1691.86500000000146
1695.63400000000146
1709.26600000000148
1711.21100000000148
1712.39300000000148
1713.16000000000148
1714.40500000000148
1715.44800000000148
1716.07400000000148
1716.50800000000148
1716.93300000000148
1718.74700000000148
1719.48100000000149
1729.77200000000149
1730.9830000000015
1733.0500000000015
1733.5840000000015
1733.9900000000015
1734.5650000000015
1735.3590000000015
1736.1310000000015
1758.52700000000152
1765.30900000000153
1767.48800000000153
1768.60200000000153
1771.00900000000153
1773.87400000000153
1775.36100000000154
1776.01400000000154
1777.36000000000154
1778.25500000000154
1783.49600000000154
1797.61500000000155
1805.19300000000156
1808.20600000000156
1821.00900000000158
1822.42500000000158
1838.35100000000159
1839.84500000000159
1844.4760000000016
1845.3190000000016
1847.0310000000016
1847.6610000000016
1848.3610000000016
1851.0970000000016
1852.9020000000016
1858.48700000000161
1859.21900000000161
1859.83700000000161
1866.60300000000162
1867.60400000000162
1869.88800000000162
1871.09700000000162
1872.05500000000162
1873.95900000000162
1876.74400000000163
1878.63100000000163
1880.30500000000163
1881.74000000000163
1891.00200000000164
1892.61200000000164
1894.64900000000164
1896.03800000000164
1900.02400000000165
1901.33800000000165
1906.73700000000165
1916.10100000000166
1921.27000000000166
1929.47800000000167
1930.75500000000167
1933.83600000000168
1936.29100000000168
1939.76200000000168
1942.66300000000168
1943.85900000000168
1945.95600000000169
1946.83300000000169
1947.33200000000169
1950.85900000000169
1951.49000000000169
1953.49200000000169
1956.7750000000017
1957.5000000000017
1980.06900000000172
1982.75100000000172
1990.43600000000173
1997.74400000000173
2006.04600000000174
2012.37800000000175
2023.82000000000176
2040.31900000000177
2044.54800000000177
2054.76400000000103
2056.53100000000084
2061.16800000000033
2061.62000000000028
2062.3460000000002
2065.35099999999987
2066.98799999999969
2072.21599999999911
2074.1279999999989
2074.66099999999884
2081.00199999999814
2081.75999999999806
2087.27899999999745
2096.46399999999644
2097.97799999999627
2104.93099999999551
2112.90999999999463
2123.31599999999348
2127.43599999999303
2128.33999999999293
2145.22999999999107
2146.85799999999089
2153.54899999999015
2155.62199999998992
2156.38299999998984
2156.89999999998978
2160.21799999998942
2164.47499999998895
2165.43699999998884
2167.05699999998867
2167.6109999999886
2169.53699999998839
2170.82199999998825
2171.42099999998818
2172.03599999998812
2175.66299999998772
2176.34299999998764
2177.22399999998755
2187.6439999999864
2188.46499999998631
2191.13999999998601
2193.58899999998574
2196.25899999998545
2197.18899999998535
2198.01899999998526
2199.09399999998514
2199.66399999998507
2200.78299999998495
2202.94799999998471
2206.03599999998437
2213.57799999998354
2216.23799999998325
2217.83299999998307
2226.6889999999821
2228.79599999998187
2229.97099999998174
2248.4499999999797
2276.71399999997659
2282.46499999997595
2286.71399999997549
2288.02999999997534
2292.0049999999749
2292.79999999997482
2294.60599999997462
2296.26599999997443
2297.17199999997434
2298.09499999997423
2300.02099999997402
2301.75999999997383
2302.39799999997376
2313.93499999997249
2316.71899999997218
2320.39699999997178
2323.7929999999714
2329.11299999997082
2329.91599999997073
2351.53599999996835
2353.55699999996812
2354.97099999996797
2355.74599999996788
2358.91599999996753
2360.21799999996739
2362.44299999996715
2363.12999999996707
2363.57599999996702
2364.78599999996689
2368.83099999996644
2374.41999999996583
2375.48399999996571
2376.26299999996562
2377.73099999996546
2378.76299999996535
2379.85699999996523
2380.91199999996511
2384.51799999996472
2385.32699999996463
2386.52099999996449
2391.74099999996392
2439.1479999999587
2441.42099999995845
2442.30899999995835
2446.79299999995786
2450.59599999995744
2460.25599999995637
2461.27799999995626
2465.55899999995579
2471.18699999995517
2480.07999999995419
2481.57099999995403
2483.43199999995382
2486.41099999995349
2488.38499999995328
2490.06099999995309
2559.61799999994543
2560.58899999994532
2561.76899999994519
2562.66699999994509
2574.75999999994376
2575.74099999994366
2577.1719999999435
2595.71699999994145
2597.24399999994129
2599.68899999994102
2601.61599999994081
2602.64499999994069
2606.50699999994027
2612.5279999999396
2620.31999999993875
2624.20599999993832
2626.1669999999381
2629.36399999993775
2631.04199999993756
2633.90399999993725
2634.81099999993715
2635.42499999993708
2637.20099999993689
2642.70199999993628
2644.00699999993614
2652.5169999999352
2653.97899999993504
2674.3389999999328
2688.20099999993127
2690.06199999993106
2694.72199999993055
2696.36999999993037
2698.13399999993018
2698.86699999993009
2700.03599999992997
2700.98699999992986
2703.63599999992957
2707.41999999992915
2712.21499999992862
2739.17299999992566
2742.35399999992531
2743.61799999992517
2758.00599999992358
2763.58099999992297
2765.88199999992271
2767.20299999992257
2768.40999999992244
2771.19599999992213
2781.66499999992098
2784.57299999992066
2785.43699999992056
2791.65299999991988
2793.50699999991967
2799.71699999991899
2809.45399999991792
2815.63899999991723
2837.50899999991483
2839.98399999991455
2844.42799999991406
2846.14799999991387
2854.9949999999129
2862.46999999991208
2864.40299999991186
2880.88999999991005
2883.53299999990976
2885.29199999990956
2887.29999999990934
2889.61499999990909
2906.88099999990719
2915.97199999990618
2920.23199999990571
2921.2579999999056
2921.96299999990552
2923.24099999990538
2923.72599999990533
2925.73699999990511
2926.41399999990503
2927.16499999990495
2928.16899999990484
2928.75499999990478
2929.22899999990472
2930.60599999990457
2931.17299999990451
2932.59499999990435
2937.20499999990385
2959.21599999990142
2962.41799999990107
2966.6349999999006
2967.6199999999005
2970.42399999990019
2971.2579999999001
2972.60399999989995
2976.25299999989954
2978.35799999989931
2988.63399999989818
2989.98299999989803
2990.69999999989795
3004.66999999989642
3006.85799999989617
3009.58199999989587
3011.93399999989562
3019.26399999989481
3025.6889999998941
3026.51999999989401
3027.71799999989388
3028.4449999998938
3028.94899999989374
3031.28499999989348
3032.54999999989334
3033.12299999989328
3033.72399999989322
3039.81299999989254
3040.79799999989244
3041.17799999989239
3041.54699999989235
3043.77099999989211
3044.27999999989205
3046.39499999989182
3047.61099999989169
3049.40299999989149
3053.78199999989101
3055.36399999989083
3056.24899999989073
3056.5989999998907
3057.73699999989057
3058.77199999989046
3059.79799999989034
3065.00599999988977
3081.92699999988791
3084.36199999988764
3085.21699999988754
3087.34299999988731
3088.39999999988719
3089.50199999988707
3092.19799999988678
3108.05199999988503
3108.83299999988494
3116.58899999988409
3118.07099999988393
3158.2409999998795
3160.25799999987928
3161.77799999987911
3163.07799999987897
3164.38599999987882
3167.20099999987852
3168.33199999987839
3169.55099999987826
3172.7879999998779
3173.52599999987782
3178.59599999987726
3179.54399999987716
3180.21499999987708
3180.83699999987701
3182.20799999987686
3184.13299999987665
3185.02699999987655
3185.73699999987647
3190.13199999987599
3191.19899999987587
3193.05299999987567
3195.85199999987536
3197.99699999987512
3200.9479999998748
3201.76699999987471
3210.38499999987376
3220.53599999987264
3221.55099999987253
3222.6939999998724
3224.5779999998722
3225.85699999987206
3227.46699999987188
3235.20799999987103
3243.23799999987014
3244.34199999987002
3249.40699999986946
3250.42099999986935
3252.34899999986914
3253.00199999986907
3255.14099999986883
3256.2989999998687
3257.41799999986858
3258.63199999986845
3265.18499999986772
3270.27099999986716
3271.24399999986706
3272.01099999986697
3274.60399999986669
3275.08599999986663
3276.82399999986644
3279.55399999986614
3280.07399999986608
3280.66599999986602
3292.79599999986468
3300.92399999986379
3310.41099999986274
3312.32699999986253
3318.90099999986181
3321.47899999986152
3325.24299999986111
3326.240999999861
3331.87799999986038
3338.25899999985968
3338.9839999998596
3339.47799999985954
3341.6519999998593
3345.25299999985891
3371.74299999985599
3396.1189999998533
3397.45099999985316
3398.54399999985304
3406.25299999985219
3408.48799999985194
3409.90699999985178
3412.31899999985152
3413.05999999985144
3414.80999999985124
3415.56199999985116
3416.79799999985103
3417.36099999985096
3419.81999999985069
3425.1879999998501
3426.62799999984994
3427.64699999984983
3428.64499999984972
3429.50299999984963
3429.98499999984957
3430.87699999984948
3431.5569999998494
3434.91499999984903
3435.45599999984897
3442.04799999984824
3443.31399999984811
3450.22199999984734
3454.2789999998469
3455.90399999984672
3458.25799999984646
3461.30299999984612
3465.00099999984572
3466.33699999984557
3467.76499999984541
3469.6929999998452
3470.20599999984514
3472.3769999998449
3474.84399999984463
3498.50299999984203
3499.86499999984188
3501.02199999984175
3503.76599999984145
3504.40599999984138
3505.1269999998413
3506.10999999984119
3506.64699999984113
3509.46599999984082
3519.06799999983976
3522.3499999998394
3523.70099999983925
3526.54499999983894
3530.22399999983853
3534.98699999983801
3535.59899999983794
3536.83999999983781
3542.2949999998372
3547.65399999983661
3549.03499999983646
3550.84899999983626
3551.49799999983619
3552.17299999983612
3553.03599999983602
3555.0709999998358
3556.8959999998356
3558.59399999983541
3559.52099999983531
3561.48299999983509
3562.14199999983502
3562.84299999983494
3573.26499999983379
3574.33699999983368
3597.17899999983116
3598.84999999983098
3619.46399999982871
3626.08199999982798
3626.66799999982791
3627.12499999982786
3627.56099999982781
3628.34299999982773
3630.26599999982752
3631.25099999982741
3631.85699999982734
3634.14999999982709
3644.81199999982591
3646.85499999982569
3647.92999999982557
3654.24599999982487
3655.03999999982479
3660.27999999982421
3661.03899999982413
3682.89999999982172
3684.11199999982159
3687.52399999982121
3688.66199999982108
3693.70899999982053
3694.9019999998204
3696.7089999998202
3699.28299999981991
3699.93499999981984
3701.39599999981968
3702.0989999998196
3702.92399999981951
3708.16699999981894
3710.12299999981872
3710.86199999981864
3715.12699999981817
3718.01299999981785
3718.59399999981779
3729.23399999981662
3731.50399999981637
3731.96499999981632
3732.77999999981623
3733.49599999981615
3734.25599999981606
3735.03999999981598
3735.94199999981588
3740.36099999981539
3740.87299999981533
3777.05299999981135
3805.95599999980817
3807.93099999980795
3817.57599999980689
3819.32799999980669
3821.53799999980645
3822.61099999980633
3825.36799999980603
3831.17499999980539
3836.4769999998048
3837.51399999980469
3839.47399999980448
3840.00699999980442
3844.30299999980394
3845.6199999998038
3852.31599999980306
3858.18599999980241
3861.78899999980202
3862.69799999980192
3863.99499999980177
3864.7069999998017
3867.98199999980134
3870.1449999998011
3883.50299999979963
3884.83699999979948
3886.26999999979932
3887.87999999979914
3890.92499999979881
3894.03599999979847
3896.21599999979823
3896.65699999979818
3914.10899999979626
3954.10799999979185
3961.09099999979108
3962.79899999979089
3964.67499999979069
3968.93499999979022
3970.30299999979007
3973.34199999978973
3974.41999999978961
3977.97599999978922
3979.53599999978905
3980.50599999978894
3982.60599999978871
3983.51999999978861
3993.65099999978749
3995.09399999978734
4013.38399999978532
4014.91299999978515
4018.90599999978471
4020.25099999978456
4025.49399999978399
4027.76799999978374
4031.7249999997833
4033.07899999978315
4033.99999999978305
4036.63699999978276
4041.28799999978225
4042.54799999978211
4044.96199999978184
4047.78699999978153
4049.75199999978132
4050.70699999978121
4051.91099999978108
4053.61899999978089
4059.21399999978027
4060.66699999978011
4061.94999999977997
4075.14899999977852
4076.86699999977833
4081.78899999977779
4087.69399999977714
4103.56599999977539
4105.63699999977516
4108.34099999977486
4109.64399999977472
4111.91799999977447
4113.08999999977434
4113.76199999977427
4114.3869999997742
4115.36299999977409
4115.76199999977405
4119.8189999997736
4120.63899999977351
4122.5069999997733
4123.08499999977324
4124.82199999977305
4127.80499999977272
4130.44099999977243
4138.8959999997715
4143.23799999977102
4144.55899999977087
4145.2799999997708
4148.59299999977043
4159.04599999976928
4159.65199999976921
4161.22599999976904
4163.4079999997688
4165.74899999976854
4167.0109999997684
4168.51499999976824
4171.51399999976791
4183.08099999976663
4184.52599999976647
4186.66299999976624
4189.20299999976596
4190.54299999976581
4191.08199999976575
4192.21899999976563
4193.30299999976551
4193.43599999976549
4216.81299999976292
4217.65499999976282
4254.36599999975878
4257.45699999975844
4263.98199999975772
4265.79099999975752
4266.52699999975744
4267.47499999975734
4268.44699999975723
4269.01199999975717
4276.9089999997563
4284.69399999975544
4290.33099999975482
4292.13699999975462
4295.9519999997542
4297.91599999975398
4301.11599999975363
4301.57699999975358
4302.07699999975353
4308.91399999975277
4309.94499999975266
4311.88699999975245
4313.12799999975231
4315.44099999975205
4320.21299999975153
4346.94099999974859
4348.29899999974844
4350.86799999974815
4351.67599999974806
4352.98499999974792
4356.21399999974756
4358.83199999974728
4360.4169999997471
4361.89299999974694
4391.57199999974367
4395.12499999974328
4407.39799999974193
4408.5909999997418
4409.73899999974167
4410.24399999974161
4415.10099999974108
4417.12699999974086
4437.79099999973858
4439.4219999997384
4440.09899999973833
4444.50799999973784
4449.84899999973725
4451.49099999973707
4453.42699999973686
4454.74899999973671
4457.97399999973636
4458.38099999973631
4459.25699999973622
4463.41999999973576
4464.45999999973564
4465.11799999973557
4466.00099999973547
4466.98099999973536
4473.99599999973459
4475.50699999973443
4477.6039999997342
4483.34399999973356
4485.48899999973333
4499.80099999973175
4518.31999999972971
4527.74299999972867
4534.22499999972796
4553.44299999972584
4556.17499999972554
4559.43299999972518
4562.32099999972486
4564.08099999972467
4565.84099999972448
4567.30199999972432
4567.78199999972426
4570.59599999972395
4571.30899999972388
4576.10399999972335
4586.63799999972219
4587.70099999972207
4588.347999999722
4590.27099999972179
4616.80599999971886
4617.65099999971877
4620.1369999997185
4621.33999999971836
4623.22699999971816
4627.45499999971769
4634.25399999971694
4634.88799999971687
4637.44299999971659
4643.32599999971594
4647.23899999971551
4649.07099999971531
4677.68899999971216
4678.41699999971208
4679.87799999971192
4680.9469999997118
4681.47599999971174
4682.53099999971163
4682.95799999971158
4688.04599999971102
4688.56899999971096
4689.60299999971085
4690.66799999971073
4691.77499999971061
4692.7479999997105
4703.6149999997093
4712.00599999970838
4714.06099999970815
4715.477999999708
4717.34099999970779
4717.94099999970773
4718.96899999970761
4720.16099999970748
4722.29899999970725
4727.94399999970662
4729.22399999970648
4733.33699999970603
4734.58199999970589
4735.4699999997058
4736.76999999970565
4741.27199999970516
4743.14699999970495
4745.74499999970466
4746.78499999970455
4750.12499999970418
4757.47099999970337
4766.66199999970236
4768.30699999970218
4770.74599999970191
4772.79299999970168
4773.94899999970156
4775.77699999970136
4776.59199999970127
4779.46499999970095
4780.35199999970085
4782.48799999970062
4783.21199999970054
4785.51299999970028
4788.21899999969999
4810.05599999969758
4811.95799999969737
4813.64999999969718
4815.60699999969697
4826.2139999996958
4828.82099999969551
4831.07699999969527
4836.1709999996947
4837.70299999969454
4839.53699999969433
4851.33599999969303
4854.57799999969268
4857.9619999996923
4859.38899999969215
4871.80199999969078
4875.54299999969037
4887.999999999689
4890.18099999968876
4907.8999999996868
4909.02599999968668
4912.14599999968634
4914.01899999968613
4918.24399999968567
4920.24599999968544
4921.39399999968532
4923.66699999968507
4945.00899999968272
4979.53099999967892
4986.0539999996782
4988.62599999967791
4989.21399999967785
4993.05599999967743
4993.67899999967736
5001.14199999967654
5004.01899999967622
5011.77599999967536
5013.05799999967522
5053.70199999967075
5087.51099999966702
5093.83899999966633
5095.30699999966616
5101.76099999966545
5103.81599999966523
5116.98699999966378
5120.67999999966337
5121.68399999966326
5127.51799999966262
5129.31099999966242
5130.74399999966226
5131.67099999966216
5135.99599999966168
5137.15899999966156
5139.65099999966128
5140.62899999966117
5156.66199999965941
5158.23499999965923
5161.61699999965886
5163.84999999965862
5164.59999999965853
5165.59699999965842
5167.5859999996582
5168.19099999965814
5169.16199999965803
5176.06699999965727
5178.99299999965695
5180.55499999965678
5181.93799999965662
5189.96499999965574
5191.34499999965559
5193.80299999965532
5194.97699999965519
5196.32399999965504
5198.5109999996548
5207.5779999996538
5209.21299999965362
5213.34099999965317
5215.87999999965289
5216.33699999965284
5220.19599999965241
5222.22199999965219
5226.84599999965168
5242.45099999964996
5243.51399999964984
5244.36099999964975
5245.39499999964964
5246.09899999964956
5248.71199999964927
5254.50799999964863
5255.61499999964851
5256.82099999964838
5295.50099999964412
5297.20699999964393
5300.1839999996436
5301.85499999964342
5303.14699999964327
5365.27899999963643
5366.75399999963627
5367.80099999963615
5370.04699999963591
5373.79899999963549
5381.8949999996346
5387.05699999963403
5387.97599999963393
5390.74499999963363
5393.41499999963333
5394.46099999963322
5395.17499999963314
5395.90199999963306
5401.34899999963246
5402.36199999963235
5403.16199999963226
5404.15799999963215
5408.53499999963167
5408.91099999963163
5425.21699999962983
5426.4199999996297
5427.11099999962962
5429.82599999962932
5434.37199999962882
5434.92499999962876
5456.59899999962637
5458.71199999962614
5462.80099999962569
5463.47699999962562
5464.25299999962553
5498.62999999962175
5525.20199999961882
5526.77199999961865
5530.49999999961824
5538.48299999961736
5540.74799999961711
5566.88599999961423
5567.77099999961413
5571.38999999961373
5572.97099999961356
5573.79499999961347
5574.59199999961338
5576.41399999961318
5577.97899999961301
5580.53899999961272
5593.32099999961132
5594.64499999961117
5597.71599999961083
5598.56799999961074
5600.68499999961051
5603.17899999961023
5604.23999999961011
5604.3649999996101
5605.71799999960995
5611.39699999960933
5623.76699999960796
5631.6439999996071
5632.85799999960696
5634.05299999960683
5635.79899999960664
5637.39899999960646
5639.07099999960628
5648.8359999996052
5670.32399999960284
5671.12499999960275
5672.72399999960257
5675.46599999960227
5677.46699999960205
5678.7859999996019
5680.42199999960172
5684.35799999960129
5687.40699999960095
5688.26399999960086
5698.60899999959972
5699.6579999995996
5702.96799999959924
5709.20699999959855
5710.72199999959839
5712.62199999959818
5713.45699999959809
5714.90099999959793
5716.89299999959771
5717.99199999959759
5724.17299999959691
5726.18699999959668
5732.80999999959595
5742.95699999959484
5756.04899999959339
5761.51999999959279
5762.17499999959272
5766.67899999959222
5767.58599999959212
5775.0909999995913
5781.62699999959058
5783.05599999959042
5799.38899999958862
5801.60099999958838
5806.8929999995878
5809.67499999958749
5822.56999999958607
5862.36999999958168
5896.66399999957791
5930.76999999957415
5956.41099999957133
5975.25999999956925
5979.79899999956875
5980.83499999956864
5983.09699999956839
6000.39799999956648
6003.10399999956619
6019.60699999956437
6022.970999999564
6024.09499999956387
6028.81799999956335
6050.29399999956099
6125.37099999955272
6133.63499999955181
6146.04799999955044
6147.68199999955026
6149.1939999995501
6150.45199999954996
6184.27499999954623
6198.79799999954463
6200.25199999954447
6222.64899999954201
6226.74599999954156
6228.41899999954137
6232.04499999954097
6235.14399999954063
6240.86299999954
6245.50299999953949
6246.59199999953937
6247.38999999953928
6267.68199999953705
6267.87099999953703
6269.52899999953684
6270.32599999953676
6275.74299999953616
6285.44399999953509
6295.50999999953398
6296.18799999953391
6297.06899999953381
6297.88199999953372
6301.55099999953332
6304.378999999533
6351.16599999952785
6352.74699999952768
6377.68699999952493
6379.50699999952473
6381.06699999952456
6385.09099999952412
6390.92999999952347
6393.01299999952324
6393.85199999952315
6398.21899999952267
6401.16099999952235
6422.94599999951995
6424.37099999951979
6427.06399999951949
6435.45799999951857
6440.37899999951803
6447.55799999951724
6453.18099999951662
6454.09899999951652
6455.24399999951639
6460.65999999951579
6461.79099999951567
6475.93499999951411
6477.8709999995139
6478.92999999951378
6479.60699999951371
6488.7409999995127
6491.77499999951237
6492.75699999951226
6501.19899999951133
6501.81599999951126
6506.67899999951072
6507.32299999951065
6511.4479999995102
6512.73099999951006
6514.92399999950982
6518.53899999950942
6522.46699999950899
6522.99099999950893
6523.97399999950882
6524.78199999950873
6586.28299999950196
6592.80399999950124
6596.22399999950086
6598.49699999950061
6602.60199999950016
6605.80899999949981
6630.61699999949707
6632.58099999949686
6634.87499999949661
6682.41199999949137
6697.23799999948974
6698.26599999948962
6699.07199999948954
6700.77999999948935
6702.34999999948917
6704.14499999948898
6704.90799999948889
6753.18799999948358
6771.94299999948151
6772.65599999948143
6789.02599999947963
6790.45499999947947
6792.0349999994793
6795.20199999947895
6795.89499999947887
6796.70199999947878
6797.62099999947868
6798.46499999947859
6799.14199999947851
6799.89499999947843
6801.14899999947829
6802.30799999947817
6809.39599999947738
6810.00599999947732
6813.20999999947696
6826.43499999947551
6827.00599999947545
6834.23999999947465
6834.92299999947457
6836.42899999947441
6838.48699999947418
6840.099999999474
6841.12599999947389
6842.54499999947373
6846.12299999947334
6846.98299999947325
6847.86799999947315
6854.13199999947246
6856.5229999994722
6857.58599999947208
6858.18699999947201
6858.79399999947194
6895.5579999994679
6898.77199999946754
6903.54299999946702
6905.23499999946683
6906.68799999946667
6909.90599999946632
6913.35799999946594
6921.871999999465
6922.7099999994649
6923.6739999994648
6925.5109999994646
6926.61199999946448
6935.90799999946345
6951.69899999946171
6980.36899999945856
6995.74099999945686
6996.66199999945676
6998.22199999945659
7001.43599999945624
7002.53899999945611
7006.83999999945564
7007.88399999945552
7010.23999999945526
7012.51299999945502
7017.56799999945446
7020.93799999945409
7024.62999999945368
7027.28299999945339
7028.63499999945324
7045.84499999945134
7046.92499999945122
7049.07899999945099
7050.25499999945086
7051.10799999945076
7068.9549999994488
7070.92299999944858
7071.6699999994485
7074.47699999944819
7075.44199999944808
7077.26099999944788
7082.70799999944728
7132.39499999944181
7136.34799999944138
7139.81599999944099
7141.76099999944078
7145.64299999944035
7146.07199999944031
7148.07199999944008
7161.45499999943861
7170.94599999943757
7172.4169999994374
7173.11399999943733
7174.93299999943713
7175.81899999943703
7179.58099999943662
7193.3689999994351
7194.37499999943499
7195.35699999943488
7199.77299999943439
32
-1
12.37500000000000024
22.1909999999999951
55.6360000000000078
125.7980000000000701
143.746000000000086
177.606000000000116
264.607000000000193
361.444000000000279
487.738000000000392
580.930000000000474
645.741000000000532
741.941000000000617
948.521000000000801
1119.73200000000095
1225.33100000000105
1434.19400000000123
1606.43100000000138
1808.20700000000156
2023.82100000000176
2229.97199999998174
2562.66799999994509
2889.61599999990909
3092.19899999988678
3341.6529999998593
3598.85099999983098
3896.65799999979818
4193.30399999976551
4590.27199999972179
4923.66799999968507
5408.91199999963163
6003.10499999956618
6753.18899999948358
0
0
5000
0
0
0
0
7200
0
0
0
0
0
33
0
7200.00099999943437
446.912000000000355
1800
0
97
0
1
4
7
10
13
16
19
22
25
28
31
34
37
40
43
46
49
52
55
58
61
64
67
70
73
76
79
82
85
88
91
94
97
100
103
106
109
112
115
118
121
124
127
130
133
136
139
142
145
148
151
154
157
160
163
166
169
172
175
178
181
184
187
190
193
196
199
202
205
208
211
214
217
220
223
226
229
232
235
238
241
244
247
250
253
256
259
262
265
268
271
274
277
280
283
286
289
292
295
298
301
304
307
310
313
316
319
322
325
328
331
334
337
340
343
346
349
352
355
358
361
364
367
370
373
376
379
382
385
388
391
394
397
400
403
406
409
412
415
418
421
424
427
430
433
436
439
442
445
448
451
454
457
460
463
466
469
472
475
478
481
484
487
490
493
496
499
502
505
508
511
514
517
520
523
526
529
532
535
538
541
544
547
550
