12
10
19
12
10
19
cPPR1.12
PR3_day2.2
0
2
9
08
46
9
56
20
23
3
.3
1
235
1
13
1
1
1
1
1
1
1
1
1
1
1
1
1
1
1
1
1
1
1
1
1
184
234
-1
14.27000000000000028
20.1729999999999968
22.3479999999999949
46.2259999999999994
47.7180000000000007
69.3170000000000199
82.2390000000000314
82.7420000000000318
97.4010000000000449
99.1440000000000464
99.7320000000000469
106.9270000000000533
131.050000000000075
132.041000000000076
132.635000000000076
134.284000000000078
134.870000000000078
135.611000000000079
136.189000000000079
137.880000000000081
138.185000000000081
144.935000000000087
145.537000000000088
151.716000000000093
152.421000000000094
153.196000000000094
156.571000000000097
158.473000000000099
159.0910000000001
159.5970000000001
159.7870000000001
160.218000000000101
162.044000000000102
166.636000000000106
167.291000000000107
169.307000000000109
170.071000000000109
177.144000000000116
178.607000000000117
178.701000000000117
211.472000000000146
212.502000000000147
214.366000000000149
214.501000000000149
214.870000000000149
216.958000000000151
219.202000000000153
237.239000000000169
237.684000000000169
238.84800000000017
239.904000000000171
240.166000000000172
240.908000000000172
248.002000000000179
251.661000000000182
253.486000000000183
260.106000000000189
290.699000000000217
292.001000000000218
293.276000000000219
296.142000000000221
303.686000000000228
351.19100000000027
351.692000000000271
352.110000000000271
353.470000000000272
354.351000000000273
355.379000000000274
357.072000000000275
357.851000000000276
358.251000000000277
359.305000000000277
386.465000000000302
388.391000000000303
389.482000000000304
390.670000000000305
391.499000000000306
392.459000000000307
394.305000000000309
395.024000000000309
396.04400000000031
397.163000000000311
399.280000000000313
399.526000000000313
399.843000000000313
400.605000000000314
403.337000000000317
404.853000000000318
405.680000000000319
405.801000000000319
406.66400000000032
419.519000000000331
420.502000000000332
421.086000000000332
473.199000000000379
476.733000000000382
477.372000000000382
477.967000000000383
478.767000000000384
480.952000000000386
485.87800000000039
487.038000000000391
487.848000000000392
489.118000000000393
489.891000000000393
491.009000000000394
491.773000000000395
492.594000000000396
493.248000000000396
493.893000000000397
501.210000000000404
502.434000000000405
503.557000000000406
504.505000000000406
505.986000000000408
507.401000000000409
509.534000000000411
511.054000000000412
511.521000000000413
597.821000000000489
599.555000000000491
600.098000000000491
600.966000000000492
601.912000000000493
602.697000000000494
603.401000000000494
603.808000000000495
604.364000000000495
605.177000000000496
606.193000000000497
607.483000000000498
607.919000000000498
608.948000000000499
611.046000000000501
611.346000000000501
611.685000000000502
612.224000000000502
613.476000000000503
613.872000000000504
614.762000000000504
615.271000000000505
616.392000000000506
617.056000000000506
618.606000000000508
619.285000000000508
620.224000000000509
621.06900000000051
646.519000000000533
647.157000000000533
648.941000000000535
650.164000000000536
652.783000000000538
654.55400000000054
656.048000000000541
657.000000000000542
663.366000000000548
665.436000000000549
668.772000000000552
669.830000000000553
670.498000000000554
672.119000000000555
674.053000000000557
674.529000000000557
675.964000000000559
676.232000000000559
676.602000000000559
677.02100000000056
745.673000000000621
747.646000000000622
748.664000000000623
751.111000000000625
751.467000000000626
752.027000000000626
752.865000000000627
754.116000000000628
754.921000000000629
755.518000000000629
756.38200000000063
756.68300000000063
796.431000000000666
796.970000000000666
798.345000000000667
799.535000000000668
800.424000000000669
800.87700000000067
804.109000000000672
804.786000000000673
806.849000000000675
808.454000000000676
814.266000000000682
893.066000000000752
896.049000000000754
897.863000000000756
902.17700000000076
903.554000000000761
906.304000000000763
908.904000000000766
914.36900000000077
915.181000000000771
917.509000000000773
918.400000000000774
921.558000000000777
922.146000000000777
922.659000000000778
939.332000000000793
939.861000000000793
940.579000000000794
942.844000000000796
943.673000000000796
944.424000000000797
945.427000000000798
950.386000000000802
951.239000000000803
1021.660000000000866
1023.796000000000868
1026.94600000000087
1031.91400000000087
1084.72000000000092
1088.62200000000093
1089.01600000000093
1092.61300000000093
1093.02800000000093
1093.29900000000093
1094.69200000000093
1098.82500000000093
1103.01700000000094
1104.84500000000094
1109.85900000000094
1110.49100000000094
1118.23600000000095
1120.63400000000095
1127.44700000000096
2275.80499999997669
2276.73799999997659
12
-1
14.27100000000000028
47.7190000000000007
106.9280000000000533
144.936000000000087
169.308000000000109
240.909000000000172
359.306000000000277
421.087000000000332
511.522000000000413
621.07000000000051
756.38300000000063
951.240000000000803
0
0
5000
0
0
0
0
7200
0
0
0
0
0
13
0
2751.34099999992432
1800.00000000000156
1800
0
37
0
1
4
7
10
13
16
19
22
25
28
31
34
37
40
43
46
49
52
55
58
61
64
67
70
73
76
79
82
85
88
91
94
97
100
103
106
109
112
115
118
121
124
127
130
133
136
139
142
145
148
151
154
157
160
163
166
169
172
175
178
181
184
187
190
193
196
199
202
205
208
211
214
217
220
223
226
229
232
235
238
241
244
247
250
253
256
259
262
265
268
271
274
277
280
283
286
289
292
295
298
301
304
307
310
313
316
319
322
325
328
331
334
337
340
343
346
349
352
355
358
361
364
367
370
373
376
379
382
385
388
391
394
397
400
403
406
409
412
415
418
421
424
427
430
433
436
439
442
445
448
451
454
457
460
463
466
469
472
475
478
481
484
487
490
493
496
499
502
505
508
511
514
517
520
523
526
529
532
535
538
541
544
547
550
