11
12
19
11
12
19
cPPR1.16
FR2_day2
0
2
11
49
39
12
14
04
24
2
.3
1
242
1
101
1
1
1
1
1
1
1
1
1
1
1
1
1
1
1
1
1
1
1
1
1
1
241
-1
0.94100000000000001
4.15800000000000007
4.79000000000000009
5.03400000000000009
9.68600000000000019
42.9529999999999965
43.3439999999999968
47.6000000000000006
50.243000000000003
53.7530000000000061
60.4980000000000121
65.6210000000000166
70.9790000000000214
73.8000000000000239
88.2470000000000367
91.6870000000000398
92.6200000000000406
98.9900000000000463
100.6310000000000477
106.529000000000053
112.8830000000000586
113.6300000000000593
117.0820000000000623
117.7240000000000629
123.1250000000000677
142.512000000000085
146.721000000000089
147.140000000000089
150.729000000000092
151.732000000000093
157.221000000000098
157.446000000000098
164.124000000000104
168.313000000000108
173.063000000000112
177.916000000000116
181.52700000000012
185.940000000000124
186.128000000000124
187.126000000000125
190.948000000000128
196.909000000000133
199.856000000000136
200.608000000000137
206.618000000000142
208.630000000000144
216.558000000000151
220.710000000000154
227.824000000000161
228.603000000000161
233.492000000000166
234.418000000000167
239.669000000000171
244.911000000000176
245.536000000000176
250.212000000000181
253.254000000000183
276.851000000000204
303.630000000000228
304.034000000000228
304.513000000000229
308.487000000000232
309.176000000000233
311.482000000000235
315.369000000000238
319.955000000000242
321.114000000000244
321.249000000000244
327.87800000000025
329.154000000000251
342.656000000000263
343.005000000000263
343.507000000000263
348.276000000000268
352.113000000000271
357.784000000000276
361.384000000000279
361.86900000000028
366.827000000000284
367.914000000000285
372.97800000000029
373.09400000000029
373.57900000000029
377.387000000000294
378.928000000000295
385.756000000000301
386.222000000000301
392.520000000000307
393.803000000000308
394.197000000000308
394.539000000000309
402.633000000000316
406.441000000000319
415.245000000000327
418.84400000000033
419.482000000000331
424.635000000000336
425.779000000000336
433.419000000000343
440.152000000000349
440.57800000000035
447.973000000000356
448.726000000000357
449.167000000000357
449.761000000000358
458.566000000000366
461.430000000000368
470.766000000000376
474.74500000000038
481.061000000000386
482.512000000000387
482.955000000000387
490.357000000000394
495.665000000000399
505.588000000000407
510.431000000000412
516.674000000000417
517.116000000000418
525.653000000000425
529.095000000000428
539.085000000000437
539.763000000000438
545.749000000000443
546.527000000000444
551.157000000000448
553.62400000000045
555.857000000000452
557.217000000000453
570.110000000000465
573.796000000000468
581.079000000000474
584.680000000000478
603.880000000000495
606.055000000000497
612.042000000000502
612.393000000000502
616.658000000000506
618.756000000000508
619.175000000000508
626.222000000000514
630.849000000000519
638.515000000000525
640.752000000000527
648.745000000000534
650.209000000000536
664.936000000000549
669.696000000000553
670.872000000000554
677.03700000000056
680.176000000000562
680.722000000000563
688.99900000000057
694.028000000000575
702.396000000000582
706.094000000000585
706.699000000000586
713.140000000000592
717.829000000000596
724.890000000000602
734.370000000000611
741.810000000000617
742.393000000000618
753.896000000000628
758.118000000000632
766.216000000000639
770.210000000000642
776.726000000000648
782.166000000000653
789.51500000000066
790.10200000000066
800.019000000000669
807.873000000000676
819.488000000000686
823.73800000000069
829.257000000000695
833.192000000000698
839.474000000000704
845.081000000000709
852.541000000000716
853.137000000000716
903.520000000000761
909.006000000000766
919.268000000000775
927.924000000000782
934.321000000000788
935.091000000000789
935.522000000000789
952.827000000000805
956.571000000000808
965.110000000000816
986.980000000000835
998.116000000000845
998.612000000000845
1004.41500000000085
1005.080000000000851
1022.189000000000866
1025.00200000000087
1045.92000000000089
1047.17200000000089
1055.4470000000009
1060.5890000000009
1068.59800000000091
1073.80600000000091
1074.63700000000091
1079.20600000000092
1084.88800000000092
1094.63500000000093
1101.62600000000094
1143.91600000000097
1146.73100000000098
1152.79600000000098
1155.52100000000098
1163.11300000000099
1165.12100000000099
1174.148000000001
1175.050000000001
1183.36200000000101
1186.32100000000101
1196.97100000000102
1203.45200000000103
1238.77000000000106
1251.11800000000107
1261.72500000000108
1265.27700000000108
1276.95600000000109
1280.9670000000011
1281.4810000000011
1294.69700000000111
1296.04300000000111
1306.78400000000112
1308.01700000000112
1344.57400000000115
1349.51900000000116
1357.91700000000116
1360.76200000000117
1370.67900000000118
1380.57600000000118
1386.86700000000119
1391.16700000000119
1402.6690000000012
1407.04400000000121
100
-1
4.15800000000000007
42.9529999999999965
53.7530000000000061
65.6210000000000166
73.8000000000000239
91.6870000000000398
100.6310000000000477
112.8830000000000586
142.512000000000085
151.732000000000093
157.446000000000098
168.313000000000108
181.52700000000012
190.948000000000128
199.856000000000136
208.630000000000144
220.710000000000154
228.603000000000161
239.669000000000171
245.536000000000176
276.851000000000204
304.034000000000228
315.369000000000238
321.249000000000244
329.154000000000251
343.005000000000263
352.113000000000271
361.384000000000279
367.914000000000285
377.387000000000294
386.222000000000301
393.803000000000308
406.441000000000319
418.84400000000033
425.779000000000336
440.152000000000349
448.726000000000357
461.430000000000368
474.74500000000038
482.512000000000387
495.665000000000399
510.431000000000412
517.116000000000418
529.095000000000428
539.763000000000438
546.527000000000444
555.857000000000452
573.796000000000468
584.680000000000478
606.055000000000497
612.393000000000502
619.175000000000508
630.849000000000519
640.752000000000527
650.209000000000536
669.696000000000553
680.176000000000562
694.028000000000575
706.094000000000585
717.829000000000596
734.370000000000611
742.393000000000618
758.118000000000632
770.210000000000642
782.166000000000653
790.10200000000066
807.873000000000676
823.73800000000069
833.192000000000698
845.081000000000709
853.137000000000716
909.006000000000766
927.924000000000782
935.091000000000789
956.571000000000808
986.980000000000835
998.612000000000845
1005.080000000000851
1025.00200000000087
1047.17200000000089
1060.5890000000009
1073.80600000000091
1084.88800000000092
1101.62600000000094
1146.73100000000098
1155.52100000000098
1165.12100000000099
1175.050000000001
1186.32100000000101
1203.45200000000103
1251.11800000000107
1265.27700000000108
1280.9670000000011
1296.04300000000111
1308.01700000000112
1349.51900000000116
1360.76200000000117
1380.57600000000118
1391.16700000000119
1407.04400000000121
2
0
5000
0
0
0
0
2700
99
0
0
0
0
0
0
1407.04400000000121
0
0
0
0
0
0
