11
20
19
11
20
19
cPPR1.14
FR5_day3
0
4
10
51
18
11
37
45
24
2
.3
1
34
1
7
1
1
1
1
1
1
1
1
1
1
1
1
1
1
1
1
1
1
1
1
1
1
33
-1
608.390000000000499
975.422000000000825
1405.91600000000121
1407.38600000000121
1415.63600000000122
1713.51800000000148
2003.39600000000174
2007.52200000000174
2152.48099999999027
2209.00099999998405
2394.47199999996362
2398.16899999996321
2408.3039999999621
2415.90199999996126
2416.18299999996123
2446.3879999999579
2450.79499999995742
2452.69499999995721
2455.32499999995692
2456.3689999999568
2456.78499999995676
2509.39599999995096
2602.5459999999407
2623.35599999993841
2626.58199999993806
2627.74799999993793
2647.0709999999358
2660.63099999993431
2661.27999999993423
2666.32499999993368
2666.63399999993364
2700.33899999992993
2700.6149999999299
6
-1
1415.63600000000122
2209.00099999998405
2416.18299999996123
2456.3689999999568
2627.74799999993793
2666.63399999993364
5
0
5000
0
0
0
0
2700
99
0
0
0
0
0
0
2700.79599999992988
0
0
0
0
0
0
