12
12
19
12
12
19
cPPR1.11
PR3_day2.4
0
1
10
00
36
10
56
05
23
3
.3
1
111
1
9
1
1
1
1
1
1
1
1
1
1
1
1
1
1
1
1
1
1
1
1
1
184
110
-1
1.31700000000000001
9.22800000000000018
10.1020000000000002
10.75800000000000021
51.8690000000000044
61.1780000000000127
69.6540000000000202
77.6310000000000273
158.090000000000099
160.372000000000101
161.339000000000102
161.615000000000102
170.50100000000011
180.758000000000119
181.302000000000119
181.48700000000012
219.855000000000154
220.227000000000154
222.065000000000156
225.828000000000159
227.24600000000016
227.53700000000016
241.889000000000173
242.781000000000174
244.926000000000176
245.549000000000176
246.438000000000177
247.441000000000178
250.480000000000181
300.171000000000225
303.779000000000228
304.461000000000229
306.18300000000023
312.843000000000236
317.65300000000024
318.401000000000241
335.811000000000257
340.550000000000261
341.136000000000261
345.127000000000265
380.191000000000296
381.415000000000297
383.683000000000299
389.105000000000304
390.023000000000305
392.781000000000307
413.409000000000326
413.718000000000326
415.824000000000328
422.794000000000334
424.907000000000336
433.001000000000343
446.873000000000355
447.873000000000356
451.049000000000359
451.91400000000036
480.678000000000385
501.884000000000404
502.973000000000405
503.814000000000406
507.267000000000409
508.90200000000041
510.601000000000412
511.485000000000413
512.434000000000413
716.514000000000595
717.874000000000596
718.975000000000597
719.966000000000598
750.284000000000625
813.711000000000681
825.999000000000692
827.199000000000693
846.970000000000711
848.479000000000712
908.542000000000765
962.955000000000814
966.407000000000817
967.654000000000818
977.230000000000826
980.353000000000829
983.146000000000832
983.941000000000832
993.986000000000841
995.371000000000842
996.986000000000844
1003.339000000000849
1005.436000000000851
1325.39900000000114
1330.70700000000114
1338.51100000000115
1480.07500000000127
1480.55100000000127
1498.74900000000129
1506.8240000000013
1507.8010000000013
1509.1510000000013
1524.57900000000131
1526.05800000000131
1528.51900000000132
1529.74700000000132
1531.38800000000132
1532.63300000000132
1533.41100000000132
1572.33400000000135
1594.67800000000137
1596.24900000000138
1599.98500000000138
1706.25100000000147
1730.9260000000015
8
-1
1.31800000000000001
51.8700000000000044
161.616000000000102
227.53800000000016
317.65400000000024
433.002000000000343
813.712000000000681
1480.55200000000127
0
0
5000
0
0
0
0
7200
0
0
0
0
0
9
0
3280.65299999986602
1800.00000000000156
1800
0
25
0
1
4
7
10
13
16
19
22
25
28
31
34
37
40
43
46
49
52
55
58
61
64
67
70
73
76
79
82
85
88
91
94
97
100
103
106
109
112
115
118
121
124
127
130
133
136
139
142
145
148
151
154
157
160
163
166
169
172
175
178
181
184
187
190
193
196
199
202
205
208
211
214
217
220
223
226
229
232
235
238
241
244
247
250
253
256
259
262
265
268
271
274
277
280
283
286
289
292
295
298
301
304
307
310
313
316
319
322
325
328
331
334
337
340
343
346
349
352
355
358
361
364
367
370
373
376
379
382
385
388
391
394
397
400
403
406
409
412
415
418
421
424
427
430
433
436
439
442
445
448
451
454
457
460
463
466
469
472
475
478
481
484
487
490
493
496
499
502
505
508
511
514
517
520
523
526
529
532
535
538
541
544
547
550
