11
26
19
11
26
19
cPPR1.10
PR3_day2
0
4
8
07
59
10
09
20
23
3
.3
1
1977
1
37
1
1
1
1
1
1
1
1
1
1
1
1
1
1
1
1
1
1
1
1
1
184
1976
-1
3.08600000000000005
36.2129999999999905
36.5449999999999908
36.9809999999999912
37.9439999999999921
38.2419999999999923
44.0429999999999975
44.8919999999999982
49.2810000000000021
51.0150000000000037
51.5310000000000041
53.1290000000000055
53.609000000000006
70.1300000000000206
70.547000000000021
73.3660000000000235
74.8420000000000248
77.4080000000000271
79.3630000000000288
79.9950000000000294
80.66700000000003
81.2690000000000305
82.4820000000000316
101.0380000000000481
102.3340000000000492
102.8960000000000497
104.7250000000000514
105.3000000000000519
105.6450000000000522
106.0150000000000525
106.3390000000000528
106.9770000000000534
141.509000000000084
154.613000000000096
156.020000000000097
156.364000000000097
156.864000000000098
161.247000000000102
161.726000000000102
162.888000000000103
163.393000000000103
164.114000000000104
164.791000000000105
165.192000000000105
165.478000000000105
165.773000000000106
170.55900000000011
171.950000000000111
176.567000000000115
177.551000000000116
178.703000000000117
179.596000000000118
179.989000000000118
180.737000000000119
225.453000000000159
228.817000000000162
230.386000000000163
231.614000000000164
231.910000000000164
232.693000000000165
233.888000000000166
234.130000000000166
237.628000000000169
238.31400000000017
238.62000000000017
239.107000000000171
240.313000000000172
248.808000000000179
249.76600000000018
250.761000000000181
284.357000000000211
285.009000000000211
286.074000000000212
299.536000000000224
303.020000000000227
304.160000000000228
304.944000000000229
306.40800000000023
306.901000000000231
307.448000000000231
309.550000000000233
310.041000000000234
350.083000000000269
350.85500000000027
351.588000000000271
352.625000000000272
389.146000000000304
389.931000000000305
390.494000000000305
390.956000000000306
391.362000000000306
391.856000000000306
394.738000000000309
395.45500000000031
395.97300000000031
396.24200000000031
401.754000000000315
402.025000000000315
402.810000000000316
403.726000000000317
404.397000000000318
404.991000000000318
405.983000000000319
406.307000000000319
408.584000000000321
409.504000000000322
410.212000000000323
413.602000000000326
414.260000000000326
415.521000000000327
416.973000000000329
417.573000000000329
420.517000000000332
424.163000000000335
424.688000000000336
425.470000000000336
454.576000000000362
455.456000000000363
456.621000000000364
457.260000000000364
463.56500000000037
476.897000000000382
479.108000000000384
483.662000000000388
487.436000000000391
488.143000000000392
490.240000000000394
493.092000000000396
494.232000000000397
501.994000000000404
503.488000000000406
504.327000000000406
505.126000000000407
505.942000000000408
506.544000000000408
506.995000000000409
510.357000000000412
511.161000000000412
515.853000000000416
516.866000000000417
521.071000000000421
522.201000000000422
527.410000000000427
533.300000000000432
535.127000000000434
536.463000000000435
538.898000000000437
540.347000000000438
540.684000000000439
550.849000000000448
552.374000000000449
553.26900000000045
554.219000000000451
555.234000000000451
556.379000000000452
557.423000000000453
558.471000000000454
560.468000000000456
563.407000000000459
564.162000000000459
564.89900000000046
565.39100000000046
567.801000000000463
568.149000000000463
569.057000000000464
569.586000000000464
570.164000000000465
570.600000000000465
571.413000000000466
572.188000000000466
572.737000000000467
573.399000000000468
573.855000000000468
577.395000000000471
578.662000000000472
581.736000000000475
582.428000000000476
582.929000000000476
583.494000000000477
585.804000000000479
586.260000000000479
590.632000000000483
593.663000000000486
596.249000000000488
601.638000000000493
602.796000000000494
603.805000000000495
605.247000000000496
608.625000000000499
610.0630000000005
611.286000000000501
612.565000000000502
614.785000000000504
616.104000000000506
617.430000000000507
618.374000000000508
619.436000000000508
630.663000000000518
631.465000000000519
632.25200000000052
632.96000000000052
633.326000000000521
633.850000000000521
636.083000000000523
636.411000000000524
641.525000000000528
643.042000000000529
644.251000000000531
644.776000000000531
645.416000000000532
646.109000000000532
651.299000000000537
655.41500000000054
656.089000000000541
657.222000000000542
659.225000000000544
667.952000000000552
668.619000000000552
669.763000000000553
670.279000000000554
671.146000000000554
671.629000000000555
676.333000000000559
677.18100000000056
678.616000000000561
679.086000000000561
680.079000000000562
681.183000000000563
681.970000000000564
683.799000000000566
685.219000000000567
686.625000000000568
690.111000000000571
693.300000000000574
693.944000000000575
694.688000000000575
695.846000000000576
697.350000000000578
703.335000000000583
704.146000000000584
704.548000000000584
704.946000000000584
705.528000000000585
706.241000000000586
706.845000000000586
708.215000000000587
708.807000000000588
710.74200000000059
714.686000000000593
717.816000000000596
720.263000000000598
728.369000000000605
729.323000000000606
736.927000000000613
738.362000000000614
739.038000000000615
739.898000000000616
740.733000000000616
741.309000000000617
742.170000000000618
744.053000000000619
745.716000000000621
746.328000000000621
748.265000000000623
748.767000000000623
750.036000000000624
756.00100000000063
757.023000000000631
788.668000000000659
789.69500000000066
790.11000000000066
790.814000000000661
791.337000000000661
792.095000000000662
792.641000000000662
793.806000000000663
795.573000000000665
796.079000000000665
796.664000000000666
797.938000000000667
799.455000000000668
800.256000000000669
806.370000000000674
808.074000000000676
809.217000000000677
809.850000000000678
810.765000000000678
811.418000000000679
812.79600000000068
814.025000000000681
817.365000000000684
823.071000000000689
824.25200000000069
834.9660000000007
836.191000000000701
837.413000000000702
838.923000000000703
840.470000000000705
840.686000000000705
842.069000000000706
843.946000000000708
849.715000000000713
850.926000000000714
852.210000000000715
855.074000000000718
857.43800000000072
860.278000000000722
860.808000000000723
861.532000000000724
862.310000000000724
862.903000000000725
863.917000000000726
875.195000000000736
876.655000000000737
905.013000000000762
911.943000000000768
918.120000000000774
925.16200000000078
926.266000000000781
935.98200000000079
938.649000000000792
939.830000000000793
947.7470000000008
949.434000000000802
975.114000000000824
978.662000000000828
999.967000000000846
1002.615000000000849
1005.385000000000851
1010.512000000000856
1011.979000000000857
1014.335000000000859
1017.818000000000862
1019.500000000000864
1021.559000000000866
1032.91000000000088
1046.10900000000089
1049.69200000000089
1050.35300000000089
1051.22300000000089
1052.81400000000089
1053.72300000000089
1054.6780000000009
1055.8490000000009
1056.5000000000009
1063.7520000000009
1065.3410000000009
1067.07700000000091
1071.36300000000091
1072.74000000000091
1074.01000000000091
1075.23200000000091
1083.03500000000092
1085.09900000000092
1086.41800000000092
1087.94400000000092
1090.67000000000093
1093.94400000000093
1096.24900000000093
1097.03600000000093
1097.71500000000093
1099.03500000000093
1100.78300000000094
1101.58200000000094
1102.22200000000094
1109.35900000000094
1110.34100000000094
1111.38800000000095
1111.97000000000095
1113.00700000000095
1114.33900000000095
1114.91100000000095
1115.78800000000095
1116.45000000000095
1119.59300000000095
1120.64700000000095
1121.51300000000095
1145.25800000000098
1147.79100000000098
1148.54100000000098
1151.29200000000098
1152.44900000000098
1152.71100000000098
1161.13400000000099
1163.33100000000099
1164.36200000000099
1165.29900000000099
1166.11000000000099
1167.22100000000099
1168.698000000001
1174.185000000001
1176.506000000001
1177.660000000001
1178.269000000001
1179.22700000000101
1185.41100000000101
1187.09400000000101
1188.71500000000101
1196.17300000000102
1197.67900000000102
1199.36300000000102
1200.47800000000102
1203.95100000000103
1207.73500000000103
1212.75300000000104
1217.66600000000104
1219.03800000000104
1220.47000000000104
1222.25200000000104
1224.28200000000105
1225.01800000000105
1232.39300000000105
1233.76300000000105
1234.73200000000105
1235.78400000000106
1236.56900000000106
1250.54700000000107
1254.91600000000107
1258.58900000000108
1259.68600000000108
1262.53000000000108
1263.13700000000108
1266.53100000000108
1268.80200000000109
1269.49700000000109
1277.52500000000109
1279.41900000000109
1280.6590000000011
1306.68900000000112
1308.25900000000112
1310.12200000000112
1315.25900000000113
1335.24800000000114
1336.33000000000115
1337.59600000000115
1338.28200000000115
1339.44200000000115
1340.32600000000115
1345.07800000000115
1346.09400000000115
1347.46900000000116
1348.17700000000116
1348.87200000000116
1352.66200000000116
1353.43100000000116
1355.22400000000116
1359.74800000000117
1360.50700000000117
1392.8030000000012
1396.2080000000012
1397.9110000000012
1398.5780000000012
1406.64600000000121
1407.45200000000121
1409.17300000000121
1410.72900000000121
1431.26200000000123
1432.09300000000123
1432.73200000000123
1439.43800000000124
1448.97800000000125
1455.17000000000125
1476.65700000000127
1478.98300000000127
1480.91400000000127
1484.83300000000128
1489.41800000000128
1515.5290000000013
1519.10400000000131
1531.12800000000132
1532.20100000000132
1533.33600000000132
1535.18000000000132
1536.44100000000132
1540.48400000000133
1554.62200000000134
1558.36200000000134
1568.29600000000135
1569.52900000000135
1573.99300000000136
1592.94900000000137
1594.45900000000137
1597.45400000000138
1598.57100000000138
1598.84800000000138
1608.64500000000139
1614.24200000000139
1615.27400000000139
1616.48300000000139
1617.09200000000139
1618.1100000000014
1618.5120000000014
1621.6280000000014
1623.7740000000014
1626.5860000000014
1628.2820000000014
1629.04100000000141
1630.68100000000141
1633.11800000000141
1634.65000000000141
1649.66700000000142
1651.68600000000143
1654.29200000000143
1655.33200000000143
1658.78600000000143
1665.52900000000144
1669.59300000000144
1676.01200000000145
1676.71000000000145
1678.85200000000145
1681.28600000000145
1681.78000000000145
1682.37100000000145
1687.40500000000146
1695.32200000000146
1696.39900000000146
1707.18900000000147
1708.20400000000148
1732.4560000000015
1733.9300000000015
1734.8370000000015
1735.6390000000015
1736.7990000000015
1737.7630000000015
1738.9680000000015
1739.6160000000015
1740.1690000000015
1743.56400000000151
1747.87000000000151
1748.54100000000151
1753.25700000000152
1756.22500000000152
1758.63400000000152
1763.55800000000152
1772.22100000000153
1773.77500000000153
1781.34100000000154
1782.57400000000154
1836.80800000000159
1839.89200000000159
1847.6410000000016
1855.06300000000161
1857.54800000000161
1858.44100000000161
1862.40800000000161
1863.64700000000161
1904.12000000000165
1913.25800000000166
1971.82900000000171
1973.62200000000171
1976.18400000000171
1977.35200000000171
1980.44600000000172
1981.83900000000172
1984.90900000000172
1986.94500000000172
1989.25500000000173
1999.26400000000173
2000.40700000000174
2015.25400000000175
2037.13100000000177
2041.68100000000177
2062.01000000000023
2070.10099999999934
2076.16599999999868
2100.51099999999599
2106.20199999999537
2130.94999999999264
2134.53499999999225
2169.17399999998843
2228.61599999998189
2233.54799999998134
2235.61699999998111
2262.66299999997814
2263.99099999997799
2264.53999999997793
2266.06999999997776
2267.61999999997759
2268.01999999997755
2268.61399999997748
2269.49099999997738
2269.73599999997736
2273.8439999999769
2274.59199999997682
2275.32499999997674
2277.91099999997646
2279.00199999997634
2281.96499999997601
2313.59299999997253
2315.13599999997236
2316.5139999999722
2319.22699999997191
2320.31999999997179
2320.96099999997171
2321.94999999997161
2322.52499999997154
2323.18799999997147
2324.07699999997137
2336.80099999996997
2338.28999999996981
2344.78999999996909
2345.620999999969
2347.07899999996884
2347.58399999996878
2348.94999999996863
2352.13999999996828
2355.06599999996796
2355.89899999996787
2357.26899999996772
2359.02699999996752
2360.68699999996734
2362.98199999996709
2377.51199999996549
2380.45999999996516
2383.51699999996483
2385.91799999996456
2387.4119999999644
2389.13499999996421
2393.21599999996376
2394.02499999996367
2395.21699999996354
2395.92199999996346
2408.03399999996213
2409.32499999996198
2416.84099999996116
2419.08899999996091
2420.34699999996077
2422.14699999996057
2426.28899999996011
2426.88299999996005
2427.43599999995999
2428.57699999995986
2429.97899999995971
2437.08799999995893
2437.98599999995883
2442.97699999995828
2444.25899999995814
2449.23499999995759
2451.28899999995736
2452.40999999995724
2453.37999999995713
2456.15499999995683
2459.32599999995648
2460.38699999995636
2466.11299999995573
2468.62099999995545
2469.50999999995535
2469.9619999999553
2471.41099999995515
2472.81899999995499
2509.60099999995094
2512.04499999995067
2516.86299999995014
2522.11699999994956
2540.91799999994749
2548.01799999994671
2548.9859999999466
2549.9079999999465
2550.56899999994643
2552.73999999994619
2563.46699999994501
2565.02199999994484
2567.46099999994457
2572.00899999994407
2572.69299999994399
2577.54799999994346
2580.58699999994312
2581.21199999994305
2582.15199999994295
2584.09299999994274
2585.08099999994263
2618.85099999993891
2621.25099999993864
2621.88299999993857
2623.4369999999384
2627.117999999938
2627.65999999993794
2628.42299999993785
2630.26699999993765
2631.21399999993755
2631.90099999993747
2632.29699999993743
2632.90699999993736
2633.83199999993726
2634.28499999993721
2642.17599999993634
2642.86999999993626
2645.92299999993593
2647.64499999993574
2648.54399999993564
2649.12499999993557
2649.71099999993551
2675.13699999993271
2675.79299999993264
2708.833999999929
2710.45399999992882
2711.73899999992868
2712.30299999992861
2713.68299999992846
2718.16299999992797
2718.89599999992789
2720.01099999992777
2720.77699999992768
2721.84099999992756
2722.88399999992745
2728.63899999992682
2738.47999999992573
2743.57299999992517
2745.39999999992497
2754.93799999992392
2755.73199999992383
2757.73399999992361
2759.56699999992341
2761.68099999992318
2762.74599999992306
2763.55199999992297
2765.82599999992272
2773.49899999992188
2777.38799999992145
2778.7069999999213
2784.1639999999207
2787.51999999992033
2788.78599999992019
2793.30399999991969
2805.80399999991832
2808.08099999991807
2810.41099999991781
2814.40799999991737
2816.67299999991712
2817.34999999991705
2817.87299999991699
2819.36099999991682
2819.75599999991678
2828.84399999991578
2853.10399999991311
2856.40899999991274
2861.3199999999122
2861.98199999991213
2863.55299999991196
2864.50399999991185
2865.72999999991172
2889.69099999990908
2901.87899999990774
2902.97199999990762
2904.70799999990742
2905.8479999999073
2908.38199999990702
2913.95899999990641
2930.98599999990453
2936.26999999990395
2938.92499999990366
2941.07099999990342
2945.93999999990288
2950.43499999990239
2980.43899999989908
2981.73199999989894
2982.66699999989884
2983.23399999989878
2983.83199999989871
3001.79799999989673
3007.14099999989614
3008.83299999989596
3009.52599999989588
3013.72099999989542
3015.41699999989523
3015.97499999989517
3017.43299999989501
3021.53699999989456
3023.13699999989438
3023.58999999989433
3025.03999999989417
3026.15099999989405
3030.69199999989355
3032.0799999998934
3033.03299999989329
3034.01099999989318
3034.88299999989309
3036.19699999989294
3036.97699999989286
3043.27599999989216
3045.33899999989194
3050.2099999998914
3053.33299999989106
3055.94999999989077
3059.37999999989039
3065.76099999988969
3066.78899999988957
3067.91699999988945
3082.38199999988786
3083.74099999988771
3084.16499999988766
3099.42499999988598
3123.42199999988334
3128.95299999988273
3131.41299999988246
3133.64499999988221
3139.86399999988153
3140.52999999988145
3141.38099999988136
3143.33099999988114
3147.96099999988063
3155.00299999987986
3158.04899999987952
3159.88299999987932
3160.85699999987921
3166.18699999987863
3166.77099999987856
3167.42699999987849
3168.62999999987836
3181.02199999987699
3182.57599999987682
3183.60699999987671
3184.63699999987659
3186.11699999987643
3186.97499999987634
3192.95899999987568
3211.75299999987361
3212.91799999987348
3214.36599999987332
3215.01599999987325
3215.97799999987314
3216.67899999987307
3217.21199999987301
3217.83399999987294
3218.32299999987288
3219.03499999987281
3219.57899999987275
3220.42699999987265
3223.03599999987237
3225.17999999987213
3227.95499999987182
3229.35899999987167
3229.86599999987161
3230.96499999987149
3231.59999999987142
3238.03199999987071
3239.40699999987056
3239.9419999998705
3243.39899999987012
3244.00699999987006
3254.25199999986893
3255.73199999986876
3256.19399999986871
3256.61599999986867
3257.1859999998686
3258.75099999986843
3260.36099999986826
3261.16999999986817
3261.81799999986809
3266.44899999986758
3266.79799999986755
3278.79999999986622
3279.53499999986614
3288.32799999986517
3288.89499999986511
3289.73599999986502
3309.16599999986288
3313.05099999986245
3349.20799999985847
3350.44999999985833
3353.68699999985798
3366.46599999985657
3367.51099999985645
3368.23299999985637
3370.80199999985609
3371.656999999856
3373.40099999985581
3391.51999999985381
3392.82999999985367
3394.79199999985345
3395.73999999985334
3409.94599999985178
3419.02899999985078
3423.14699999985033
3424.21799999985021
3425.39799999985008
3426.18099999984999
3429.45699999984963
3433.18899999984922
3434.51499999984907
3436.51199999984885
3441.17499999984834
3442.15499999984823
3442.93899999984815
3443.3579999998481
3445.02699999984792
3445.95999999984781
3446.40099999984777
3449.66299999984741
3453.00899999984704
3458.42699999984644
3461.26799999984613
3463.01799999984594
3471.93699999984495
3473.54499999984478
3481.17199999984394
3483.18099999984372
3484.39999999984358
3486.28599999984337
3490.19599999984294
3490.88499999984287
3491.97599999984275
3492.69699999984267
3494.02199999984252
3494.53999999984246
3554.53499999983586
3558.40299999983543
3558.90999999983537
3560.28999999983522
3562.77399999983495
3565.9209999998346
3566.61699999983453
3567.19999999983446
3567.89999999983438
3569.67499999983419
3572.08599999983392
3577.55699999983332
3578.6129999998332
3579.5329999998331
3584.40499999983257
3586.04499999983239
3594.0549999998315
3595.09999999983139
3596.14199999983127
3597.06899999983117
3598.70299999983099
3599.33099999983092
3600.4739999998308
3604.62899999983034
3605.37199999983026
3607.76999999982999
3609.77299999982977
3611.24099999982961
3614.45699999982926
3631.41399999982739
3633.02799999982721
3635.29499999982696
3635.99899999982688
3636.7619999998268
3639.96499999982645
3640.81399999982635
3684.22199999982157
3686.63399999982131
3687.22299999982124
3692.1309999998207
3695.85599999982029
3696.76299999982019
3698.61999999981999
3699.55699999981988
3726.77899999981689
3727.39199999981682
3728.93099999981665
3731.95699999981632
3734.65599999981602
3743.35399999981506
3746.28199999981474
3750.08799999981432
3751.42799999981417
3761.45799999981307
3763.19899999981288
3765.53399999981262
3767.01099999981246
3770.11199999981211
3771.103999999812
3775.49099999981152
3775.6449999998115
3776.30799999981143
3805.49299999980822
3806.88599999980806
3808.42299999980789
3809.14499999980782
3814.85999999980719
3816.38999999980702
3817.29299999980692
3821.01699999980651
3821.33999999980647
3822.0369999998064
3822.52199999980634
3824.01199999980618
3827.30599999980582
3832.15999999980528
3845.93299999980376
3846.45999999980371
3849.98499999980332
3854.44299999980283
3855.5819999998027
3856.58899999980259
3856.86499999980256
3857.35099999980251
3857.90499999980244
3858.80799999980235
3865.88299999980157
3902.65999999979752
3907.09899999979703
3918.99999999979572
3927.57999999979477
3929.36899999979457
3930.68799999979443
3932.32399999979425
3932.87299999979419
3935.57799999979389
3937.3349999997937
3943.676999999793
3944.5439999997929
3947.43899999979258
3985.00899999978845
3993.6379999997875
3997.50899999978707
4002.38399999978653
4004.83599999978626
4005.06899999978624
4024.5039999997841
4026.19599999978391
4027.14499999978381
4028.0929999997837
4028.61099999978364
4035.07799999978293
4035.72899999978286
4042.58399999978211
4043.43299999978201
4045.30399999978181
4047.28599999978159
4047.88999999978152
4049.25999999978137
4050.17899999978127
4050.72699999978121
4051.7529999997811
4054.96399999978074
4056.57299999978056
4061.19399999978006
4074.22999999977862
4076.2449999997784
4076.79699999977834
4077.86999999977822
4078.48299999977815
4079.34199999977806
4079.869999999778
4094.89299999977634
4095.77599999977625
4096.57799999977616
4099.11099999977588
4109.26999999977476
4110.28499999977465
4111.03499999977457
4125.79499999977294
4126.68399999977284
4128.11199999977269
4129.05899999977258
4130.60399999977241
4133.82599999977206
4134.83699999977195
4135.2549999997719
4135.87799999977183
4136.82199999977173
4137.42099999977166
4140.59599999977131
4146.95199999977061
4147.9399999997705
4166.93199999976841
4167.8979999997683
4168.44199999976824
4168.99199999976818
4171.06699999976796
4171.74499999976788
4172.72799999976777
4175.40999999976748
4176.56299999976735
4177.39799999976726
4177.81199999976721
4183.43799999976659
4190.16599999976585
4193.68699999976546
4195.22399999976529
4196.48899999976516
4199.96899999976477
4200.44099999976472
4201.75399999976458
4203.62499999976437
4204.18899999976431
4204.74999999976425
4205.24499999976419
4205.82999999976413
4230.04199999976146
4231.66499999976128
4235.0999999997609
4238.36799999976054
4239.22199999976045
4239.84199999976038
4240.45399999976031
4240.98499999976025
4258.25099999975835
4263.20899999975781
4263.78899999975774
4264.92799999975762
4265.48299999975756
4265.9579999997575
4266.78599999975741
4267.26899999975736
4267.89599999975729
4268.66999999975721
4275.59499999975644
4277.52199999975623
4288.86499999975498
4289.51699999975491
4290.61799999975479
4291.17199999975473
4291.73299999975467
4292.3479999997546
4293.14899999975451
4294.26099999975439
4295.9309999997542
4296.81699999975411
4297.16799999975407
4297.59699999975402
4298.18499999975396
4298.7209999997539
4299.23699999975384
4299.6379999997538
4306.44799999975304
4307.24999999975296
4308.89799999975278
4311.02799999975254
4311.50099999975249
4311.94999999975244
4312.35499999975239
4313.52599999975227
4314.00799999975221
4314.43699999975217
4315.32399999975207
4316.53099999975193
4317.17899999975186
4318.42799999975173
4319.00799999975166
4319.64799999975159
4324.51799999975106
4326.08099999975088
4330.83599999975036
4331.89299999975024
4332.67799999975016
4333.35099999975008
4334.40699999974997
4346.05499999974868
4346.8079999997486
4348.18699999974845
4349.00599999974836
4349.87199999974826
4351.19399999974812
4360.20899999974712
4361.345999999747
4362.99999999974682
4364.21799999974668
4365.44499999974655
4368.5599999997462
4372.31199999974579
4374.9079999997455
4375.55799999974543
4377.05399999974527
4378.08799999974515
4379.04899999974505
4386.00999999974428
4387.01399999974417
4390.57099999974378
4392.1679999997436
4394.27799999974337
4417.21899999974085
4423.33799999974017
4430.92499999973934
4432.40099999973917
4436.37599999973874
4437.27199999973864
4437.74899999973858
4438.45599999973851
4454.72199999973671
4464.03999999973569
4465.13999999973557
4481.29499999973379
4483.70699999973352
4484.01299999973349
4484.55599999973343
4485.7729999997333
4486.44099999973322
4487.20699999973314
4488.16699999973303
4489.88899999973284
4490.67699999973276
4499.77799999973175
4517.87099999972976
4518.69499999972967
4524.29299999972905
4525.15599999972896
4529.18299999972851
4529.77399999972845
4536.89299999972767
4537.77499999972757
4538.29699999972751
4538.87099999972745
4539.62999999972736
4542.60399999972704
4546.43199999972661
4547.18799999972653
4547.68499999972648
4548.45499999972639
4548.96499999972634
4549.61399999972626
4550.1969999997262
4552.65699999972593
4553.28899999972586
4553.88699999972579
4554.30099999972575
4554.81399999972569
4555.42799999972562
4557.64499999972538
4561.61399999972494
4562.40799999972486
4563.07499999972478
4567.94999999972424
4568.95999999972413
4571.00999999972391
4571.77199999972382
4572.27399999972377
4573.06099999972368
4594.42799999972133
4598.42399999972089
4599.82499999972073
4600.78499999972063
4601.54399999972054
4602.56999999972043
4604.49399999972022
4610.55399999971955
4611.25899999971948
4611.81599999971941
4615.608999999719
4617.43499999971879
4628.2729999997176
4654.31699999971473
4656.71499999971447
4668.59099999971316
4673.36999999971263
4674.90699999971247
4677.69999999971216
4685.58399999971129
4688.44999999971097
4696.07799999971013
4707.16999999970891
4707.88999999970883
4708.37199999970878
4708.69899999970874
4709.15999999970869
4710.40699999970856
4711.55099999970843
4711.97599999970838
4715.26199999970802
4715.98699999970794
4717.05299999970782
4717.2609999997078
4717.92899999970773
4719.32199999970757
4740.9059999997052
4741.65199999970511
4743.05199999970496
4743.54299999970491
4744.68899999970478
4748.47499999970436
4777.53199999970116
4778.03699999970111
4778.49299999970106
4778.87599999970101
4779.37399999970096
4780.45899999970084
4781.07199999970077
4783.15699999970054
4783.49899999970051
4784.4359999997004
4785.63999999970027
4786.97399999970012
4790.23099999969976
4790.75999999969971
4794.38799999969931
4806.81699999969794
4807.44599999969787
4807.84899999969782
4808.33399999969777
4809.53799999969764
4812.06299999969736
4812.24999999969734
4813.73099999969718
4818.68099999969663
4821.27799999969634
4824.18099999969602
4824.76699999969596
4825.92799999969583
4827.38299999969567
4827.88399999969562
4828.56599999969554
4835.82799999969474
4836.44799999969467
4836.88299999969463
4837.26299999969458
4838.20299999969448
4838.67199999969443
4847.9929999996934
4849.65599999969322
4850.15399999969316
4851.36399999969303
4852.38499999969292
4853.17399999969283
4856.2169999996925
4861.00899999969197
4866.89899999969132
4868.34399999969116
4869.64099999969102
4870.40299999969093
4871.51999999969081
4897.53699999968795
4898.02399999968789
4898.65299999968782
4899.29399999968775
4904.3369999996872
4904.76999999968715
4905.29599999968709
4906.20899999968699
4906.56599999968695
4913.88799999968614
4914.78199999968605
4915.86499999968593
4934.72299999968385
4936.35599999968367
4937.66999999968353
4938.07099999968348
4941.05099999968315
4941.5689999996831
4941.82899999968307
4945.60699999968265
4946.55599999968255
4947.05299999968249
4948.24099999968236
4951.91699999968196
4953.3389999996818
4953.76299999968175
4979.76799999967889
4980.79299999967878
4996.17599999967708
5002.50599999967638
5003.2379999996763
5004.50299999967617
5015.30999999967498
5020.69499999967438
5022.98199999967413
5025.19699999967389
5027.40399999967364
5030.34099999967332
5031.56899999967318
5032.69199999967306
5038.84999999967238
5044.1349999996718
5045.26699999967168
5045.74299999967162
5047.36699999967144
5059.27399999967013
5060.41499999967001
5061.89899999966984
5062.2809999996698
5062.73299999966975
5063.2069999996697
5063.72199999966964
5064.23999999966959
5066.52399999966933
5067.45899999966923
5067.7109999996692
5068.6819999996691
5069.35799999966902
5071.3499999996688
5072.12499999966872
5078.35999999966803
5079.19799999966794
5083.50999999966746
5089.68199999966678
5090.52699999966669
5097.24799999966595
5100.02099999966565
5109.4729999996646
5122.32099999966319
5123.80299999966303
5125.09099999966288
5126.04499999966278
5127.78499999966259
5140.10999999966123
5145.8269999996606
5147.17899999966045
5147.80599999966038
5149.83899999966016
5151.78899999965994
5173.0419999996576
5173.90599999965751
5175.38199999965735
5176.01199999965728
5176.88599999965718
5177.67899999965709
5179.03399999965694
5179.37499999965691
5181.2839999996567
5182.97299999965651
5183.77999999965642
5184.48699999965634
5185.32399999965625
5185.59599999965622
5217.98499999965265
5219.50799999965249
5220.51899999965237
5220.90699999965233
5221.82899999965223
5222.74299999965213
5224.08399999965198
5227.32899999965162
5231.00899999965122
5231.82499999965113
5232.24199999965108
5232.94599999965101
5234.21699999965087
5275.37299999964633
5275.91299999964627
5276.37099999964622
5276.86199999964617
5277.25599999964613
5277.87299999964606
5279.55599999964587
5280.65299999964575
5281.04099999964571
5281.65599999964564
5282.09899999964559
5287.41299999964501
5288.03499999964494
5288.51099999964489
5288.86599999964485
5289.16099999964482
5289.67699999964476
5298.94599999964374
5301.38999999964347
5302.23299999964338
5309.72499999964255
5311.28699999964238
5312.0329999996423
5312.95299999964219
5313.52599999964213
5314.00099999964208
5315.04499999964196
5315.5859999996419
5317.72499999964167
5319.91199999964143
5320.77399999964133
5323.91499999964099
5325.71299999964079
5327.27799999964062
5328.28299999964051
5333.57199999963992
5335.09799999963976
5341.64999999963903
5344.20799999963875
5345.52199999963861
5347.55499999963838
5348.83599999963824
5349.54199999963816
5357.62499999963727
5361.0539999996369
5361.85899999963681
5362.61899999963672
5363.62899999963661
5366.54299999963629
5367.69399999963617
5368.40099999963609
5371.72699999963572
5375.98299999963525
5376.55499999963519
5377.60199999963507
5378.64499999963496
5379.04599999963492
5379.61099999963485
5380.69699999963473
5380.93899999963471
5383.36699999963444
5384.73899999963429
5385.32299999963422
5386.4399999996341
5386.83999999963406
5388.2419999996339
5388.83099999963384
5389.66899999963375
5390.31599999963367
5393.86399999963328
5395.13199999963314
5395.59999999963309
5396.391999999633
5397.06799999963293
5406.60999999963188
5407.66499999963176
5408.02899999963172
5410.71499999963143
5412.04099999963128
5413.6649999996311
5414.31199999963103
5415.01499999963095
5415.72299999963088
5418.10099999963061
5418.61699999963056
5419.53299999963046
5419.79999999963043
5420.57599999963034
5421.04199999963029
5429.07699999962941
5431.91299999962909
5433.6539999996289
5434.34499999962883
5436.28099999962861
5437.23399999962851
5438.84799999962833
5446.93099999962744
5447.97299999962732
5448.29799999962729
5448.72799999962724
5449.33699999962717
5450.26999999962707
5450.71099999962702
5451.36499999962695
5451.95699999962689
5456.00899999962644
5462.40599999962573
5472.01699999962468
5472.64299999962461
5479.45199999962386
5479.9269999996238
5486.48099999962308
5486.85899999962304
5488.72699999962284
5489.27799999962278
5490.0049999996227
5490.99599999962259
5491.7929999996225
5492.7259999996224
5493.20999999962234
5493.72299999962229
5495.26199999962212
5496.62199999962197
5533.11099999961795
5534.18999999961783
5535.13699999961772
5536.10899999961762
5538.9949999996173
5539.60499999961723
5540.20899999961717
5542.42999999961692
5583.58799999961239
5584.62299999961227
5584.95599999961224
5586.37799999961208
5587.52299999961196
5589.93599999961169
5592.42899999961142
5612.77599999960917
5613.26399999960912
5627.16899999960759
5627.75399999960752
5629.18799999960737
5632.46499999960701
5633.25299999960692
5634.40899999960679
5634.76499999960675
5635.36999999960669
5635.88099999960663
5637.59299999960644
5638.01699999960639
5642.58999999960589
5643.11499999960583
5644.07999999960573
5653.11899999960473
5653.75599999960466
5655.2229999996045
5657.63199999960423
5660.09999999960396
5677.74699999960202
5678.34599999960195
5679.05099999960187
5679.57599999960182
5680.02599999960177
5680.53999999960171
5681.21599999960164
5683.76899999960136
5687.76199999960092
5688.21499999960087
5693.03599999960033
5694.15799999960021
5695.23999999960009
5695.92599999960002
5697.16299999959988
5710.78399999959838
5711.45599999959831
5713.23699999959811
5714.237999999598
5714.92899999959792
5715.87599999959782
5716.34499999959777
5716.90899999959771
5722.52399999959709
5723.18899999959701
5724.04199999959692
5724.80099999959684
5733.74099999959585
5734.74599999959574
5735.45499999959566
5736.48599999959555
5738.14499999959537
5759.97099999959296
5765.19499999959239
5768.98899999959197
5770.01299999959186
5771.79399999959166
5775.00799999959131
5780.16099999959074
5781.4499999995906
5782.65499999959046
5804.0889999995881
5805.57799999958794
5811.28699999958731
5824.70799999958583
5825.29199999958577
5826.37899999958565
5827.39499999958554
5828.6219999995854
5863.88699999958152
5864.87299999958141
5865.18599999958138
5866.11399999958127
5866.8159999995812
5868.14899999958105
5869.67399999958088
5870.72399999958076
5872.59499999958056
5873.43599999958047
5875.46799999958024
5876.37499999958014
5894.46099999957815
5900.93199999957744
5901.96699999957732
5904.15199999957708
5906.57599999957682
5909.00799999957655
5921.83899999957514
5922.41799999957507
5925.72899999957471
5927.82299999957448
5930.83999999957414
5932.46799999957396
5934.09599999957379
5936.86899999957348
5938.5119999995733
5939.3929999995732
5963.37599999957056
5963.9649999995705
5964.44699999957044
5965.12799999957037
5966.08999999957026
5966.6949999995702
5967.5849999995701
5968.53999999956999
5969.08299999956993
5969.45899999956989
5970.19499999956981
5970.75199999956975
5971.51899999956966
5971.89799999956962
5975.08899999956927
5976.14799999956915
6004.01399999956608
6004.823999999566
6005.82099999956589
6006.99599999956576
6012.0579999995652
6012.56799999956514
6012.9719999995651
6013.52499999956504
6014.29699999956495
6018.49899999956449
6019.89899999956434
6021.52299999956416
6023.24099999956397
6050.39399999956098
6053.65799999956062
6055.13999999956045
6056.33199999956032
6056.95999999956025
6058.19399999956012
6059.94099999955993
6062.10999999955969
6070.10399999955881
6080.1489999995577
6081.87299999955751
6082.95799999955739
6083.7709999995573
6085.50799999955711
6089.43199999955668
6097.20399999955582
6099.57999999955556
6101.15599999955539
6102.41599999955525
6104.13599999955506
6106.35999999955481
6109.1649999995545
6109.97299999955442
6114.58199999955391
6115.77399999955378
6116.04999999955375
6116.59799999955369
6117.20099999955362
6121.0079999995532
6122.05299999955308
6122.22399999955307
6123.44199999955293
6126.4129999995526
6127.86799999955244
6129.51099999955226
6130.0959999995522
6153.95599999954957
6155.83899999954936
6156.3929999995493
6157.93799999954913
6159.24899999954899
6160.37399999954886
6161.38699999954875
6169.89599999954782
6178.2579999995469
6179.73999999954673
6181.17199999954657
6184.66699999954619
6185.08099999954614
6185.91799999954605
6186.69899999954596
6187.49399999954588
6229.54699999954125
6229.9689999995412
6230.47399999954114
6231.24899999954106
6233.19399999954084
6233.81399999954078
6234.24099999954073
6236.39799999954049
6237.16099999954041
6237.41299999954038
6239.80399999954012
6240.30099999954006
6240.79599999954001
6255.05299999953844
6257.61599999953816
6263.5199999995375
6264.27399999953742
6266.98299999953712
6273.18699999953644
6274.99299999953624
6275.78699999953615
6276.60599999953606
6279.9349999995357
6281.06599999953557
6281.79099999953549
6283.27399999953533
6284.26299999953522
6288.53599999953475
6288.76799999953472
6310.56199999953232
6311.09699999953226
6311.87699999953218
6312.76499999953208
6315.02999999953183
6316.11099999953171
6318.10399999953149
6318.62099999953144
6319.08799999953138
6323.79799999953087
6324.92899999953074
6326.08799999953061
6328.58499999953034
6329.76899999953021
6330.19999999953016
6330.7059999995301
6347.83099999952822
6348.80299999952811
6350.56199999952792
6351.13799999952786
6352.03299999952776
6352.98999999952765
6353.4589999995276
6353.84099999952756
6354.25899999952751
6354.79599999952745
6355.39399999952739
6360.00099999952688
6361.21499999952674
6361.85499999952667
6362.38999999952662
6363.30799999952651
6365.88599999952623
6366.55099999952616
6367.16899999952609
6393.88599999952315
6394.2709999995231
6394.66999999952306
6396.62199999952285
6397.9109999995227
6400.09599999952246
6402.71599999952217
6403.29199999952211
6405.31199999952189
6413.52999999952098
6414.22799999952091
6415.62499999952075
6415.99099999952071
6416.71999999952063
6421.74699999952008
6422.39699999952001
6423.28499999951991
6423.90299999951984
6424.80099999951974
6431.30199999951903
6432.69399999951887
6433.19799999951882
6433.71799999951876
6434.32499999951869
6434.93899999951863
6447.62999999951723
6448.7859999995171
6450.6249999995169
6455.72999999951634
6456.68699999951623
6484.04699999951322
6484.49999999951317
6485.41199999951307
6487.74899999951281
6491.4809999995124
6521.95799999950904
6522.84499999950894
6524.21899999950879
6528.29399999950834
6580.4399999995026
6581.74599999950246
6582.45499999950238
6583.78599999950223
6587.23599999950185
6588.78299999950168
6590.4289999995015
6591.73399999950136
6595.12899999950098
6598.23699999950064
6620.13299999949823
6621.10199999949812
6621.65599999949806
6622.196999999498
6622.82199999949793
6625.34599999949766
6626.86499999949749
6627.31399999949744
6629.5089999994972
6629.98399999949714
6631.38099999949699
6632.01499999949692
6633.63099999949674
6634.33299999949667
6636.22799999949646
6638.46999999949621
6639.4719999994961
6640.42199999949599
6673.70299999949233
6675.88499999949209
6679.26699999949172
6695.10899999948997
6696.00799999948987
6697.90799999948966
6701.14799999948931
6701.95399999948922
6703.09299999948909
6704.32099999948896
6709.17399999948842
6716.16099999948765
6731.70499999948594
6732.37099999948587
6733.38499999948576
6734.08399999948568
6739.42699999948509
6740.32099999948499
6741.50299999948486
6742.0669999994848
6742.49099999948475
6742.9939999994847
6743.75999999948461
6744.72299999948451
6745.39199999948443
6746.08199999948436
6746.31199999948433
6746.87499999948427
6749.15899999948402
6750.2159999994839
6752.38099999948366
6799.65999999947846
6800.54099999947836
6801.01899999947831
6809.88499999947733
6810.83799999947723
6811.37799999947717
6813.28199999947696
6847.51099999947319
6848.92999999947303
6852.57699999947263
6853.24599999947256
6854.59699999947241
6870.84799999947062
6871.69699999947052
6888.54799999946867
6890.92199999946841
6891.54899999946834
6895.38699999946791
6897.69699999946766
6900.9849999994673
6902.35699999946715
6903.89899999946698
6904.11099999946695
6906.56599999946668
6907.93299999946653
6908.89999999946643
6911.78199999946611
6919.23399999946529
6927.40099999946439
6928.60299999946426
6929.20699999946419
6948.97099999946201
6950.56499999946184
6952.38799999946164
6952.90499999946158
6953.71999999946149
6954.13399999946144
6955.87499999946125
6975.68499999945907
6977.48199999945887
6978.48099999945876
6979.0419999994587
6979.9769999994586
6980.95699999945849
6985.30999999945801
6985.98299999945794
6990.30299999945746
6993.23999999945714
6994.513999999457
6994.94399999945695
6995.4199999994569
6996.81999999945674
6998.75499999945653
7084.90199999944704
7090.93799999944638
7091.89899999944627
7094.05099999944604
7095.87499999944583
7097.47999999944566
7098.65599999944553
7100.96099999944527
7102.25599999944513
7103.12199999944504
7104.04599999944493
7104.80399999944485
7161.38299999943862
7163.08099999943843
7165.00699999943822
7170.90399999943757
7173.26199999943731
7178.10199999943678
7181.66199999943639
7182.73999999943627
7190.72099999943539
7192.01499999943525
7193.3399999994351
7196.0419999994348
7198.04899999943458
36
-1
3.08700000000000005
37.9449999999999921
53.610000000000006
82.4830000000000316
156.365000000000097
180.738000000000119
286.075000000000212
395.97400000000031
463.56600000000037
540.685000000000439
585.805000000000479
659.226000000000544
729.324000000000606
824.25300000000069
1032.91100000000088
1152.45000000000098
1315.26000000000113
1598.57200000000138
1839.89300000000159
2324.07799999997137
2550.56999999994643
2793.30499999991969
3084.16599999988766
3353.68799999985798
3614.45799999982926
4004.83699999978626
4240.98599999976025
4438.45699999973851
4719.32299999970757
5004.50399999967617
5289.67799999964476
5479.9279999996238
5828.6229999995854
6161.38799999954875
6456.68799999951623
6955.87599999946125
0
0
5000
0
0
0
0
7200
0
0
0
0
0
37
0
7200.00099999943437
244.225000000000175
1800
0
109
0
1
4
7
10
13
16
19
22
25
28
31
34
37
40
43
46
49
52
55
58
61
64
67
70
73
76
79
82
85
88
91
94
97
100
103
106
109
112
115
118
121
124
127
130
133
136
139
142
145
148
151
154
157
160
163
166
169
172
175
178
181
184
187
190
193
196
199
202
205
208
211
214
217
220
223
226
229
232
235
238
241
244
247
250
253
256
259
262
265
268
271
274
277
280
283
286
289
292
295
298
301
304
307
310
313
316
319
322
325
328
331
334
337
340
343
346
349
352
355
358
361
364
367
370
373
376
379
382
385
388
391
394
397
400
403
406
409
412
415
418
421
424
427
430
433
436
439
442
445
448
451
454
457
460
463
466
469
472
475
478
481
484
487
490
493
496
499
502
505
508
511
514
517
520
523
526
529
532
535
538
541
544
547
550
