12
13
19
12
13
19
cPPR1.12
PR3_day2.5
0
2
10
25
16
11
52
16
23
3
.3
1
197
1
12
1
1
1
1
1
1
1
1
1
1
1
1
1
1
1
1
1
1
1
1
1
184
196
-1
1.27400000000000001
24.1939999999999934
24.693999999999993
51.0080000000000037
53.1910000000000056
72.5100000000000228
74.0020000000000241
107.8200000000000541
108.814000000000055
111.4350000000000573
112.4080000000000582
116.5870000000000619
202.409000000000138
204.45600000000014
205.340000000000141
205.691000000000141
208.278000000000143
212.772000000000147
213.902000000000148
215.42200000000015
218.089000000000152
222.514000000000156
249.49700000000018
256.656000000000186
257.739000000000187
259.864000000000189
261.885000000000191
263.023000000000192
265.685000000000194
275.794000000000203
279.898000000000207
281.914000000000209
283.11200000000021
283.73100000000021
284.548000000000211
299.541000000000224
300.177000000000225
301.049000000000226
301.610000000000226
302.413000000000227
307.008000000000231
310.003000000000234
310.745000000000234
311.208000000000235
313.351000000000237
313.652000000000237
314.345000000000238
315.477000000000239
316.55900000000024
317.23300000000024
321.505000000000244
515.780000000000416
517.404000000000418
518.220000000000419
522.716000000000423
523.323000000000423
524.642000000000424
527.619000000000427
529.345000000000428
531.22000000000043
534.156000000000433
535.704000000000434
536.369000000000435
536.849000000000435
537.686000000000436
543.386000000000441
544.074000000000442
545.364000000000443
547.711000000000445
549.582000000000446
549.904000000000447
550.089000000000447
644.712000000000531
649.898000000000536
652.176000000000538
652.909000000000538
654.44200000000054
656.456000000000541
657.167000000000542
657.907000000000543
659.222000000000544
660.406000000000545
661.901000000000546
662.889000000000547
675.502000000000558
797.188000000000666
802.160000000000671
806.042000000000674
807.974000000000676
810.677000000000678
812.06700000000068
832.168000000000697
838.084000000000703
842.804000000000707
860.889000000000723
933.370000000000787
1427.29500000000123
1429.21700000000123
1429.60800000000123
1434.10100000000123
1437.50400000000124
1438.28200000000124
1445.76000000000124
1447.70300000000124
1448.19300000000124
1449.77300000000125
1457.46900000000125
1458.24800000000125
1470.04200000000126
1475.86700000000127
1476.42900000000127
1480.06900000000127
1483.49300000000128
1493.89900000000129
1499.05200000000129
1504.39100000000129
1611.56600000000139
1617.8570000000014
1618.9170000000014
1619.3550000000014
2004.10000000000174
2006.40400000000174
2007.44000000000174
2015.78200000000175
2036.13000000000177
2520.10599999994978
2549.15399999994658
2555.98399999994583
2578.82899999994331
2579.64199999994323
2590.788999999942
2593.63399999994168
2694.88099999993053
2695.91999999993042
2711.13599999992874
2712.87699999992855
2716.85899999992811
2718.42399999992794
2724.59099999992726
2828.15299999991586
2836.60599999991492
2837.68999999991481
2841.29299999991441
2841.60499999991437
2842.76499999991425
2846.62999999991382
2847.02099999991378
2848.6679999999136
3232.99399999987127
3243.37399999987013
3246.2919999998698
3248.53199999986956
3252.04499999986917
3253.42999999986902
3256.62699999986867
3257.90099999986853
3261.37399999986814
3263.5759999998679
3265.32899999986771
3268.36599999986737
3269.29299999986727
3271.51799999986703
3273.52299999986681
3275.12299999986663
3277.56999999986636
3279.45999999986615
3281.84999999986589
3282.53099999986581
3285.70499999986546
3287.05099999986532
3288.28799999986518
3291.98199999986477
3292.6849999998647
3297.46499999986417
3300.37699999986385
3303.07699999986355
3304.29999999986342
3307.45099999986307
3308.9409999998629
3409.03599999985188
3433.53399999984918
3436.36599999984887
3437.09899999984879
3437.40699999984876
3438.38099999984865
3438.96299999984858
3440.97799999984836
3451.27799999984723
3455.93099999984672
3456.24299999984668
3457.81099999984651
3466.74599999984552
3477.45399999984435
4033.37799999978312
4857.78799999969232
4867.0749999996913
11
-1
1.27500000000000001
53.1920000000000056
116.5880000000000619
222.515000000000156
284.549000000000211
321.506000000000244
549.583000000000446
842.805000000000707
1618.9180000000014
2848.6689999999136
3308.9419999998629
0
0
5000
0
0
0
0
7200
0
0
0
0
0
12
0
5109.04299999966465
1800.00000000000156
1800
0
34
0
1
4
7
10
13
16
19
22
25
28
31
34
37
40
43
46
49
52
55
58
61
64
67
70
73
76
79
82
85
88
91
94
97
100
103
106
109
112
115
118
121
124
127
130
133
136
139
142
145
148
151
154
157
160
163
166
169
172
175
178
181
184
187
190
193
196
199
202
205
208
211
214
217
220
223
226
229
232
235
238
241
244
247
250
253
256
259
262
265
268
271
274
277
280
283
286
289
292
295
298
301
304
307
310
313
316
319
322
325
328
331
334
337
340
343
346
349
352
355
358
361
364
367
370
373
376
379
382
385
388
391
394
397
400
403
406
409
412
415
418
421
424
427
430
433
436
439
442
445
448
451
454
457
460
463
466
469
472
475
478
481
484
487
490
493
496
499
502
505
508
511
514
517
520
523
526
529
532
535
538
541
544
547
550
