11
18
19
11
18
19
cPPR1.15
FR5_day1
0
1
11
39
56
12
01
04
24
2
.3
1
662
1
101
1
1
1
1
1
1
1
1
1
1
1
1
1
1
1
1
1
1
1
1
1
1
661
-1
4.26100000000000008
12.17500000000000024
13.09200000000000026
14.04600000000000028
14.66300000000000029
18.1009999999999985
18.3889999999999983
18.5709999999999981
18.9349999999999978
19.4659999999999974
20.6969999999999963
21.8619999999999954
22.3549999999999949
24.2699999999999933
24.5629999999999931
32.1469999999999869
32.4579999999999872
32.8339999999999875
33.2419999999999879
33.5449999999999881
36.9539999999999912
37.3629999999999915
40.3439999999999942
41.0539999999999948
43.0479999999999966
43.498999999999997
43.8999999999999973
44.1579999999999976
54.4950000000000068
55.1100000000000073
55.6980000000000078
56.2760000000000083
56.6430000000000087
60.2180000000000118
60.8900000000000124
61.2510000000000128
62.612000000000014
64.0350000000000152
64.2790000000000154
65.1920000000000163
65.9260000000000169
68.8830000000000195
69.0870000000000197
70.1440000000000206
70.4000000000000209
70.7080000000000212
71.5590000000000219
73.4300000000000236
73.6820000000000238
74.7310000000000247
75.8470000000000257
86.276000000000035
86.5570000000000352
86.8400000000000355
86.9750000000000356
87.3240000000000359
90.6890000000000389
91.0060000000000392
91.6140000000000397
91.7990000000000399
92.2090000000000403
93.2990000000000412
93.6050000000000415
93.8080000000000417
94.125000000000042
94.4590000000000422
103.2640000000000501
103.5680000000000503
104.1340000000000508
104.4780000000000512
106.7310000000000532
110.9650000000000569
111.1740000000000571
111.7790000000000576
112.1280000000000579
112.3910000000000582
112.6210000000000584
113.5200000000000592
113.8950000000000595
116.2150000000000616
125.3730000000000697
126.0720000000000703
127.1570000000000713
129.092000000000073
129.841000000000074
133.285000000000077
133.502000000000077
133.862000000000077
134.791000000000078
135.016000000000078
136.181000000000079
136.77600000000008
136.91200000000008
137.02300000000008
137.12800000000008
143.020000000000085
143.387000000000086
144.511000000000087
144.754000000000087
146.443000000000088
148.63800000000009
148.957000000000091
149.816000000000091
150.194000000000092
150.889000000000092
152.050000000000093
152.844000000000094
154.031000000000095
154.805000000000096
155.102000000000096
160.872000000000101
161.193000000000102
161.356000000000102
161.618000000000102
162.383000000000103
167.105000000000107
167.620000000000107
168.166000000000108
169.131000000000109
170.062000000000109
170.46800000000011
177.071000000000116
177.394000000000116
177.820000000000116
178.424000000000117
178.734000000000117
178.944000000000117
181.270000000000119
181.64000000000012
181.90900000000012
182.34500000000012
183.446000000000121
183.936000000000122
184.715000000000122
185.693000000000123
186.038000000000124
186.284000000000124
187.051000000000124
193.41000000000013
194.106000000000131
194.437000000000131
194.754000000000131
195.395000000000132
199.526000000000136
199.784000000000136
200.675000000000137
200.999000000000137
202.339000000000138
202.733000000000138
203.822000000000139
208.851000000000144
209.233000000000144
210.089000000000145
210.510000000000145
210.769000000000146
211.338000000000146
228.564000000000161
229.103000000000162
229.916000000000163
230.265000000000163
231.398000000000164
234.893000000000167
235.207000000000167
235.932000000000168
236.159000000000168
237.341000000000169
239.628000000000171
240.226000000000172
240.678000000000172
243.361000000000174
247.669000000000178
248.314000000000179
248.979000000000179
250.133000000000181
250.515000000000181
250.874000000000181
252.526000000000183
252.595000000000183
257.373000000000187
259.268000000000189
259.665000000000189
260.32500000000019
261.14200000000019
261.835000000000191
268.672000000000197
269.097000000000197
269.439000000000198
270.734000000000199
271.114000000000199
282.031000000000209
283.20900000000021
283.57200000000021
283.61700000000021
284.490000000000211
289.994000000000216
290.320000000000216
291.067000000000217
291.679000000000217
292.033000000000218
295.505000000000221
295.858000000000221
296.029000000000221
296.243000000000221
297.310000000000222
297.563000000000223
298.104000000000223
300.534000000000225
301.418000000000226
303.636000000000228
303.769000000000228
304.327000000000229
305.007000000000229
305.208000000000229
305.52700000000023
307.022000000000231
307.356000000000231
308.391000000000232
308.571000000000232
308.766000000000233
308.995000000000233
313.096000000000236
313.367000000000237
314.256000000000237
314.561000000000238
316.154000000000239
316.352000000000239
317.49300000000024
332.623000000000254
333.546000000000255
333.874000000000255
334.229000000000255
335.447000000000256
337.384000000000258
337.886000000000258
338.524000000000259
339.65000000000026
340.329000000000261
342.190000000000262
342.507000000000263
343.673000000000264
344.117000000000264
344.850000000000265
348.197000000000268
349.270000000000269
350.095000000000269
350.46300000000027
352.067000000000271
352.726000000000272
353.144000000000272
357.487000000000276
358.378000000000277
358.697000000000277
359.810000000000278
360.357000000000278
361.284000000000279
364.829000000000282
365.155000000000283
366.092000000000284
367.978000000000285
369.370000000000286
372.514000000000289
373.27000000000029
373.47400000000029
379.470000000000295
379.723000000000296
379.980000000000296
380.477000000000296
380.915000000000297
384.1140000000003
384.3320000000003
386.004000000000301
387.550000000000303
387.721000000000303
388.260000000000303
390.986000000000306
391.049000000000306
395.218000000000309
395.73900000000031
396.03000000000031
396.14600000000031
396.45600000000031
397.847000000000312
398.142000000000312
399.187000000000313
400.084000000000314
403.269000000000317
403.743000000000317
404.258000000000317
404.470000000000318
405.118000000000318
405.730000000000319
406.401000000000319
407.22800000000032
407.58000000000032
408.169000000000321
408.424000000000321
423.321000000000334
423.590000000000335
424.079000000000335
424.392000000000335
424.691000000000336
429.34700000000034
429.94400000000034
430.16900000000034
431.251000000000341
431.507000000000342
432.173000000000342
437.256000000000347
437.727000000000347
438.170000000000348
439.408000000000349
440.87600000000035
443.055000000000352
445.430000000000354
446.131000000000355
446.466000000000355
448.170000000000356
449.093000000000357
449.444000000000358
450.634000000000359
450.994000000000359
452.78600000000036
456.560000000000364
457.278000000000364
458.081000000000365
458.864000000000366
459.285000000000366
459.634000000000367
460.289000000000367
460.691000000000368
465.556000000000372
466.872000000000373
467.134000000000373
468.309000000000374
468.972000000000375
472.268000000000378
473.837000000000379
474.55000000000038
474.83700000000038
475.354000000000381
475.673000000000381
478.187000000000383
482.509000000000387
483.289000000000388
483.491000000000388
484.834000000000389
486.27700000000039
489.287000000000393
489.614000000000393
489.843000000000393
495.453000000000398
496.383000000000399
497.0820000000004
497.5900000000004
497.982000000000401
501.535000000000404
501.686000000000404
502.539000000000405
504.430000000000406
505.243000000000407
506.016000000000408
507.96900000000041
508.86600000000041
514.610000000000415
514.935000000000416
515.193000000000416
515.551000000000416
516.664000000000417
523.350000000000423
523.916000000000424
524.386000000000424
525.534000000000425
525.808000000000425
528.632000000000428
528.784000000000428
528.905000000000428
530.093000000000429
530.256000000000429
530.65900000000043
531.01500000000043
531.21100000000043
531.59800000000043
532.055000000000431
532.347000000000431
549.065000000000446
549.877000000000447
550.535000000000447
550.682000000000447
551.955000000000449
556.781000000000453
556.942000000000453
557.846000000000454
559.576000000000455
560.491000000000456
562.432000000000458
562.698000000000458
566.876000000000462
567.211000000000462
568.500000000000463
569.771000000000464
570.393000000000465
570.895000000000465
570.949000000000465
579.984000000000473
581.025000000000474
582.091000000000475
582.633000000000476
583.027000000000476
585.331000000000478
586.085000000000479
586.524000000000479
586.79600000000048
587.94400000000048
588.278000000000481
589.539000000000482
589.815000000000482
590.092000000000482
591.037000000000483
595.386000000000487
595.870000000000488
596.925000000000488
597.396000000000489
597.754000000000489
598.99700000000049
599.878000000000491
603.074000000000494
603.505000000000494
603.736000000000494
604.284000000000495
605.098000000000496
605.527000000000496
606.317000000000497
606.708000000000497
609.169000000000499
612.463000000000502
612.639000000000502
613.330000000000503
613.533000000000503
614.088000000000504
614.369000000000504
614.832000000000504
615.424000000000505
616.551000000000506
617.299000000000507
618.027000000000507
656.335000000000541
656.988000000000542
657.615000000000542
660.274000000000545
660.387000000000545
667.869000000000552
669.015000000000552
670.042000000000553
671.058000000000554
672.240000000000555
676.007000000000559
676.329000000000559
676.548000000000559
676.719000000000559
677.39300000000056
677.71200000000056
678.165000000000561
678.446000000000561
678.648000000000561
678.947000000000561
691.231000000000572
691.717000000000573
692.050000000000573
692.658000000000574
692.939000000000574
699.149000000000579
699.67000000000058
700.32600000000058
700.617000000000581
702.097000000000582
707.301000000000587
707.648000000000587
708.528000000000588
709.737000000000589
710.67500000000059
710.99700000000059
716.460000000000595
716.605000000000595
716.899000000000595
718.108000000000596
718.721000000000597
727.187000000000604
727.450000000000604
728.309000000000605
728.524000000000605
729.893000000000607
735.060000000000611
735.770000000000612
736.707000000000613
736.875000000000613
738.232000000000614
738.683000000000614
743.714000000000619
746.045000000000621
746.281000000000621
747.512000000000622
748.863000000000623
749.700000000000624
755.69500000000063
756.27900000000063
756.54000000000063
757.494000000000631
757.738000000000631
763.940000000000637
764.652000000000638
765.009000000000638
765.479000000000638
766.029000000000639
769.370000000000642
769.636000000000642
771.006000000000643
771.987000000000644
772.806000000000645
773.563000000000645
774.117000000000646
774.500000000000646
778.88700000000065
779.26300000000065
780.252000000000651
780.720000000000652
781.649000000000653
781.961000000000653
783.423000000000654
787.464000000000658
787.921000000000658
788.390000000000659
788.829000000000659
789.45900000000066
790.58300000000066
790.853000000000661
791.226000000000661
797.254000000000666
797.667000000000667
798.153000000000667
798.696000000000668
799.978000000000669
804.702000000000673
805.083000000000673
805.465000000000674
805.959000000000674
809.957000000000678
810.531000000000678
811.765000000000679
816.109000000000683
816.465000000000684
818.779000000000686
819.380000000000686
819.787000000000686
820.217000000000687
820.532000000000687
826.130000000000692
826.552000000000692
827.108000000000693
828.301000000000694
828.938000000000695
844.178000000000708
845.063000000000709
845.397000000000709
846.19100000000071
846.79300000000071
850.628000000000714
851.023000000000714
851.248000000000714
851.676000000000715
852.100000000000715
852.730000000000716
853.349000000000716
853.815000000000717
854.158000000000717
865.231000000000727
866.589000000000728
867.120000000000728
868.066000000000729
868.55500000000073
868.62000000000073
1049.65300000000089
1052.17800000000089
1052.57400000000089
1053.71600000000089
1053.95400000000089
1062.3680000000009
1062.7520000000009
1064.1880000000009
1065.4510000000009
1066.28600000000091
1077.31800000000092
1077.73700000000092
1078.51200000000092
1079.91700000000092
1080.24500000000092
1086.89700000000092
1087.19000000000092
1087.41000000000092
1088.84200000000093
1089.31200000000093
1094.30000000000093
1094.89500000000093
1096.02200000000093
1096.35800000000093
1096.79300000000093
1097.27100000000093
1104.56600000000094
1105.46100000000094
1105.69000000000094
1106.55200000000094
1106.73400000000094
1115.90200000000095
1116.95200000000095
1117.66800000000095
1118.62000000000095
1119.14300000000095
1125.52700000000096
1126.03100000000096
1126.27300000000096
1126.54900000000096
1127.63600000000096
1132.88000000000096
1133.28000000000096
1133.97300000000097
1134.50400000000097
1134.71400000000097
1140.08100000000097
1140.44800000000097
1141.01100000000097
1142.03900000000097
1142.41100000000097
1152.91800000000098
1153.31200000000098
1154.29200000000098
1154.83900000000098
1155.72900000000098
1162.79300000000099
1163.19100000000099
1163.44500000000099
1164.46200000000099
1165.79500000000099
1171.421000000001
1171.770000000001
1172.295000000001
1172.655000000001
1173.377000000001
1181.16700000000101
1181.47200000000101
1182.36500000000101
1182.78500000000101
1184.18500000000101
1195.49800000000102
1196.07100000000102
1196.82700000000102
1197.57500000000102
1200.12300000000102
1210.19600000000103
1210.91600000000103
1212.17300000000103
1215.16300000000104
1215.52600000000104
100
-1
14.66300000000000029
24.5629999999999931
33.5449999999999881
43.8999999999999973
56.6430000000000087
65.9260000000000169
75.8470000000000257
87.3240000000000359
94.4590000000000422
106.7310000000000532
113.8950000000000595
129.841000000000074
137.12800000000008
146.443000000000088
155.102000000000096
162.383000000000103
170.46800000000011
178.734000000000117
187.051000000000124
195.395000000000132
203.822000000000139
211.338000000000146
231.398000000000164
243.361000000000174
252.526000000000183
261.835000000000191
271.114000000000199
284.490000000000211
292.033000000000218
301.418000000000226
308.766000000000233
317.49300000000024
335.447000000000256
344.850000000000265
353.144000000000272
361.284000000000279
373.47400000000029
380.915000000000297
391.049000000000306
400.084000000000314
408.169000000000321
424.691000000000336
432.173000000000342
443.055000000000352
452.78600000000036
460.289000000000367
468.972000000000375
478.187000000000383
489.614000000000393
497.982000000000401
508.86600000000041
516.664000000000417
525.808000000000425
532.347000000000431
551.955000000000449
562.698000000000458
570.949000000000465
583.027000000000476
591.037000000000483
599.878000000000491
609.169000000000499
618.027000000000507
660.387000000000545
672.240000000000555
678.947000000000561
692.939000000000574
702.097000000000582
710.99700000000059
718.721000000000597
729.893000000000607
738.683000000000614
749.700000000000624
757.738000000000631
766.029000000000639
774.500000000000646
783.423000000000654
791.226000000000661
799.978000000000669
811.765000000000679
820.532000000000687
828.938000000000695
846.79300000000071
854.158000000000717
868.55500000000073
1053.95400000000089
1066.28600000000091
1080.24500000000092
1089.31200000000093
1097.27100000000093
1106.73400000000094
1119.14300000000095
1127.63600000000096
1134.71400000000097
1142.41100000000097
1155.72900000000098
1165.79500000000099
1173.377000000001
1184.18500000000101
1200.12300000000102
1215.52600000000104
5
0
5000
0
0
0
0
2700
99
0
0
0
0
0
0
1215.52600000000104
0
0
0
0
0
0
