11
28
19
11
28
19
cPPR1.12
PR3_day4
0
2
10
44
50
12
45
32
23
3
.3
1
1194
1
29
1
1
1
1
1
1
1
1
1
1
1
1
1
1
1
1
1
1
1
1
1
184
1193
-1
13.99100000000000028
14.32600000000000028
20.2719999999999967
21.5389999999999956
23.0779999999999943
23.9119999999999936
39.9809999999999939
41.1379999999999949
43.8249999999999973
44.592999999999998
46.9940000000000001
49.7330000000000025
50.3390000000000031
50.5700000000000033
58.0460000000000099
81.5890000000000308
84.1610000000000331
84.7550000000000336
86.302000000000035
86.6670000000000353
90.799000000000039
91.5050000000000396
93.7300000000000416
94.0370000000000419
94.2910000000000421
95.1990000000000429
96.9940000000000445
98.5810000000000459
99.6500000000000469
100.4300000000000476
101.4220000000000484
105.427000000000052
107.9560000000000542
109.0320000000000552
109.8760000000000559
113.1750000000000589
114.8510000000000604
115.9190000000000613
118.8860000000000639
119.5800000000000646
124.8180000000000692
128.716000000000073
129.295000000000073
131.697000000000075
132.524000000000076
133.471000000000077
134.233000000000078
135.597000000000079
156.507000000000097
157.341000000000098
188.130000000000125
188.751000000000126
191.735000000000129
194.454000000000131
195.048000000000132
196.125000000000133
196.444000000000133
198.215000000000134
201.627000000000137
247.660000000000178
248.917000000000179
250.386000000000181
251.199000000000181
252.301000000000182
252.840000000000183
253.750000000000184
260.98500000000019
261.535000000000191
262.858000000000192
264.703000000000193
265.281000000000194
265.708000000000194
266.343000000000195
266.742000000000195
267.512000000000196
270.341000000000198
270.929000000000199
271.8320000000002
281.413000000000208
281.777000000000209
283.25600000000021
286.360000000000213
286.749000000000213
287.810000000000214
289.612000000000216
289.980000000000216
290.877000000000217
291.706000000000217
293.251000000000219
294.40300000000022
297.388000000000222
297.956000000000223
299.329000000000224
302.880000000000227
303.209000000000228
303.837000000000228
304.385000000000229
305.49100000000023
306.40000000000023
307.177000000000231
307.503000000000231
328.72600000000025
330.461000000000252
331.118000000000252
331.991000000000253
333.532000000000255
334.796000000000256
335.536000000000256
335.871000000000257
337.962000000000258
343.366000000000263
343.509000000000263
343.890000000000264
344.008000000000264
344.666000000000264
347.124000000000267
348.574000000000268
349.149000000000268
349.808000000000269
352.496000000000271
371.251000000000288
372.255000000000289
372.664000000000289
373.11300000000029
383.353000000000299
383.614000000000299
402.079000000000315
404.178000000000317
405.261000000000318
406.65500000000032
407.15800000000032
408.705000000000321
412.304000000000325
415.856000000000328
418.37600000000033
418.76500000000033
419.282000000000331
419.820000000000331
421.059000000000332
421.675000000000333
424.573000000000335
425.376000000000336
426.934000000000338
428.395000000000339
428.800000000000339
429.63500000000034
430.318000000000341
431.947000000000342
432.806000000000343
438.746000000000348
439.380000000000349
439.478000000000349
439.897000000000349
440.233000000000349
464.602000000000371
466.679000000000373
468.297000000000374
473.555000000000379
474.155000000000379
474.87700000000038
476.873000000000382
479.569000000000384
480.462000000000385
481.558000000000386
482.978000000000387
483.584000000000388
485.45300000000039
487.300000000000391
490.768000000000394
497.0820000000004
497.6880000000004
498.250000000000401
498.707000000000401
499.266000000000402
501.365000000000404
502.136000000000404
503.201000000000405
503.796000000000406
504.196000000000406
505.004000000000407
507.153000000000409
507.485000000000409
512.412000000000413
513.484000000000414
514.457000000000415
540.200000000000438
542.24600000000044
546.364000000000444
546.809000000000444
547.704000000000445
548.478000000000445
549.162000000000446
549.801000000000447
550.250000000000447
550.509000000000447
550.749000000000448
552.327000000000449
553.17900000000045
553.90700000000045
556.978000000000453
557.666000000000454
557.958000000000454
561.228000000000457
561.964000000000457
562.405000000000458
566.864000000000462
567.970000000000463
568.297000000000463
569.318000000000464
570.098000000000465
570.853000000000465
572.426000000000467
574.944000000000469
575.89000000000047
577.023000000000471
577.750000000000471
584.464000000000477
585.447000000000478
586.408000000000479
591.413000000000484
591.848000000000484
592.823000000000485
593.314000000000485
593.548000000000486
593.866000000000486
594.533000000000486
596.817000000000488
598.46200000000049
600.140000000000491
606.182000000000497
610.865000000000501
612.680000000000502
614.333000000000504
614.694000000000504
615.180000000000505
617.196000000000506
621.71800000000051
622.714000000000511
626.697000000000515
627.086000000000515
629.716000000000518
631.489000000000519
632.45900000000052
645.251000000000531
649.054000000000535
649.866000000000536
651.144000000000537
652.848000000000538
653.765000000000539
658.803000000000543
660.594000000000545
661.429000000000546
662.557000000000547
662.966000000000547
663.610000000000548
664.426000000000548
665.028000000000549
676.196000000000559
677.48900000000056
678.648000000000561
679.551000000000562
680.785000000000563
681.349000000000564
681.709000000000564
682.552000000000565
683.175000000000565
683.731000000000566
684.251000000000566
685.071000000000567
686.429000000000568
688.94100000000057
689.795000000000571
690.299000000000571
693.121000000000574
695.326000000000576
697.741000000000578
698.108000000000578
701.978000000000582
705.739000000000585
707.526000000000587
763.955000000000637
765.291000000000638
767.18600000000064
768.574000000000641
771.301000000000643
772.614000000000644
773.202000000000645
774.630000000000646
774.959000000000647
775.516000000000647
777.500000000000649
779.08400000000065
779.455000000000651
780.482000000000652
781.055000000000652
782.487000000000653
782.976000000000654
783.185000000000654
791.423000000000661
792.439000000000662
796.671000000000666
797.207000000000666
798.037000000000667
799.220000000000668
800.598000000000669
801.49000000000067
802.174000000000671
804.543000000000673
805.589000000000674
808.823000000000677
813.724000000000681
819.835000000000686
851.908000000000715
852.690000000000716
856.184000000000719
856.694000000000719
859.354000000000722
859.822000000000722
860.380000000000722
874.731000000000735
876.230000000000737
876.669000000000737
877.497000000000738
878.787000000000739
885.072000000000744
887.225000000000746
888.288000000000747
889.607000000000748
890.395000000000749
891.24400000000075
891.99600000000075
893.168000000000752
894.498000000000753
895.725000000000754
896.147000000000754
897.174000000000755
898.072000000000756
898.714000000000756
899.320000000000757
900.873000000000758
901.864000000000759
914.21700000000077
915.868000000000772
916.393000000000772
919.654000000000775
919.929000000000775
922.207000000000777
922.444000000000778
922.816000000000778
923.932000000000779
925.02400000000078
927.199000000000782
928.778000000000783
930.391000000000785
931.510000000000786
934.388000000000788
934.820000000000789
935.014000000000789
942.704000000000796
947.1400000000008
948.259000000000801
952.831000000000805
955.946000000000807
956.705000000000808
959.00200000000081
959.11200000000081
961.042000000000812
963.050000000000814
963.403000000000814
965.927000000000816
966.796000000000817
967.318000000000817
968.815000000000819
969.66800000000082
969.84700000000082
970.71700000000082
972.072000000000822
975.726000000000825
978.896000000000828
980.171000000000829
980.585000000000829
980.93100000000083
981.59800000000083
982.130000000000831
982.604000000000831
983.302000000000832
987.661000000000836
987.849000000000836
998.968000000000846
1012.583000000000858
1015.05500000000086
1016.086000000000861
1016.551000000000861
1019.172000000000864
1020.024000000000864
1020.761000000000865
1021.993000000000866
1022.944000000000867
1023.439000000000867
1026.56300000000087
1027.27500000000087
1028.84000000000087
1029.09900000000087
1032.73700000000088
1034.09400000000088
1034.99700000000088
1036.28000000000088
1037.63500000000088
1038.19700000000088
1038.95300000000088
1041.17900000000088
1041.56000000000088
1042.25500000000088
1043.53500000000089
1048.78400000000089
1049.10900000000089
1051.79400000000089
1052.87600000000089
1055.0570000000009
1055.6920000000009
1056.1390000000009
1057.4380000000009
1058.0400000000009
1058.6620000000009
1059.0710000000009
1060.4160000000009
1060.7600000000009
1061.4160000000009
1062.0440000000009
1064.1570000000009
1065.3690000000009
1066.00100000000091
1067.94500000000091
1068.58400000000091
1069.61600000000091
1071.74700000000091
1072.03800000000091
1072.32400000000091
1107.67700000000094
1108.49000000000094
1109.03600000000094
1111.21300000000095
1111.47700000000095
1112.49700000000095
1113.35700000000095
1113.55300000000095
1119.57300000000095
1121.61900000000095
1122.01000000000095
1123.16400000000096
1123.58400000000096
1124.40100000000096
1126.24700000000096
1127.19500000000096
1128.12700000000096
1129.30000000000096
1129.67400000000096
1130.08700000000096
1130.83700000000096
1131.03500000000096
1131.42900000000096
1131.73700000000096
1133.78500000000097
1134.78600000000097
1135.38000000000097
1135.91100000000097
1136.23700000000097
1137.00400000000097
1138.38000000000097
1138.67400000000097
1139.27400000000097
1139.82600000000097
1142.29800000000097
1143.92900000000097
1145.06200000000098
1146.09500000000098
1146.20900000000098
1146.46500000000098
1146.83400000000098
1147.84100000000098
1151.24500000000098
1151.58100000000098
1156.25900000000099
1159.16900000000099
1161.46700000000099
1162.33700000000099
1164.74400000000099
1170.233000000001
1171.153000000001
1171.995000000001
1172.172000000001
1209.86600000000103
1210.68800000000103
1211.24200000000103
1213.64600000000104
1218.27400000000104
1221.87600000000104
1222.37800000000104
1223.84200000000105
1234.46000000000105
1236.16100000000106
1236.74400000000106
1238.79600000000106
1239.19900000000106
1240.86200000000106
1243.33100000000106
1245.67500000000106
1247.94500000000107
1250.57100000000107
1251.43200000000107
1252.55400000000107
1253.05600000000107
1254.24900000000107
1254.74100000000107
1255.08000000000107
1255.48900000000107
1256.61000000000107
1258.36600000000108
1262.71000000000108
1266.04000000000108
1266.60400000000108
1267.47200000000108
1268.66200000000109
1270.06600000000109
1270.34300000000109
1271.27700000000109
1271.84800000000109
1277.50200000000109
1279.73000000000109
1281.1910000000011
1283.3080000000011
1284.2460000000011
1284.8220000000011
1285.6080000000011
1288.0370000000011
1289.2280000000011
1290.6760000000011
1291.19500000000111
1292.19900000000111
1313.57900000000112
1314.03300000000113
1315.97800000000113
1318.93000000000113
1320.35900000000113
1327.32700000000114
1332.66200000000114
1383.62200000000119
1385.19100000000119
1388.54400000000119
1389.60200000000119
1390.40400000000119
1390.99300000000119
1391.93400000000119
1392.8620000000012
1393.4570000000012
1394.4930000000012
1395.2740000000012
1396.2020000000012
1396.9830000000012
1400.9750000000012
1402.0900000000012
1403.5060000000012
1405.29200000000121
1405.84700000000121
1407.26700000000121
1408.99600000000121
1414.00400000000121
1417.49300000000122
1418.52600000000122
1420.33200000000122
1421.01300000000122
1422.21600000000122
1423.34000000000122
1424.49400000000122
1425.51200000000122
1430.00500000000123
1433.97700000000123
1438.11700000000124
1440.62100000000124
1442.60200000000124
1445.54000000000124
1446.45100000000124
1446.86800000000124
1449.08600000000125
1451.99900000000125
1454.27500000000125
1460.42200000000126
1460.63900000000126
1461.23000000000126
1462.65400000000126
1464.02700000000126
1464.93800000000126
1472.98400000000127
1474.68900000000127
1475.50800000000127
1477.36800000000127
1480.71100000000127
1481.14200000000127
1482.59700000000128
1484.40100000000128
1485.36000000000128
1487.92100000000128
1492.18900000000128
1497.17000000000129
1567.35300000000135
1569.02600000000135
1569.18500000000135
1569.53700000000135
1570.14000000000135
1570.72700000000135
1571.79100000000135
1574.26600000000136
1578.31900000000136
1581.12000000000136
1582.29700000000136
1582.60200000000136
1582.93000000000136
1583.47700000000136
1584.82500000000137
1585.72300000000137
1587.90900000000137
1590.73000000000137
1592.47600000000137
1597.26700000000138
1598.77300000000138
1600.75700000000138
1604.79800000000138
1608.03400000000139
1609.18900000000139
1610.40700000000139
1616.04500000000139
1616.78300000000139
1618.0770000000014
1619.3400000000014
1619.7590000000014
1620.2790000000014
1622.7700000000014
1626.2400000000014
1628.6380000000014
1629.64900000000141
1630.95700000000141
1631.61400000000141
1637.51200000000141
1638.29600000000141
1638.97000000000141
1735.0670000000015
1736.0600000000015
1737.5580000000015
1738.2790000000015
1740.4890000000015
1741.1320000000015
1742.02300000000151
1743.49900000000151
1745.09300000000151
1745.64300000000151
1746.53800000000151
1747.48900000000151
1758.84100000000152
1759.78800000000152
1760.21400000000152
1761.01500000000152
1763.49800000000152
1764.21900000000153
1766.32300000000153
1766.93200000000153
1787.71400000000155
1852.7190000000016
1900.45900000000165
1902.29400000000165
1902.96300000000165
1906.51500000000165
1909.84300000000165
1910.47600000000166
1911.12200000000166
1918.77400000000166
1919.75000000000166
1920.19800000000166
1920.83300000000166
1921.24500000000166
1922.00800000000167
1922.50700000000167
1923.24700000000167
1924.43500000000167
1925.25200000000167
1925.84300000000167
1927.27400000000167
1927.96300000000167
1928.48600000000167
1930.34700000000167
1930.97200000000167
1933.09900000000168
1934.35700000000168
1935.98300000000168
1939.16200000000168
1942.63900000000168
1944.20400000000168
1948.05600000000169
1949.07500000000169
1950.78200000000169
1951.81800000000169
1958.4050000000017
1961.9200000000017
1966.0780000000017
1970.43400000000171
1971.97100000000171
1975.28300000000171
1976.57500000000171
1978.03700000000172
1978.47300000000172
1980.56800000000172
1982.97600000000172
1983.54800000000172
1984.00000000000172
1984.68200000000172
1988.09500000000172
1988.24800000000172
1988.67200000000172
1989.19600000000172
1994.24600000000173
1999.23400000000173
2000.97400000000174
2001.63700000000174
2001.93600000000174
2004.69000000000174
2005.56800000000174
2006.27900000000174
2007.79500000000174
2010.72200000000174
2011.87100000000175
2053.67100000000115
2055.19800000000098
2055.87600000000091
2056.40300000000085
2065.81899999999981
2069.43999999999942
2082.09299999999802
2086.28899999999756
2101.82599999999585
2102.33599999999579
2120.81499999999376
2130.4299999999927
2131.2839999999926
2153.31899999999018
2154.50999999999005
2163.95099999998901
2168.91899999998846
2182.54899999998696
2183.21699999998689
2195.39899999998554
2198.10699999998525
2199.49699999998509
2200.61999999998497
2202.92099999998472
2203.70299999998463
2204.51299999998454
2205.10599999998447
2206.23399999998435
2206.91199999998428
2211.65199999998375
2223.42599999998246
2224.29699999998236
2228.14899999998194
2233.99099999998129
2241.76299999998044
2243.11499999998029
2274.56599999997682
2276.26999999997664
2276.80299999997658
2277.27399999997653
2278.92399999997634
2280.16399999997621
2281.36499999997608
2282.9449999999759
2285.94199999997557
2286.79399999997548
2293.30699999997476
2327.23399999997102
2330.88599999997062
2334.24899999997025
2334.7209999999702
2336.79699999996997
2342.52899999996934
2344.75699999996909
2345.25599999996904
2345.97899999996896
2347.13799999996883
2349.57799999996856
2351.21999999996838
2351.72999999996833
2352.30599999996826
2355.17199999996795
2356.4719999999678
2357.22499999996772
2357.96299999996764
2359.38999999996748
2360.1769999999674
2405.19899999996244
2406.60199999996228
2408.2569999999621
2416.83099999996116
2418.40799999996098
2420.18399999996079
2425.88699999996016
2427.96399999995993
2429.25399999995979
2431.17599999995958
2431.62699999995953
2433.40999999995933
2434.44399999995922
2434.94499999995916
2436.62499999995898
2437.73599999995885
2438.32299999995879
2440.36999999995856
2446.56999999995788
2446.94399999995784
2447.40499999995779
2448.57599999995766
2450.58399999995744
2453.73899999995709
2454.85499999995697
2456.69699999995677
2457.40099999995669
2459.60699999995645
2461.44299999995624
2462.7529999999561
2463.73899999995599
2465.18099999995583
2469.47099999995536
2471.58399999995513
2472.65099999995501
2484.23399999995373
2492.06699999995287
2500.73599999995192
2501.25099999995186
2502.27199999995175
2504.09499999995155
2517.32399999995009
2519.10699999994989
2586.42599999994248
2587.51799999994236
2588.86599999994221
2589.27599999994216
2589.78499999994211
2591.82399999994188
2592.10999999994185
2592.6129999999418
2594.14999999994163
2596.11399999994141
2596.40199999994138
2597.1589999999413
2597.74799999994123
2598.25599999994118
2598.75199999994112
2599.98099999994099
2600.94399999994088
2601.78499999994079
2603.02199999994065
2605.79699999994034
2605.94499999994033
2606.1609999999403
2606.36899999994028
2607.01299999994021
2608.58499999994004
2609.48699999993994
2612.72799999993958
2681.15599999993205
2682.20799999993193
2685.77999999993154
2689.89099999993108
2690.37899999993103
2718.7889999999279
2720.12199999992775
2721.35099999992762
2722.31499999992751
2726.55599999992705
2728.41499999992684
2737.65799999992582
2804.96999999991841
2806.78899999991821
2811.16399999991773
2815.78099999991722
2816.97099999991709
2818.29599999991694
2818.96099999991687
2820.11399999991674
2836.40699999991495
2837.08399999991487
2842.39299999991429
2845.52099999991394
2847.14899999991376
2847.54399999991372
2852.2459999999132
2856.10999999991278
2907.11299999990716
2909.4769999999069
2910.11399999990683
2910.56999999990678
2912.1559999999066
2913.16099999990649
2913.73999999990643
2914.63699999990633
2918.06999999990595
2919.5039999999058
2921.44599999990558
2921.92499999990553
2924.40199999990526
2926.32099999990504
2930.10299999990463
2930.70499999990456
2931.05299999990452
2931.88099999990443
2934.61499999990413
2938.91199999990366
3003.76999999989651
3191.34299999987586
3202.7869999998746
3203.80799999987448
3205.19199999987433
3206.4269999998742
3206.68499999987417
3207.41799999987409
3210.14699999987379
3213.71099999987339
3215.02199999987325
3216.07199999987313
3218.34099999987288
3219.0889999998728
3220.49699999987265
3221.16199999987257
3222.07099999987247
3223.34799999987233
3227.72999999987185
3228.96899999987171
3230.95499999987149
3231.39599999987144
3232.41999999987133
3234.05499999987115
3235.00699999987105
3250.22399999986937
3251.01699999986928
3252.31799999986914
3252.87099999986908
3254.38899999986891
3256.47499999986868
3256.75299999986865
3257.37199999986858
3285.06899999986553
3289.27099999986507
3290.22099999986497
3316.09299999986212
3316.71099999986205
3317.82699999986193
3319.40799999986175
3321.07499999986157
3349.71399999985841
3351.01299999985827
3351.41899999985823
3352.07699999985815
3355.67099999985776
3356.34699999985768
3358.0559999998575
3367.87599999985641
3400.33699999985284
3401.24599999985274
3403.71999999985247
3404.41199999985239
3515.29299999984018
3520.86999999983956
3522.30099999983941
3560.85399999983516
3562.64199999983496
3780.10599999981101
3780.81799999981093
3786.88799999981027
3787.60399999981019
3791.73699999980973
3792.9589999998096
3793.44499999980954
3799.07599999980892
3799.58799999980887
3800.93199999980872
3807.40999999980801
3807.76099999980797
3809.69099999980776
3828.44499999980569
3832.36199999980526
3833.08699999980518
3834.12299999980506
3837.51299999980469
3838.12499999980462
3839.77399999980444
3854.89999999980278
3856.24599999980263
3857.08499999980254
4226.86399999976181
4229.51499999976152
4232.24999999976122
4233.10399999976112
4234.58899999976096
4235.04299999976091
4236.51799999976075
4241.54999999976019
4241.87399999976016
4242.89499999976004
4244.34899999975988
4247.8709999997595
4248.47799999975943
4249.38999999975933
4255.55299999975865
4308.16799999975286
4572.44099999972375
4573.10399999972368
4645.89099999971566
4646.82499999971556
4703.22199999970935
4703.94699999970927
4708.91399999970872
4710.97399999970849
4721.96699999970728
4724.45399999970701
4726.19899999970682
4726.3029999997068
4727.63899999970666
4752.29699999970394
4754.65599999970368
4755.34899999970361
4756.57899999970347
4757.65499999970335
4758.66899999970324
4762.90099999970277
4768.80899999970212
4770.93899999970189
4777.02899999970122
4794.20599999969933
4796.06699999969912
4798.43999999969886
4800.21699999969866
4802.94699999969836
4804.32299999969821
4876.89999999969022
4878.24399999969007
4885.02599999968932
4885.79599999968924
4886.55599999968916
4890.62499999968871
4915.67799999968595
4916.73599999968583
4917.61799999968573
4918.11299999968568
4929.59199999968442
4947.20599999968248
4948.85699999968229
4949.13199999968226
4950.41099999968212
4952.54499999968189
4953.91199999968174
4959.6569999996811
4960.634999999681
4961.80099999968087
4962.96699999968074
4963.68599999968066
4963.80499999968065
4964.31799999968059
4964.70799999968055
4966.0059999996804
4967.74099999968021
4968.61499999968012
4969.82599999967998
4970.95999999967986
4971.79999999967977
4978.20199999967906
4983.53399999967848
5001.53799999967649
5002.86399999967635
5004.49599999967617
5008.06899999967577
5008.55399999967572
5009.17999999967565
5010.10199999967555
5010.5849999996755
5011.36599999967541
5012.44899999967529
5013.3059999996752
5014.35699999967508
5015.9999999996749
5024.01099999967402
5027.30699999967365
5028.63199999967351
5034.25899999967289
5034.82099999967283
5035.25899999967278
5036.72199999967262
5041.84599999967205
5087.729999999667
5091.63699999966657
5095.71799999966612
5105.54099999966504
5152.46799999965987
5154.27499999965967
5154.53499999965964
5155.16799999965957
5158.15799999965924
5163.9859999996586
5175.54199999965733
5178.34099999965702
5188.96299999965585
5196.86799999965498
5200.70699999965456
5201.2429999996545
5204.04599999965419
5208.09999999965374
5208.5279999996537
5211.81299999965333
5212.37599999965327
5212.77199999965323
5213.63599999965313
5217.43699999965271
5218.4689999996526
5219.92899999965244
5221.65399999965225
5221.89399999965222
5222.84899999965212
5227.39499999965162
5228.62399999965148
5231.50599999965116
5232.39199999965107
5233.78399999965091
5241.1509999996501
5241.62299999965005
5247.35399999964942
5247.94699999964935
5248.62099999964928
5260.99499999964792
5278.22699999964602
5280.2279999996458
5281.28399999964568
5281.9979999996456
5283.28699999964546
5284.47499999964533
5286.11399999964515
5286.51399999964511
5288.3709999996449
5295.43199999964412
5337.21899999963952
5337.93299999963944
5340.1489999996392
5340.79099999963913
5341.49599999963905
5342.49799999963894
5347.25299999963842
5348.65699999963826
5349.15299999963821
5350.44299999963807
5363.7179999996366
5368.10999999963612
5377.62999999963507
5385.20699999963424
5491.62799999962252
5493.02899999962236
5498.1359999996218
5501.96999999962138
5502.42599999962133
5502.55699999962131
5504.06699999962115
5509.29099999962057
5511.07999999962037
5514.77199999961997
5516.79399999961974
5521.81299999961919
5523.03699999961906
5527.41599999961858
5528.48199999961846
5739.6469999995952
5745.91099999959451
5886.60699999957902
5908.42799999957661
5909.86099999957646
5910.66099999957637
5912.37799999957618
5921.18899999957521
5922.63699999957505
5934.69099999957372
5960.65999999957086
5993.74199999956722
5994.85899999956709
5995.83499999956699
6179.58199999954675
6183.94299999954627
6463.94699999951543
6467.07699999951509
6913.7159999994659
6933.6669999994637
28
-1
13.99200000000000028
23.9129999999999936
50.3400000000000031
94.0380000000000419
124.8190000000000692
201.628000000000137
271.8330000000002
307.178000000000231
383.615000000000299
440.234000000000349
514.458000000000415
586.409000000000479
665.029000000000549
782.977000000000654
901.865000000000759
987.662000000000836
1072.03900000000091
1171.996000000001
1332.66300000000114
1497.17100000000129
1766.93300000000153
2011.87200000000175
2360.1779999999674
2612.72899999993958
3235.00799999987105
4646.82599999971556
5041.84699999967205
5886.60799999957902
0
0
5000
0
0
0
0
7200
0
0
0
0
0
29
0
7200.00099999943437
1313.49300000000112
1800
0
85
0
1
4
7
10
13
16
19
22
25
28
31
34
37
40
43
46
49
52
55
58
61
64
67
70
73
76
79
82
85
88
91
94
97
100
103
106
109
112
115
118
121
124
127
130
133
136
139
142
145
148
151
154
157
160
163
166
169
172
175
178
181
184
187
190
193
196
199
202
205
208
211
214
217
220
223
226
229
232
235
238
241
244
247
250
253
256
259
262
265
268
271
274
277
280
283
286
289
292
295
298
301
304
307
310
313
316
319
322
325
328
331
334
337
340
343
346
349
352
355
358
361
364
367
370
373
376
379
382
385
388
391
394
397
400
403
406
409
412
415
418
421
424
427
430
433
436
439
442
445
448
451
454
457
460
463
466
469
472
475
478
481
484
487
490
493
496
499
502
505
508
511
514
517
520
523
526
529
532
535
538
541
544
547
550
