11
21
19
11
21
19
cPPR1.13
FR5_day4
0
3
11
14
28
12
03
23
24
2
.3
1
320
1
57
1
1
1
1
1
1
1
1
1
1
1
1
1
1
1
1
1
1
1
1
1
1
319
-1
16.3020000000000001
17.523999999999999
18.2429999999999984
19.0289999999999978
21.7299999999999955
35.4939999999999899
35.8379999999999902
36.1299999999999904
37.1819999999999914
37.3829999999999916
59.4790000000000112
60.0060000000000116
60.5200000000000121
61.3390000000000128
61.8110000000000132
67.5870000000000184
68.5210000000000192
69.1590000000000198
69.36100000000002
69.8450000000000204
76.4890000000000263
76.9140000000000267
77.3940000000000271
77.8450000000000275
78.428000000000028
81.784000000000031
84.5110000000000334
84.9690000000000338
85.5590000000000344
85.9370000000000347
86.5380000000000352
90.2960000000000386
93.9430000000000418
94.8300000000000426
95.297000000000043
95.6900000000000433
96.1910000000000438
97.0570000000000446
97.7060000000000451
101.3770000000000484
108.1550000000000544
108.7150000000000549
109.2890000000000554
110.0260000000000561
110.6960000000000567
114.3780000000000599
115.8720000000000613
116.3260000000000617
116.645000000000062
117.3020000000000625
118.0290000000000632
121.0370000000000658
139.728000000000082
140.127000000000083
140.696000000000083
140.916000000000084
141.917000000000084
166.420000000000106
166.761000000000106
167.871000000000107
169.761000000000109
170.22800000000011
173.148000000000112
173.878000000000113
174.277000000000113
174.573000000000113
174.909000000000114
175.827000000000115
176.325000000000115
177.001000000000116
177.736000000000116
178.221000000000117
181.55500000000012
184.301000000000122
184.752000000000122
185.464000000000123
186.606000000000124
187.219000000000125
190.416000000000127
199.495000000000136
200.173000000000136
200.351000000000136
200.776000000000137
201.538000000000137
209.284000000000144
209.638000000000145
209.957000000000145
210.445000000000145
210.745000000000146
211.891000000000147
212.371000000000147
213.106000000000148
214.783000000000149
215.69500000000015
233.515000000000166
233.756000000000166
234.711000000000167
235.802000000000168
235.957000000000168
239.831000000000171
242.348000000000174
243.583000000000175
244.010000000000175
244.313000000000175
244.646000000000176
249.88800000000018
250.635000000000181
251.161000000000181
252.021000000000182
252.300000000000182
255.921000000000186
258.355000000000188
260.92700000000019
261.27900000000019
261.712000000000191
262.437000000000191
265.829000000000194
278.125000000000205
278.435000000000206
278.952000000000206
279.810000000000207
280.523000000000208
285.288000000000212
287.787000000000214
288.075000000000214
288.596000000000215
290.078000000000216
291.894000000000218
314.110000000000237
314.627000000000238
314.875000000000238
317.28100000000024
317.63100000000024
324.966000000000247
325.818000000000248
326.509000000000248
327.128000000000249
327.430000000000249
331.692000000000253
332.868000000000254
333.157000000000254
333.430000000000254
333.799000000000255
334.195000000000255
338.819000000000259
339.51900000000026
339.73900000000026
340.693000000000261
341.131000000000261
341.581000000000262
392.862000000000307
398.472000000000312
399.202000000000313
400.278000000000314
402.384000000000316
408.698000000000321
412.341000000000325
412.908000000000325
414.344000000000326
417.027000000000329
424.661000000000336
425.377000000000336
426.401000000000337
426.994000000000338
427.320000000000338
431.396000000000342
434.488000000000344
436.174000000000346
437.726000000000347
439.626000000000349
442.849000000000352
449.506000000000358
450.400000000000358
450.657000000000359
453.044000000000361
453.682000000000361
457.781000000000365
458.970000000000366
459.784000000000367
460.079000000000367
460.531000000000367
461.725000000000368
466.750000000000373
470.611000000000376
471.369000000000377
471.725000000000377
472.030000000000378
472.711000000000378
477.967000000000383
486.36500000000039
487.684000000000392
488.892000000000393
489.602000000000393
496.284000000000399
498.910000000000401
499.306000000000402
499.752000000000402
500.593000000000403
504.167000000000406
546.575000000000444
551.836000000000448
556.562000000000453
557.433000000000453
558.479000000000454
562.186000000000458
563.594000000000459
565.30700000000046
566.477000000000461
566.719000000000462
567.693000000000463
568.249000000000463
572.205000000000467
573.889000000000468
575.96800000000047
576.57900000000047
577.016000000000471
577.516000000000471
584.947000000000478
585.371000000000478
585.703000000000479
588.233000000000481
588.887000000000481
595.700000000000487
596.310000000000488
598.07600000000049
606.276000000000497
608.048000000000498
617.347000000000507
617.596000000000507
617.957000000000507
618.234000000000507
618.739000000000508
622.550000000000511
638.071000000000525
638.647000000000526
638.908000000000526
639.327000000000526
639.934000000000527
651.482000000000537
652.005000000000537
652.514000000000538
652.775000000000538
653.420000000000539
660.512000000000545
660.818000000000545
661.297000000000546
661.804000000000546
662.855000000000547
670.431000000000554
677.55300000000056
678.591000000000561
678.985000000000561
679.337000000000562
684.752000000000566
692.073000000000573
692.703000000000574
693.203000000000574
693.551000000000574
708.143000000000587
708.426000000000588
709.129000000000588
709.666000000000589
710.98700000000059
716.389000000000595
794.442000000000664
794.710000000000664
795.805000000000665
796.362000000000666
796.980000000000666
825.672000000000692
826.087000000000692
826.601000000000692
827.008000000000693
827.968000000000694
840.330000000000705
844.256000000000708
844.612000000000708
845.147000000000709
845.546000000000709
846.48600000000071
846.81700000000071
847.596000000000711
848.103000000000712
848.553000000000712
865.354000000000727
866.355000000000728
866.681000000000728
867.199000000000729
869.964000000000731
887.101000000000746
888.359000000000747
888.720000000000748
891.87900000000075
892.265000000000751
902.39300000000076
902.74600000000076
903.09500000000076
903.488000000000761
904.194000000000761
912.480000000000769
913.51500000000077
914.14400000000077
914.472000000000771
914.954000000000771
920.927000000000776
924.58600000000078
925.46700000000078
927.046000000000782
927.441000000000782
945.910000000000798
946.545000000000799
946.925000000000799
947.2290000000008
947.7870000000008
953.030000000000805
953.723000000000805
954.586000000000806
955.205000000000807
957.573000000000809
56
-1
21.7299999999999955
37.3829999999999916
61.8110000000000132
69.8450000000000204
78.428000000000028
86.5380000000000352
96.1910000000000438
110.6960000000000567
121.0370000000000658
141.917000000000084
170.22800000000011
178.221000000000117
187.219000000000125
201.538000000000137
210.745000000000146
235.957000000000168
244.646000000000176
252.300000000000182
262.437000000000191
280.523000000000208
291.894000000000218
317.63100000000024
327.430000000000249
334.195000000000255
341.581000000000262
402.384000000000316
417.027000000000329
427.320000000000338
442.849000000000352
453.682000000000361
461.725000000000368
472.711000000000378
489.602000000000393
500.593000000000403
558.479000000000454
568.249000000000463
577.516000000000471
588.887000000000481
608.048000000000498
618.739000000000508
639.934000000000527
653.420000000000539
662.855000000000547
679.337000000000562
693.551000000000574
710.98700000000059
796.362000000000666
827.968000000000694
845.546000000000709
869.964000000000731
892.265000000000751
904.194000000000761
914.954000000000771
927.441000000000782
947.7870000000008
957.573000000000809
5
0
5000
0
0
0
0
2700
99
0
0
0
0
0
0
2700.79599999992988
0
0
0
0
0
0
