11
13
19
11
13
19
cPPR1.12
FR2_day3
0
2
9
55
01
10
13
30
24
2
.3
1
279
1
101
1
1
1
1
1
1
1
1
1
1
1
1
1
1
1
1
1
1
1
1
1
1
278
-1
5.1950000000000001
5.78500000000000011
6.74700000000000013
37.6809999999999918
39.2599999999999932
39.4399999999999934
43.3119999999999968
43.5989999999999971
44.5389999999999979
45.4949999999999988
46.0579999999999993
51.9170000000000045
54.3030000000000066
58.0420000000000099
58.3650000000000102
61.2890000000000128
61.7720000000000132
65.2080000000000163
65.5190000000000165
66.9760000000000178
67.7530000000000185
68.1650000000000189
75.1330000000000251
76.176000000000026
80.9980000000000303
81.2810000000000305
82.5760000000000317
84.4080000000000333
84.6460000000000335
87.3570000000000359
87.6940000000000362
88.7780000000000372
91.8160000000000399
92.6090000000000406
96.3280000000000439
97.3220000000000448
98.2050000000000456
98.630000000000046
102.4170000000000493
103.5910000000000504
107.1070000000000535
107.5060000000000538
110.6580000000000566
111.4640000000000574
111.9490000000000578
112.7000000000000584
113.1700000000000589
113.4990000000000592
114.0400000000000596
117.3770000000000626
117.7410000000000629
118.3320000000000634
119.2090000000000642
120.114000000000065
125.1090000000000695
126.1470000000000704
127.955000000000072
128.313000000000072
133.722000000000077
134.190000000000078
161.727000000000102
162.524000000000103
166.789000000000106
168.609000000000108
170.148000000000109
174.443000000000113
175.831000000000115
177.034000000000116
181.091000000000119
181.56400000000012
182.826000000000121
183.358000000000121
190.002000000000127
191.602000000000129
191.754000000000129
195.964000000000132
198.219000000000134
198.582000000000135
199.155000000000135
203.410000000000139
208.550000000000144
210.883000000000146
212.149000000000147
215.47500000000015
216.02200000000015
217.329000000000151
218.484000000000152
226.313000000000159
226.64700000000016
231.042000000000164
232.473000000000165
235.143000000000167
236.160000000000168
239.587000000000171
240.390000000000172
241.398000000000173
249.84000000000018
251.995000000000182
255.537000000000185
257.810000000000187
259.173000000000189
264.024000000000193
264.481000000000193
265.315000000000194
271.047000000000199
274.196000000000202
281.484000000000208
283.37900000000021
287.809000000000214
288.449000000000215
288.792000000000215
289.083000000000215
297.646000000000223
298.330000000000223
305.58400000000023
306.806000000000231
312.764000000000236
314.559000000000238
319.993000000000243
320.106000000000243
324.603000000000247
324.816000000000247
325.147000000000247
326.620000000000248
327.008000000000249
331.765000000000253
332.241000000000253
334.040000000000255
339.48400000000026
342.317000000000262
347.790000000000267
348.864000000000268
357.286000000000276
359.360000000000278
366.369000000000284
368.396000000000286
373.34800000000029
374.341000000000291
377.441000000000294
387.187000000000302
387.999000000000303
395.87600000000031
396.854000000000311
398.675000000000312
402.544000000000316
403.465000000000317
412.901000000000325
413.353000000000325
423.434000000000334
424.904000000000336
429.098000000000339
429.77200000000034
430.10900000000034
431.062000000000341
435.342000000000345
440.345000000000349
441.28300000000035
441.643000000000351
452.29900000000036
454.405000000000362
458.768000000000366
459.460000000000366
461.276000000000368
464.229000000000371
469.326000000000375
470.182000000000376
471.552000000000377
480.176000000000385
482.761000000000387
488.416000000000392
489.348000000000393
499.859000000000402
501.875000000000404
507.186000000000409
507.94100000000041
517.147000000000418
518.993000000000419
527.269000000000427
531.814000000000431
532.226000000000431
534.822000000000433
535.364000000000434
537.046000000000435
538.514000000000437
541.067000000000439
546.761000000000444
560.563000000000456
561.424000000000457
564.205000000000459
564.83200000000046
565.983000000000461
567.473000000000462
575.442000000000469
575.54700000000047
575.87900000000047
591.399000000000484
592.038000000000484
601.493000000000493
603.776000000000495
608.558000000000499
609.4730000000005
610.3860000000005
624.662000000000513
626.152000000000514
631.052000000000519
632.16700000000052
634.631000000000522
636.974000000000524
641.548000000000528
645.471000000000532
654.56800000000054
655.06500000000054
660.929000000000545
661.633000000000546
676.557000000000559
677.16800000000056
687.393000000000569
689.727000000000571
691.570000000000573
696.379000000000577
697.573000000000578
709.326000000000588
711.33600000000059
715.814000000000594
716.519000000000595
717.303000000000595
717.894000000000596
730.722000000000607
733.21200000000061
739.167000000000615
741.447000000000617
746.979000000000622
747.688000000000622
757.098000000000631
760.427000000000634
769.393000000000642
770.547000000000643
783.559000000000654
790.767000000000661
796.438000000000666
797.009000000000666
797.691000000000667
804.393000000000673
805.031000000000673
814.861000000000682
821.939000000000688
829.428000000000695
830.009000000000696
830.484000000000696
838.604000000000703
839.256000000000704
851.434000000000715
851.679000000000715
852.031000000000715
858.900000000000721
859.781000000000722
870.752000000000732
875.362000000000736
882.830000000000742
883.561000000000743
893.921000000000752
897.886000000000756
905.429000000000762
906.021000000000763
919.384000000000775
920.306000000000776
927.293000000000782
927.962000000000782
938.869000000000792
939.832000000000793
948.392000000000801
949.827000000000802
959.973000000000811
965.339000000000816
976.816000000000826
977.423000000000826
984.812000000000833
986.507000000000834
100
-1
5.78500000000000011
39.2599999999999932
45.4949999999999988
54.3030000000000066
61.7720000000000132
68.1650000000000189
76.176000000000026
84.4080000000000333
92.6090000000000406
98.630000000000046
107.5060000000000538
113.4990000000000592
120.114000000000065
127.955000000000072
134.190000000000078
162.524000000000103
170.148000000000109
177.034000000000116
183.358000000000121
191.602000000000129
198.582000000000135
210.883000000000146
218.484000000000152
226.64700000000016
235.143000000000167
241.398000000000173
251.995000000000182
259.173000000000189
265.315000000000194
274.196000000000202
283.37900000000021
289.083000000000215
298.330000000000223
306.806000000000231
314.559000000000238
320.106000000000243
327.008000000000249
334.040000000000255
342.317000000000262
348.864000000000268
359.360000000000278
368.396000000000286
377.441000000000294
387.999000000000303
396.854000000000311
403.465000000000317
413.353000000000325
424.904000000000336
435.342000000000345
441.643000000000351
454.405000000000362
464.229000000000371
471.552000000000377
482.761000000000387
489.348000000000393
501.875000000000404
507.94100000000041
518.993000000000419
531.814000000000431
538.514000000000437
560.563000000000456
567.473000000000462
575.54700000000047
592.038000000000484
603.776000000000495
610.3860000000005
626.152000000000514
634.631000000000522
645.471000000000532
655.06500000000054
661.633000000000546
677.16800000000056
689.727000000000571
697.573000000000578
711.33600000000059
717.894000000000596
733.21200000000061
741.447000000000617
747.688000000000622
760.427000000000634
770.547000000000643
790.767000000000661
797.009000000000666
805.031000000000673
821.939000000000688
830.009000000000696
839.256000000000704
851.679000000000715
859.781000000000722
875.362000000000736
883.561000000000743
897.886000000000756
906.021000000000763
920.306000000000776
927.962000000000782
939.832000000000793
949.827000000000802
965.339000000000816
977.423000000000826
986.507000000000834
2
0
5000
0
0
0
0
2700
99
0
0
0
0
0
0
986.507000000000834
0
0
0
0
0
0
