11
18
19
11
18
19
cPPR1.16
FR5_day1
0
2
11
20
00
11
54
18
24
2
.3
1
571
1
101
1
1
1
1
1
1
1
1
1
1
1
1
1
1
1
1
1
1
1
1
1
1
570
-1
11.30900000000000022
12.88700000000000026
13.86600000000000028
14.66700000000000029
15.1650000000000003
16.8989999999999996
18.6329999999999981
19.4789999999999974
37.6819999999999918
41.1589999999999949
41.7429999999999954
42.0669999999999957
42.410999999999996
48.0830000000000011
48.9180000000000018
60.0260000000000117
60.411000000000012
60.5270000000000121
61.1010000000000126
61.5980000000000131
64.6720000000000158
64.961000000000016
65.3650000000000164
66.025000000000017
66.6440000000000175
68.9550000000000196
69.1420000000000198
69.9810000000000205
74.7610000000000248
75.3350000000000253
75.7830000000000257
79.3590000000000288
79.8160000000000292
80.65100000000003
110.2170000000000562
110.5920000000000566
111.4440000000000573
112.5920000000000584
112.8360000000000586
131.062000000000075
133.430000000000077
135.422000000000079
137.31400000000008
138.824000000000082
143.807000000000086
144.310000000000087
145.266000000000087
147.350000000000089
147.513000000000089
148.69000000000009
153.021000000000094
154.250000000000095
154.369000000000095
155.232000000000096
156.077000000000097
166.012000000000106
166.366000000000106
170.17400000000011
172.192000000000111
172.734000000000112
174.573000000000113
175.122000000000114
177.393000000000116
177.790000000000116
185.809000000000123
186.961000000000124
187.437000000000125
190.107000000000127
190.335000000000127
190.832000000000128
195.265000000000132
196.710000000000133
197.614000000000134
197.968000000000134
198.827000000000135
200.028000000000136
204.61300000000014
204.94000000000014
205.03500000000014
206.108000000000141
206.515000000000142
207.433000000000143
207.812000000000143
208.759000000000144
211.997000000000147
212.353000000000147
214.292000000000149
218.144000000000152
220.652000000000154
221.088000000000155
222.572000000000156
228.212000000000161
228.723000000000162
229.751000000000162
232.507000000000165
233.835000000000166
238.53100000000017
239.497000000000171
240.678000000000172
240.887000000000172
241.823000000000173
242.591000000000174
243.099000000000174
248.084000000000179
248.570000000000179
248.796000000000179
251.671000000000182
252.323000000000182
269.075000000000197
269.881000000000198
272.4650000000002
273.675000000000201
274.050000000000202
274.537000000000202
275.426000000000203
286.434000000000213
287.012000000000213
290.393000000000216
290.752000000000217
291.400000000000217
292.101000000000218
300.362000000000225
300.953000000000226
301.680000000000226
302.973000000000227
304.735000000000229
309.535000000000233
309.996000000000234
313.514000000000237
317.00900000000024
318.296000000000241
321.056000000000244
321.277000000000244
329.153000000000251
333.608000000000255
333.903000000000255
335.006000000000256
336.143000000000257
337.180000000000258
341.267000000000261
341.959000000000262
342.531000000000263
345.432000000000265
349.411000000000269
349.896000000000269
357.774000000000276
359.282000000000277
363.676000000000281
366.503000000000284
367.533000000000285
373.08300000000029
373.85100000000029
374.797000000000291
376.462000000000293
377.783000000000294
384.5840000000003
389.796000000000305
392.920000000000307
393.952000000000308
399.161000000000313
399.638000000000313
403.156000000000316
406.264000000000319
408.163000000000321
408.575000000000321
411.515000000000324
412.199000000000324
416.566000000000328
418.61500000000033
425.952000000000337
430.540000000000341
431.202000000000341
432.728000000000343
433.643000000000344
459.411000000000366
462.485000000000369
463.90600000000037
464.878000000000371
465.284000000000372
470.969000000000377
472.166000000000378
472.879000000000378
473.442000000000379
475.556000000000381
476.132000000000381
476.376000000000381
488.947000000000393
489.373000000000393
490.617000000000394
490.822000000000394
491.299000000000395
491.753000000000395
497.4360000000004
500.980000000000403
503.748000000000406
508.92000000000041
510.293000000000412
510.671000000000412
515.796000000000416
516.310000000000417
516.958000000000417
518.245000000000419
522.104000000000422
522.456000000000422
529.041000000000428
529.489000000000429
533.562000000000432
538.007000000000436
543.031000000000441
555.396000000000452
555.830000000000452
557.327000000000453
558.223000000000454
558.418000000000454
559.195000000000455
559.877000000000456
568.677000000000463
569.787000000000464
574.910000000000469
578.147000000000472
582.121000000000475
583.110000000000476
587.22400000000048
589.542000000000482
590.770000000000483
594.455000000000486
595.606000000000487
598.66500000000049
598.81300000000049
610.575000000000501
612.384000000000502
613.520000000000503
613.730000000000503
614.272000000000504
622.166000000000511
627.068000000000515
629.055000000000517
631.743000000000519
633.033000000000521
633.270000000000521
640.017000000000527
640.718000000000527
642.498000000000529
644.02700000000053
644.735000000000531
650.213000000000536
650.981000000000536
651.608000000000537
655.09100000000054
656.983000000000542
661.878000000000546
662.433000000000547
663.872000000000548
665.93000000000055
668.026000000000552
670.610000000000554
671.292000000000555
676.307000000000559
680.518000000000563
683.199000000000565
683.829000000000566
734.585000000000611
739.901000000000616
740.457000000000616
742.014000000000617
743.101000000000618
743.521000000000619
744.050000000000619
748.277000000000623
749.360000000000624
762.132000000000635
766.404000000000639
767.70300000000064
786.763000000000657
794.449000000000664
797.817000000000667
803.665000000000672
806.313000000000674
807.565000000000676
808.444000000000676
825.908000000000692
826.541000000000692
828.496000000000694
831.245000000000697
834.285000000000699
840.494000000000705
842.324000000000706
845.97600000000071
849.144000000000712
852.458000000000715
857.50500000000072
858.354000000000721
858.753000000000721
859.910000000000722
861.804000000000724
864.280000000000726
865.494000000000727
872.706000000000733
873.452000000000734
875.393000000000736
876.071000000000736
876.932000000000737
885.626000000000745
886.663000000000746
888.708000000000748
893.035000000000752
893.791000000000752
902.89400000000076
903.868000000000761
906.437000000000763
907.363000000000764
911.573000000000768
917.857000000000774
918.779000000000774
920.834000000000776
921.224000000000777
927.912000000000782
935.564000000000789
941.640000000000795
944.803000000000798
970.48900000000082
975.146000000000824
980.95100000000083
982.397000000000831
982.707000000000831
984.584000000000833
986.358000000000834
1008.409000000000854
1009.529000000000855
1013.180000000000858
1014.521000000000859
1015.69900000000086
1022.320000000000866
1023.084000000000867
1024.26900000000087
1028.28000000000087
1029.35900000000087
1040.69100000000088
1048.78400000000089
1050.28600000000089
1055.8890000000009
1056.9780000000009
1066.96200000000091
1068.81200000000091
1074.07000000000091
1077.50400000000092
1079.57300000000092
1088.64400000000093
1094.63100000000093
1097.68000000000093
1100.28200000000094
1101.28200000000094
1108.34300000000094
1109.40600000000094
1112.71000000000095
1116.49900000000095
1118.14500000000095
1127.05000000000096
1128.12300000000096
1128.70500000000096
1132.22200000000096
1132.73600000000096
1133.14500000000096
1133.47100000000096
1140.11600000000097
1144.80900000000098
1145.15800000000098
1156.71900000000099
1158.81700000000099
1159.25900000000099
1168.407000000001
1169.477000000001
1173.860000000001
1174.653000000001
1179.72500000000101
1179.98800000000101
1180.18800000000101
1188.58800000000101
1193.20400000000102
1196.63700000000102
1203.46300000000103
1205.58900000000103
1205.96700000000103
1212.93300000000104
1213.85300000000104
1214.75000000000104
1220.10800000000104
1220.82500000000104
1230.01800000000105
1232.78000000000105
1234.32000000000105
1240.42000000000106
1241.81200000000106
1250.67300000000107
1263.11500000000108
1264.26600000000108
1268.40100000000108
1270.01000000000109
1271.77500000000109
1279.8210000000011
1281.1910000000011
1289.7690000000011
1293.39100000000111
1293.97900000000111
1302.57300000000112
1305.71700000000112
1313.18200000000112
1314.12900000000113
1316.54700000000113
1317.81900000000113
1324.70900000000113
1325.11200000000114
1328.14800000000114
1334.20800000000114
1334.91300000000114
1343.39800000000115
1343.73000000000115
1345.01300000000115
1348.53500000000116
1350.68300000000116
1361.70500000000117
1362.09000000000117
1364.38200000000117
1366.91900000000117
1368.07000000000117
1368.63800000000117
1375.47100000000118
1376.44200000000118
1381.29500000000119
1382.47500000000119
1384.94400000000119
1386.49900000000119
1394.6340000000012
1397.0530000000012
1398.4390000000012
1400.1580000000012
1403.90300000000121
1409.59100000000121
1423.37900000000122
1428.53000000000123
1429.96300000000123
1432.22300000000123
1443.27900000000124
1444.18100000000124
1445.59500000000124
1449.50300000000125
1453.96400000000125
1454.41400000000125
1461.45800000000126
1466.49100000000126
1468.14400000000126
1468.44000000000126
1471.37100000000127
1482.47000000000127
1487.56600000000128
1488.41400000000128
1489.26900000000128
1494.14100000000129
1501.13300000000129
1502.36100000000129
1505.2190000000013
1506.8370000000013
1508.4700000000013
1519.39100000000131
1520.55900000000131
1521.77200000000131
1525.72300000000131
1527.15200000000131
1537.07100000000132
1538.92600000000133
1540.23400000000133
1546.06100000000133
1546.84200000000133
1583.53200000000136
1584.17100000000137
1585.87300000000137
1586.29000000000137
1590.28200000000137
1590.52500000000137
1598.54700000000138
1599.39400000000138
1601.11100000000138
1602.42600000000138
1603.57000000000138
1604.34300000000138
1612.86900000000139
1618.1930000000014
1621.7920000000014
1623.6860000000014
1629.98000000000141
1630.49500000000141
1639.13700000000141
1639.58800000000141
1640.58700000000142
1641.08700000000142
1643.00800000000142
1655.80200000000143
1657.92100000000143
1666.01900000000144
1666.91500000000144
1667.54800000000144
1674.00600000000145
1674.54200000000145
1675.15200000000145
1675.90300000000145
1676.81300000000145
1686.99600000000146
1694.86500000000146
1696.21600000000146
1697.45400000000147
1698.95700000000147
1707.15300000000147
1708.36100000000148
1716.30500000000148
1718.23900000000148
1723.29200000000149
1723.77500000000149
1731.8820000000015
1733.8570000000015
1734.4650000000015
1736.0260000000015
1736.7230000000015
1737.2490000000015
1794.69600000000155
1797.03600000000155
1799.11500000000156
1801.55500000000156
1803.02100000000156
1816.16000000000157
1822.20300000000158
1824.30600000000158
1825.49200000000158
1829.24200000000158
1836.13000000000159
1838.03500000000159
1839.55100000000159
1843.1370000000016
1844.1160000000016
1845.5060000000016
1862.69200000000161
1866.85000000000162
1867.70900000000162
1871.82200000000162
1875.26600000000162
1893.10000000000164
1897.01400000000164
1897.23500000000164
1901.60900000000165
1902.26700000000165
1913.00700000000166
1913.99500000000166
1915.82300000000166
1918.39300000000166
1918.55200000000166
1920.12800000000166
1929.15400000000167
1929.29400000000167
1931.60300000000167
1933.62000000000168
1933.95800000000168
1939.95200000000168
1944.82500000000169
1950.05600000000169
1952.98500000000169
1954.80800000000169
1963.3980000000017
1963.6590000000017
1971.53400000000171
1978.80300000000172
1984.47000000000172
100
-1
15.1650000000000003
42.410999999999996
60.5270000000000121
69.9810000000000205
80.65100000000003
112.8360000000000586
138.824000000000082
148.69000000000009
166.012000000000106
177.393000000000116
190.335000000000127
200.028000000000136
208.759000000000144
222.572000000000156
233.835000000000166
242.591000000000174
252.323000000000182
274.050000000000202
291.400000000000217
304.735000000000229
321.056000000000244
336.143000000000257
349.896000000000269
367.533000000000285
377.783000000000294
399.161000000000313
412.199000000000324
432.728000000000343
465.284000000000372
475.556000000000381
491.299000000000395
510.293000000000412
522.104000000000422
543.031000000000441
558.418000000000454
582.121000000000475
598.66500000000049
614.272000000000504
633.033000000000521
644.735000000000531
656.983000000000542
670.610000000000554
734.585000000000611
743.521000000000619
786.763000000000657
807.565000000000676
834.285000000000699
852.458000000000715
864.280000000000726
876.932000000000737
893.791000000000752
911.573000000000768
927.912000000000782
975.146000000000824
986.358000000000834
1015.69900000000086
1029.35900000000087
1056.9780000000009
1079.57300000000092
1101.28200000000094
1118.14500000000095
1132.73600000000096
1158.81700000000099
1179.72500000000101
1205.58900000000103
1220.82500000000104
1241.81200000000106
1270.01000000000109
1293.97900000000111
1316.54700000000113
1334.91300000000114
1350.68300000000116
1368.07000000000117
1384.94400000000119
1403.90300000000121
1432.22300000000123
1453.96400000000125
1471.37100000000127
1494.14100000000129
1508.4700000000013
1527.15200000000131
1546.84200000000133
1590.28200000000137
1603.57000000000138
1629.98000000000141
1643.00800000000142
1667.54800000000144
1676.81300000000145
1698.95700000000147
1723.29200000000149
1736.7230000000015
1803.02100000000156
1829.24200000000158
1844.1160000000016
1875.26600000000162
1902.26700000000165
1918.55200000000166
1933.95800000000168
1954.80800000000169
1984.47000000000172
5
0
5000
0
0
0
0
2700
99
0
0
0
0
0
0
1984.47000000000172
0
0
0
0
0
0
