11
12
19
11
12
19
cPPR1.15
FR2_day2
0
1
12
12
43
12
58
33
24
2
.3
1
320
1
89
1
1
1
1
1
1
1
1
1
1
1
1
1
1
1
1
1
1
1
1
1
1
319
-1
2.14700000000000003
12.41300000000000024
14.69900000000000029
27.7279999999999904
28.5829999999999897
28.8069999999999895
31.5399999999999872
32.5589999999999873
32.8159999999999875
33.4539999999999881
34.0199999999999886
38.6769999999999927
42.368999999999996
42.7969999999999964
42.9739999999999965
43.471999999999997
44.3429999999999977
45.1569999999999985
53.1630000000000056
56.5540000000000086
58.8470000000000106
59.6830000000000114
61.7120000000000132
62.9660000000000143
63.9120000000000151
66.9170000000000178
78.6080000000000282
79.1410000000000286
83.1660000000000322
83.8710000000000328
84.5180000000000334
84.7420000000000336
88.568000000000037
99.5090000000000467
100.0010000000000472
102.7970000000000497
103.1180000000000499
116.1050000000000615
116.9170000000000622
119.2430000000000643
119.7010000000000647
121.3840000000000662
122.0000000000000667
122.9300000000000675
123.7970000000000683
126.5620000000000708
127.2360000000000714
127.961000000000072
129.829000000000074
130.285000000000074
132.665000000000076
132.977000000000076
134.875000000000078
136.054000000000079
136.75900000000008
139.932000000000083
142.291000000000085
142.731000000000085
144.960000000000087
145.503000000000088
145.933000000000088
147.278000000000089
148.900000000000091
149.457000000000091
151.971000000000093
152.474000000000094
153.066000000000094
154.204000000000095
155.258000000000096
156.169000000000097
158.791000000000099
159.2450000000001
159.5360000000001
159.9820000000001
161.398000000000102
162.458000000000103
165.874000000000106
166.255000000000106
166.803000000000106
167.556000000000107
168.432000000000108
169.814000000000109
172.821000000000112
173.322000000000112
173.542000000000112
174.229000000000113
174.515000000000113
175.050000000000114
176.190000000000115
176.326000000000115
179.281000000000118
179.890000000000118
180.197000000000118
188.324000000000126
188.814000000000126
193.21400000000013
193.44600000000013
194.404000000000131
195.736000000000132
198.255000000000134
198.781000000000135
199.179000000000135
199.640000000000136
200.162000000000136
200.268000000000136
201.175000000000137
203.330000000000139
205.802000000000141
223.927000000000157
224.323000000000158
229.258000000000162
231.067000000000164
231.515000000000164
241.779000000000173
242.549000000000174
245.419000000000176
246.182000000000177
247.134000000000178
248.919000000000179
249.84300000000018
251.840000000000182
252.703000000000183
252.941000000000183
253.805000000000184
254.587000000000184
255.451000000000185
256.398000000000186
273.324000000000201
275.628000000000203
279.984000000000207
280.478000000000207
282.498000000000209
282.99000000000021
284.632000000000211
285.807000000000212
286.222000000000213
287.336000000000214
289.266000000000215
292.042000000000218
294.67400000000022
294.87600000000022
295.643000000000221
296.046000000000221
296.979000000000222
297.979000000000223
298.774000000000224
302.532000000000227
302.890000000000227
303.545000000000228
305.93600000000023
307.512000000000231
317.791000000000241
318.118000000000241
322.393000000000245
322.821000000000245
323.278000000000245
323.615000000000246
324.372000000000246
326.699000000000248
327.771000000000249
328.28700000000025
329.490000000000251
330.080000000000252
331.992000000000253
333.957000000000255
334.626000000000256
337.823000000000258
338.952000000000259
342.251000000000262
355.316000000000274
357.976000000000276
361.258000000000279
361.83300000000028
364.374000000000282
364.910000000000282
367.364000000000285
368.693000000000286
369.508000000000287
370.569000000000287
371.594000000000288
382.769000000000298
383.403000000000299
405.687000000000319
406.318000000000319
414.337000000000326
415.054000000000327
415.484000000000327
418.29400000000033
418.69300000000033
419.862000000000331
420.378000000000332
421.043000000000332
424.321000000000335
425.058000000000336
427.061000000000338
427.751000000000338
432.437000000000342
433.690000000000344
434.689000000000344
437.305000000000347
438.054000000000347
439.999000000000349
441.00000000000035
444.527000000000353
444.866000000000353
445.996000000000354
447.336000000000356
448.646000000000357
456.002000000000363
456.653000000000364
461.405000000000368
461.864000000000369
462.077000000000369
462.486000000000369
464.848000000000371
465.482000000000372
465.810000000000372
467.555000000000374
468.354000000000374
472.193000000000378
474.95500000000038
476.652000000000382
481.340000000000386
482.472000000000387
483.362000000000388
486.625000000000391
489.068000000000393
490.202000000000394
492.764000000000396
496.7080000000004
498.362000000000401
500.773000000000403
503.925000000000406
505.396000000000407
508.85500000000041
509.163000000000411
509.696000000000411
535.976000000000434
537.012000000000435
569.071000000000464
571.809000000000466
600.464000000000492
602.128000000000493
635.344000000000523
673.552000000000557
674.473000000000557
677.51800000000056
677.96800000000056
678.507000000000561
680.349000000000563
681.966000000000564
693.464000000000574
694.709000000000575
701.489000000000581
704.290000000000584
708.391000000000588
708.995000000000588
709.590000000000589
712.604000000000591
719.598000000000597
727.482000000000604
728.459000000000605
731.642000000000608
759.654000000000633
760.724000000000634
764.968000000000638
765.660000000000638
766.827000000000639
770.800000000000643
774.759000000000646
776.163000000000648
777.255000000000649
815.598000000000683
816.107000000000683
821.296000000000688
911.378000000000768
938.920000000000792
946.356000000000799
948.329000000000801
957.034000000000808
958.019000000000809
965.261000000000816
965.971000000000816
972.128000000000822
972.832000000000822
982.486000000000831
983.116000000000832
988.566000000000836
989.109000000000837
996.951000000000844
997.653000000000844
1003.170000000000849
1004.47500000000085
1010.060000000000855
1011.398000000000857
1016.739000000000861
1020.691000000000865
1021.047000000000865
1027.77900000000087
1029.29300000000087
1034.68200000000088
1035.06500000000088
1042.60100000000088
1043.54800000000089
1048.20500000000089
1048.89900000000089
1050.18000000000089
1055.1500000000009
1055.9130000000009
1056.8520000000009
1062.9280000000009
1064.5160000000009
1065.3120000000009
1073.06900000000091
1075.66500000000091
1383.54800000000119
1385.26600000000119
1464.97700000000126
2470.51199999995524
88
-1
12.41300000000000024
28.5829999999999897
38.6769999999999927
45.1569999999999985
56.5540000000000086
63.9120000000000151
79.1410000000000286
84.7420000000000336
100.0010000000000472
116.9170000000000622
123.7970000000000683
130.285000000000074
136.75900000000008
142.731000000000085
149.457000000000091
156.169000000000097
162.458000000000103
169.814000000000109
176.190000000000115
188.814000000000126
195.736000000000132
203.330000000000139
224.323000000000158
231.515000000000164
242.549000000000174
249.84300000000018
256.398000000000186
275.628000000000203
282.99000000000021
292.042000000000218
298.774000000000224
307.512000000000231
318.118000000000241
324.372000000000246
331.992000000000253
338.952000000000259
357.976000000000276
364.910000000000282
371.594000000000288
383.403000000000299
406.318000000000319
415.054000000000327
421.043000000000332
427.751000000000338
434.689000000000344
441.00000000000035
448.646000000000357
456.653000000000364
462.077000000000369
468.354000000000374
476.652000000000382
483.362000000000388
490.202000000000394
498.362000000000401
505.396000000000407
537.012000000000435
571.809000000000466
602.128000000000493
673.552000000000557
681.966000000000564
694.709000000000575
704.290000000000584
712.604000000000591
727.482000000000604
760.724000000000634
770.800000000000643
777.255000000000649
816.107000000000683
938.920000000000792
948.329000000000801
958.019000000000809
965.971000000000816
972.832000000000822
983.116000000000832
989.109000000000837
997.653000000000844
1004.47500000000085
1011.398000000000857
1020.691000000000865
1029.29300000000087
1035.06500000000088
1043.54800000000089
1050.18000000000089
1056.8520000000009
1064.5160000000009
1075.66500000000091
1385.26600000000119
2470.51199999995524
2
0
5000
0
0
0
0
2700
99
0
0
0
0
0
0
2700.79599999992988
0
0
0
0
0
0
