11
11
19
11
11
19
cPPR1.16
FR2_day1
0
2
11
40
46
12
05
58
24
2
.3
1
242
1
101
1
1
1
1
1
1
1
1
1
1
1
1
1
1
1
1
1
1
1
1
1
1
241
-1
6.15800000000000012
8.49200000000000016
13.89200000000000028
16.1960000000000002
21.088999999999996
21.7809999999999954
25.9289999999999919
51.0880000000000037
54.4730000000000067
54.8370000000000071
58.4350000000000103
61.3580000000000128
61.6960000000000132
62.1920000000000136
66.6740000000000176
67.0480000000000179
70.4360000000000209
95.6710000000000433
100.1620000000000473
104.3830000000000511
106.6820000000000531
111.017000000000057
115.561000000000061
122.290000000000067
145.343000000000087
150.068000000000092
154.020000000000095
158.833000000000099
163.842000000000104
164.489000000000104
167.686000000000107
168.337000000000108
177.670000000000116
180.755000000000119
185.699000000000123
190.365000000000127
195.666000000000132
196.597000000000133
200.419000000000136
201.824000000000138
202.667000000000138
221.432000000000155
228.244000000000161
243.099000000000174
245.473000000000176
246.348000000000177
250.293000000000181
251.211000000000181
252.990000000000183
258.228000000000188
258.431000000000188
268.101000000000196
280.581000000000208
287.783000000000214
292.511000000000218
299.724000000000225
300.126000000000225
307.833000000000232
312.405000000000236
321.983000000000244
322.177000000000244
322.856000000000245
323.555000000000246
323.980000000000246
329.801000000000251
334.102000000000255
339.46400000000026
340.05200000000026
340.521000000000261
340.813000000000261
346.747000000000266
352.077000000000271
360.663000000000279
364.205000000000282
372.562000000000289
373.01800000000029
380.846000000000297
386.464000000000302
387.303000000000302
390.708000000000305
393.583000000000308
394.336000000000309
395.124000000000309
405.724000000000319
407.30200000000032
412.626000000000325
416.178000000000328
422.619000000000334
422.875000000000334
429.46100000000034
430.17400000000034
443.641000000000352
443.858000000000353
444.552000000000353
452.09200000000036
452.69500000000036
460.286000000000367
460.643000000000368
478.803000000000384
482.709000000000387
483.157000000000387
484.504000000000389
490.696000000000394
491.690000000000395
504.826000000000407
506.264000000000408
511.732000000000413
518.772000000000419
519.36300000000042
523.925000000000424
529.131000000000428
533.318000000000432
538.989000000000437
543.423000000000441
549.873000000000447
555.811000000000452
561.644000000000457
565.09000000000046
571.917000000000466
573.412000000000468
573.846000000000468
581.919000000000475
587.19200000000048
598.51700000000049
598.86800000000049
607.980000000000498
609.6640000000005
618.160000000000507
623.169000000000512
623.887000000000512
630.376000000000518
631.044000000000519
643.41400000000053
648.082000000000534
649.588000000000535
653.753000000000539
656.274000000000541
663.847000000000548
667.912000000000552
674.388000000000557
679.019000000000561
679.559000000000562
685.996000000000568
689.380000000000571
699.065000000000579
699.92800000000058
710.491000000000589
716.592000000000595
725.307000000000602
725.745000000000603
733.135000000000609
736.583000000000612
737.592000000000613
746.127000000000621
747.053000000000622
757.581000000000631
764.579000000000637
773.697000000000646
776.942000000000648
787.830000000000658
792.726000000000662
800.024000000000669
805.011000000000673
808.118000000000676
812.31400000000068
816.207000000000683
845.651000000000709
848.853000000000712
855.554000000000718
862.918000000000725
870.198000000000731
870.481000000000731
877.167000000000737
879.423000000000739
887.145000000000746
887.688000000000747
888.337000000000747
889.105000000000748
905.382000000000762
915.656000000000772
924.62400000000078
924.96500000000078
938.088000000000792
938.601000000000792
955.029000000000806
957.838000000000809
967.630000000000818
975.157000000000824
984.263000000000833
989.957000000000838
1000.391000000000847
1005.948000000000852
1016.800000000000861
1026.32500000000087
1026.91500000000087
1042.02100000000088
1042.98400000000088
1055.3460000000009
1055.8010000000009
1056.6980000000009
1079.52900000000092
1101.30100000000094
1108.28600000000094
1113.67400000000095
1122.37100000000096
1122.54300000000096
1136.72000000000097
1137.09300000000097
1172.835000000001
1179.82600000000101
1180.25900000000101
1191.38200000000102
1197.29100000000102
1208.29100000000103
1214.11400000000104
1224.99100000000105
1230.50400000000105
1244.21700000000106
1250.20500000000107
1258.59800000000108
1262.96300000000108
1278.95700000000109
1282.4490000000011
1299.35900000000111
1304.88000000000112
1326.54300000000114
1327.38400000000114
1327.73500000000114
1343.07900000000115
1350.57600000000116
1361.92100000000117
1362.49000000000117
1383.98000000000119
1385.09100000000119
1397.2750000000012
1403.4460000000012
1414.23500000000121
1422.06000000000122
1422.67400000000122
1435.06500000000123
1447.44400000000124
100
-1
8.49200000000000016
16.1960000000000002
25.9289999999999919
54.4730000000000067
61.6960000000000132
70.4360000000000209
100.1620000000000473
111.017000000000057
145.343000000000087
158.833000000000099
167.686000000000107
180.755000000000119
195.666000000000132
202.667000000000138
228.244000000000161
245.473000000000176
252.990000000000183
258.431000000000188
280.581000000000208
292.511000000000218
300.126000000000225
312.405000000000236
322.177000000000244
334.102000000000255
340.05200000000026
352.077000000000271
364.205000000000282
373.01800000000029
386.464000000000302
394.336000000000309
407.30200000000032
416.178000000000328
422.875000000000334
430.17400000000034
443.858000000000353
452.69500000000036
460.643000000000368
482.709000000000387
491.690000000000395
506.264000000000408
518.772000000000419
533.318000000000432
543.423000000000441
555.811000000000452
565.09000000000046
573.412000000000468
587.19200000000048
598.86800000000049
609.6640000000005
623.169000000000512
631.044000000000519
648.082000000000534
656.274000000000541
667.912000000000552
679.019000000000561
689.380000000000571
699.92800000000058
716.592000000000595
725.745000000000603
736.583000000000612
747.053000000000622
764.579000000000637
776.942000000000648
792.726000000000662
805.011000000000673
816.207000000000683
848.853000000000712
862.918000000000725
870.481000000000731
879.423000000000739
887.688000000000747
915.656000000000772
924.96500000000078
938.601000000000792
957.838000000000809
975.157000000000824
989.957000000000838
1005.948000000000852
1026.32500000000087
1042.98400000000088
1055.8010000000009
1101.30100000000094
1113.67400000000095
1122.54300000000096
1137.09300000000097
1179.82600000000101
1197.29100000000102
1214.11400000000104
1230.50400000000105
1250.20500000000107
1262.96300000000108
1282.4490000000011
1304.88000000000112
1327.38400000000114
1350.57600000000116
1362.49000000000117
1385.09100000000119
1403.4460000000012
1422.06000000000122
1447.44500000000124
2
0
5000
0
0
0
0
2700
99
0
0
0
0
0
0
1447.44500000000124
0
0
0
0
0
0
