11
27
19
11
27
19
cPPR1.12
PR3_day3
0
2
10
04
29
11
49
54
23
3
.3
1
1011
1
26
1
1
1
1
1
1
1
1
1
1
1
1
1
1
1
1
1
1
1
1
1
184
1010
-1
22.9369999999999944
27.4379999999999906
28.6619999999999896
31.6419999999999871
35.6909999999999901
37.1469999999999913
40.0009999999999939
63.5190000000000148
64.901000000000016
66.6660000000000176
68.0610000000000188
70.0260000000000205
71.5950000000000219
72.4960000000000227
76.3590000000000262
76.8240000000000266
76.9680000000000267
77.8680000000000275
78.363000000000028
80.63800000000003
82.3520000000000315
83.1000000000000322
83.4800000000000325
84.3520000000000333
84.5790000000000335
86.2370000000000349
87.0670000000000357
101.6460000000000486
104.1720000000000509
104.9830000000000516
106.3410000000000528
118.5660000000000637
119.7450000000000647
120.107000000000065
121.0680000000000659
122.9450000000000676
125.1500000000000695
128.180000000000072
128.818000000000073
129.879000000000074
135.884000000000079
136.39800000000008
137.726000000000081
138.279000000000081
139.064000000000082
139.759000000000082
142.923000000000085
143.568000000000086
144.109000000000086
146.080000000000088
146.605000000000089
147.70400000000009
150.180000000000092
150.683000000000092
152.088000000000093
152.371000000000094
152.639000000000094
152.932000000000094
156.536000000000097
164.235000000000104
165.056000000000105
180.219000000000118
181.279000000000119
185.575000000000123
186.877000000000124
188.076000000000125
191.412000000000128
194.485000000000131
197.854000000000134
198.586000000000135
199.566000000000136
201.062000000000137
201.794000000000138
202.636000000000138
203.027000000000139
203.166000000000139
203.285000000000139
204.72100000000014
208.797000000000144
209.269000000000144
209.488000000000144
209.805000000000145
209.959000000000145
211.029000000000146
213.279000000000148
213.908000000000148
215.23400000000015
215.59400000000015
216.380000000000151
217.296000000000151
217.639000000000152
219.898000000000154
221.263000000000155
222.009000000000156
222.662000000000156
223.678000000000157
223.962000000000157
224.445000000000158
225.993000000000159
227.14600000000016
228.890000000000162
229.205000000000162
229.695000000000162
230.539000000000163
239.877000000000171
240.342000000000172
241.782000000000173
245.277000000000176
246.983000000000178
247.578000000000178
250.290000000000181
251.961000000000182
252.189000000000182
252.868000000000183
254.105000000000184
255.244000000000185
256.605000000000186
258.657000000000188
259.004000000000188
259.403000000000189
260.32200000000019
260.61700000000019
261.638000000000191
261.962000000000191
274.001000000000202
274.489000000000202
274.645000000000202
274.820000000000202
275.508000000000203
281.367000000000208
283.83600000000021
286.115000000000212
288.780000000000215
289.703000000000216
290.685000000000217
291.212000000000217
292.105000000000218
292.556000000000218
293.067000000000219
296.789000000000222
298.736000000000224
298.944000000000224
299.202000000000224
299.927000000000225
300.494000000000225
301.095000000000226
301.659000000000226
304.995000000000229
306.35700000000023
307.016000000000231
309.599000000000233
309.868000000000234
312.411000000000236
314.049000000000237
314.737000000000238
315.893000000000239
317.70400000000024
324.710000000000247
326.217000000000248
326.558000000000248
327.485000000000249
328.87000000000025
329.729000000000251
329.905000000000251
330.765000000000252
354.760000000000273
355.944000000000274
356.854000000000275
357.770000000000276
358.316000000000277
360.407000000000278
360.772000000000279
361.94300000000028
363.533000000000281
364.217000000000282
364.367000000000282
365.087000000000283
368.084000000000285
368.895000000000286
369.221000000000286
392.733000000000307
393.885000000000308
396.26900000000031
397.223000000000311
398.125000000000312
399.254000000000313
400.016000000000314
401.786000000000315
409.839000000000322
410.146000000000323
410.676000000000323
411.470000000000324
412.789000000000325
423.661000000000335
424.144000000000335
424.616000000000336
425.163000000000336
427.634000000000338
428.130000000000339
429.35200000000034
429.72500000000034
430.08200000000034
432.120000000000342
436.316000000000346
438.492000000000348
439.258000000000348
440.49500000000035
442.144000000000351
442.728000000000352
445.119000000000354
445.785000000000354
448.658000000000357
454.359000000000362
455.590000000000363
455.880000000000363
457.004000000000364
457.608000000000365
458.758000000000366
465.056000000000371
465.456000000000372
468.901000000000375
470.904000000000377
487.146000000000391
487.816000000000392
489.260000000000393
489.517000000000393
492.498000000000396
492.762000000000396
493.235000000000396
493.974000000000397
495.060000000000398
496.247000000000399
497.5200000000004
498.375000000000401
498.941000000000402
500.083000000000402
501.165000000000403
501.801000000000404
502.421000000000405
503.509000000000406
504.813000000000407
511.457000000000413
511.935000000000413
513.306000000000414
513.809000000000415
514.952000000000416
515.767000000000416
516.409000000000417
518.749000000000419
519.47600000000042
520.32500000000042
522.359000000000422
524.885000000000424
526.971000000000426
528.458000000000428
528.751000000000428
530.434000000000429
551.453000000000448
552.885000000000449
561.098000000000457
561.310000000000457
562.452000000000458
562.889000000000458
565.32100000000046
565.751000000000461
566.940000000000462
567.471000000000462
568.619000000000463
568.884000000000464
569.335000000000464
595.728000000000487
598.38500000000049
599.438000000000491
600.250000000000491
600.711000000000492
601.476000000000493
602.440000000000493
603.392000000000494
605.449000000000496
607.643000000000498
608.950000000000499
609.3180000000005
609.9280000000005
610.496000000000501
618.698000000000508
619.936000000000509
621.08500000000051
624.058000000000513
624.586000000000513
625.956000000000514
626.773000000000515
627.167000000000515
629.645000000000518
631.050000000000519
631.674000000000519
633.060000000000521
634.283000000000522
636.413000000000524
637.044000000000524
641.956000000000528
643.42100000000053
644.361000000000531
664.473000000000548
665.453000000000549
667.792000000000551
670.147000000000554
671.958000000000555
673.239000000000556
675.153000000000558
676.466000000000559
678.348000000000561
678.811000000000561
679.531000000000562
680.508000000000563
684.729000000000566
685.524000000000567
687.418000000000569
688.51400000000057
689.08700000000057
689.539000000000571
692.083000000000573
693.244000000000574
694.019000000000575
694.463000000000575
695.448000000000576
702.123000000000582
703.005000000000583
703.395000000000583
704.852000000000584
723.917000000000601
725.728000000000603
728.839000000000606
729.918000000000607
730.958000000000608
731.759000000000608
733.17600000000061
733.78900000000061
736.668000000000613
743.815000000000619
744.80900000000062
745.35900000000062
745.825000000000621
747.847000000000623
754.364000000000628
755.198000000000629
755.86700000000063
756.65900000000063
757.695000000000631
758.370000000000632
759.527000000000633
767.49900000000064
768.01700000000064
783.930000000000655
784.897000000000655
785.284000000000656
786.469000000000657
787.397000000000658
788.266000000000658
790.41000000000066
791.221000000000661
792.319000000000662
795.167000000000665
799.432000000000668
800.314000000000669
801.909000000000671
802.654000000000671
804.120000000000672
808.710000000000677
810.629000000000678
811.96800000000068
812.63800000000068
813.319000000000681
813.581000000000681
814.876000000000682
815.588000000000683
816.091000000000683
819.313000000000686
819.851000000000686
821.608000000000688
824.631000000000691
825.288000000000691
828.095000000000694
832.159000000000697
832.630000000000698
833.835000000000699
834.361000000000699
835.5300000000007
836.403000000000701
839.645000000000704
866.830000000000728
867.318000000000729
867.735000000000729
868.98800000000073
870.280000000000731
875.717000000000736
876.243000000000737
877.240000000000738
879.168000000000739
879.56000000000074
880.29900000000074
881.926000000000742
882.471000000000742
884.921000000000744
885.338000000000745
885.769000000000745
886.472000000000746
887.289000000000746
888.049000000000747
889.702000000000748
890.482000000000749
890.99000000000075
894.665000000000753
895.046000000000753
900.447000000000758
900.738000000000758
901.395000000000759
905.137000000000762
906.674000000000764
956.921000000000808
957.523000000000809
958.82300000000081
959.21600000000081
962.738000000000813
980.712000000000829
981.82900000000083
982.658000000000831
985.538000000000834
986.604000000000835
992.10500000000084
993.958000000000841
1002.965000000000849
1005.454000000000851
1027.70400000000087
1028.56600000000087
1029.10700000000087
1031.47700000000087
1040.00200000000088
1041.21400000000088
1059.0110000000009
1060.3590000000009
1090.41200000000093
1091.06000000000093
1092.39900000000093
1096.34600000000093
1100.26700000000094
1101.06300000000094
1101.99300000000094
1102.78300000000094
1104.07700000000094
1104.50100000000094
1105.55900000000094
1105.86900000000094
1107.00900000000094
1107.94700000000094
1108.68400000000094
1111.24200000000095
1112.04300000000095
1112.79200000000095
1113.36700000000095
1114.17600000000095
1117.47800000000095
1121.10100000000095
1122.68300000000096
1123.84200000000096
1124.45900000000096
1125.22500000000096
1129.62700000000096
1130.21700000000096
1132.16000000000096
1132.45700000000096
1133.21700000000096
1134.44000000000097
1134.83300000000097
1135.18200000000097
1135.55400000000097
1137.82700000000097
1138.42400000000097
1138.92700000000097
1218.53000000000104
1219.16100000000104
1219.86200000000104
1221.10300000000104
1221.64200000000104
1223.65900000000105
1224.35800000000105
1225.56000000000105
1226.40100000000105
1226.75400000000105
1228.68700000000105
1231.90800000000105
1262.46700000000108
1264.71700000000108
1267.01400000000108
1270.94000000000109
1272.80500000000109
1275.25000000000109
1276.12500000000109
1278.33000000000109
1282.3790000000011
1283.2650000000011
1284.4510000000011
1285.1790000000011
1285.7180000000011
1331.67400000000114
1333.00500000000114
1337.08600000000115
1338.92900000000115
1340.17500000000115
1340.79500000000115
1341.99200000000115
1343.94600000000115
1344.73000000000115
1345.63000000000115
1349.30400000000116
1388.31400000000119
1390.82000000000119
1401.2630000000012
1402.2480000000012
1402.8190000000012
1403.3660000000012
1404.80800000000121
1405.90900000000121
1406.52000000000121
1411.29000000000121
1414.48300000000121
1417.24300000000122
1418.35300000000122
1419.27200000000122
1422.26000000000122
1424.33400000000122
1431.73500000000123
1436.67300000000123
1438.47700000000124
1440.95100000000124
1442.75400000000124
1446.29100000000124
1446.74700000000124
1447.53000000000124
1449.33700000000125
1462.05400000000126
1465.04500000000126
1465.82400000000126
1467.07100000000126
1469.67000000000126
1474.31700000000127
1515.9500000000013
1516.56700000000131
1518.38800000000131
1518.80500000000131
1520.01900000000131
1521.77100000000131
1522.80300000000131
1524.05500000000131
1524.51100000000131
1524.98600000000131
1525.56100000000131
1531.98800000000132
1532.37000000000132
1532.79000000000132
1533.90000000000132
1534.42500000000132
1534.95500000000132
1535.64300000000132
1539.44100000000133
1541.52100000000133
1547.38700000000133
1553.20700000000134
1554.91100000000134
1555.25500000000134
1556.09900000000134
1566.32200000000135
1566.87200000000135
1568.93700000000135
1569.94900000000135
1573.99300000000136
1575.14500000000136
1575.56400000000136
1576.08100000000136
1576.98100000000136
1578.80200000000136
1579.73100000000136
1581.25800000000136
1582.94300000000136
1586.24000000000137
1645.31900000000142
1646.37300000000142
1648.39400000000142
1667.14900000000144
1668.49800000000144
1669.07900000000144
1669.72200000000144
1670.98900000000144
1673.72900000000144
1675.21300000000145
1675.97900000000145
1676.87400000000145
1677.75500000000145
1679.68700000000145
1680.08800000000145
1680.64700000000145
1682.37200000000145
1683.04800000000145
1684.11500000000145
1684.36200000000145
1733.9310000000015
1736.3070000000015
1736.8600000000015
1738.0390000000015
1739.5050000000015
1739.8950000000015
1741.54800000000151
1744.80000000000151
1746.08900000000151
1746.98900000000151
1747.68200000000151
1749.37600000000151
1752.00200000000151
1755.75800000000152
1756.67800000000152
1757.62900000000152
1759.82400000000152
1763.64800000000152
1764.81200000000153
1765.66000000000153
1769.20600000000153
1770.86300000000153
1771.25900000000153
1771.70200000000153
1775.07400000000153
1776.19600000000154
1780.53100000000154
1781.82400000000154
1793.09700000000155
1807.82500000000156
1809.82100000000157
1809.92200000000157
1810.79300000000157
1812.23300000000157
1815.47700000000157
1816.10100000000157
1818.29800000000157
1819.59300000000157
1883.93900000000163
1884.70000000000163
1886.54600000000163
1886.86400000000163
1887.92200000000164
1889.01800000000164
1889.73900000000164
1890.27000000000164
1890.94600000000164
1891.66400000000164
1895.79600000000164
1897.44500000000164
1901.14900000000165
1904.16000000000165
1904.81500000000165
1905.23300000000165
1905.83300000000165
1912.98600000000166
1919.46800000000166
1921.98500000000167
1922.66700000000167
1923.70900000000167
1925.14700000000167
1926.50300000000167
1935.49700000000168
1939.54900000000168
1940.68100000000168
1941.63600000000168
1944.80400000000169
1945.69100000000169
1949.39600000000169
1950.26500000000169
1950.55700000000169
1951.41100000000169
1953.64600000000169
1954.96500000000169
1955.8980000000017
1957.2250000000017
1962.0950000000017
1968.02300000000171
1968.70900000000171
1969.90900000000171
1972.24400000000171
1974.22800000000171
1975.87600000000171
1976.60900000000171
1977.39700000000171
1977.79100000000171
1979.03100000000172
1988.13400000000172
1988.75400000000172
1989.09600000000172
1989.70900000000173
1993.58100000000173
1995.22700000000173
1996.50600000000173
1996.70300000000173
1997.27500000000173
1997.93300000000173
2001.23000000000174
2002.65500000000174
2003.33400000000174
2003.77700000000174
2005.26100000000174
2030.25900000000176
2031.02700000000176
2031.71700000000176
2032.83000000000176
2033.50400000000176
2037.35700000000177
2037.88700000000177
2038.56300000000177
2042.35500000000177
2042.91900000000177
2043.48900000000177
2044.57800000000177
2049.37000000000163
2049.98500000000156
2050.69800000000148
2051.90500000000135
2060.57000000000039
2065.58799999999984
2066.00399999999979
2070.26799999999932
2070.68999999999928
2072.23299999999911
2072.81599999999904
2078.6749999999984
2120.74299999999377
2121.97399999999363
2122.47099999999358
2124.13799999999339
2130.36299999999271
2132.52699999999247
2133.38399999999237
2167.05699999998867
2169.93199999998835
2170.67699999998827
2171.96599999998812
2173.37299999998797
2173.74199999998793
2174.59699999998783
2179.65599999998728
2180.98999999998713
2244.17999999998017
2245.20599999998006
2247.30099999997983
2247.95999999997975
2249.30499999997961
2249.80799999997955
2250.56599999997947
2251.34299999997938
2254.01699999997909
2254.67499999997902
2255.05099999997897
2255.21499999997896
2255.52399999997892
2256.36499999997883
2256.79599999997878
2258.92299999997855
2263.19199999997808
2266.21999999997774
2268.68699999997747
2313.64499999997252
2315.6579999999723
2318.44599999997199
2319.16099999997191
2320.80599999997173
2388.2579999999643
2389.1519999999642
2390.82699999996402
2391.47499999996395
2391.82699999996391
2393.27799999996375
2395.87999999996346
2460.49299999995635
2461.37799999995625
2461.8509999999562
2467.76899999995555
2469.51499999995535
2494.69599999995258
2495.35399999995251
2496.3559999999524
2496.79699999995235
2497.53199999995227
2501.7559999999518
2502.32299999995174
2507.28199999995119
2508.62099999995105
2509.87999999995091
2513.65799999995049
2514.07899999995045
2514.64699999995038
2517.72699999995004
2519.20699999994988
2543.88499999994716
2546.56199999994687
2580.15599999994317
2584.89199999994265
2587.07499999994241
2607.56799999994015
2607.69599999994014
2610.09499999993987
2617.32099999993908
2622.86499999993846
2680.47799999993212
2681.72199999993198
2682.4859999999319
2687.38999999993136
2792.69199999991976
2794.26499999991959
2796.29299999991936
2800.73699999991888
2804.76399999991843
2806.74499999991821
2811.3679999999177
2814.04099999991741
2842.2589999999143
2844.68199999991404
2852.2719999999132
2853.09499999991311
2857.23699999991265
2858.93699999991247
2860.31099999991231
2862.60899999991206
2962.65299999990104
2964.03099999990089
3048.4089999998916
3050.2029999998914
3052.32799999989117
3053.60599999989103
3054.93099999989088
3055.36299999989083
3056.40599999989072
3065.54499999988971
3066.93499999988956
3073.75099999988881
3074.91599999988868
3075.82599999988858
3082.9099999998878
3084.57799999988761
3087.13699999988733
3105.29399999988533
3105.69199999988529
3107.31399999988511
3109.2689999998849
3110.83899999988472
3111.20799999988468
3113.18099999988446
3113.57099999988442
3114.46899999988432
3115.64899999988419
3116.10199999988414
3120.64299999988364
3121.68399999988353
3122.65899999988342
3123.51899999988333
3154.44599999987992
3155.71899999987978
3157.62799999987957
3158.07799999987952
3161.25599999987917
3162.56399999987903
3163.01199999987898
3166.4489999998786
3188.77699999987614
3192.65099999987571
3197.84999999987514
3199.95599999987491
3200.82299999987481
3202.02299999987468
3298.50399999986405
3301.94299999986368
3303.19199999986354
3319.9129999998617
3320.83499999986159
3323.13699999986134
3341.17299999985935
3341.56699999985931
3343.56199999985909
3348.11099999985859
3354.56699999985788
3355.18699999985781
3395.69799999985335
3396.82099999985323
3402.76299999985257
3408.11699999985198
3411.88899999985157
3415.09499999985121
3462.48799999984599
3464.02799999984582
3465.55199999984566
3471.22499999984503
3472.4499999998449
3510.35299999984072
3513.83899999984034
3515.59099999984015
3516.16599999984008
3550.17899999983634
3554.09099999983591
3597.06899999983117
3597.98499999983107
3598.674999999831
3729.46699999981659
3730.71199999981645
3732.15999999981629
3770.06899999981212
3778.79899999981116
3781.08499999981091
3782.9969999998107
3789.59599999980997
3792.11099999980969
3798.352999999809
3802.43899999980855
3804.58299999980832
3855.39199999980272
3857.27899999980251
3922.23099999979536
4069.50599999977914
4073.69699999977868
4075.43799999977849
4077.73699999977823
4128.0009999997727
4131.83199999977228
4135.73999999977185
4194.45699999976538
4195.55199999976526
4299.49099999975381
4364.9929999997466
4366.01899999974648
4393.30699999974348
4395.53299999974323
4428.28699999973963
4428.81399999973957
4432.76299999973913
4435.33399999973885
4436.10199999973877
4437.6169999997386
4494.01499999973239
4507.61399999973089
4508.94999999973074
4513.59599999973023
4568.07299999972423
4569.32099999972409
4572.21899999972377
4618.67799999971866
4645.87699999971566
4646.27899999971562
4649.92399999971522
4650.83799999971512
4651.57099999971504
4655.94799999971455
4804.59899999969818
4808.85899999969771
4810.24299999969756
4818.33299999969667
4819.19299999969657
4824.49299999969599
4824.89699999969595
4825.57799999969587
4826.01599999969582
4833.59199999969499
4835.47099999969478
4836.63799999969465
4837.1429999996946
4845.04399999969373
4847.01399999969351
4847.96599999969341
4857.68699999969233
4860.61099999969201
4863.92799999969165
4888.8849999996889
4907.28699999968687
4909.17299999968666
4915.31199999968599
4919.09099999968557
5011.94699999967535
5049.32899999967123
5073.00099999966862
5074.9739999996684
5079.73599999966788
5080.79599999966776
5081.86299999966765
5189.29499999965581
5189.99099999965574
5339.45199999963928
5340.1789999996392
5406.79099999963186
5410.67099999963143
5413.26199999963115
5413.45599999963113
5471.42899999962474
5472.37099999962464
5654.88399999960454
5858.01699999958216
5880.74299999957966
5884.83699999957921
5887.42299999957893
6191.43899999954544
6195.25899999954502
6196.79499999954485
6203.49299999954412
6205.96699999954384
6210.34199999954336
6217.35499999954259
6218.92099999954242
6219.91399999954231
6224.62999999954179
25
-1
22.9379999999999944
37.1479999999999913
72.4970000000000227
87.0680000000000357
129.880000000000074
152.372000000000094
204.72200000000014
230.540000000000163
275.509000000000203
317.70500000000024
401.787000000000315
470.905000000000377
552.886000000000449
637.045000000000524
747.848000000000623
839.646000000000704
1041.21500000000088
1231.90900000000105
1474.31800000000127
1684.11600000000145
1925.14800000000167
2078.6759999999984
2519.20799999994988
3166.4499999998786
4437.6179999997386
0
0
5000
0
0
0
0
7200
0
0
0
0
0
26
0
6237.71899999954035
1800.00000000000156
1800
0
76
0
1
4
7
10
13
16
19
22
25
28
31
34
37
40
43
46
49
52
55
58
61
64
67
70
73
76
79
82
85
88
91
94
97
100
103
106
109
112
115
118
121
124
127
130
133
136
139
142
145
148
151
154
157
160
163
166
169
172
175
178
181
184
187
190
193
196
199
202
205
208
211
214
217
220
223
226
229
232
235
238
241
244
247
250
253
256
259
262
265
268
271
274
277
280
283
286
289
292
295
298
301
304
307
310
313
316
319
322
325
328
331
334
337
340
343
346
349
352
355
358
361
364
367
370
373
376
379
382
385
388
391
394
397
400
403
406
409
412
415
418
421
424
427
430
433
436
439
442
445
448
451
454
457
460
463
466
469
472
475
478
481
484
487
490
493
496
499
502
505
508
511
514
517
520
523
526
529
532
535
538
541
544
547
550
