11
20
19
11
20
19
cPPR1.11
FR5_day3
0
1
10
13
42
11
01
32
24
2
.3
1
439
1
66
1
1
1
1
1
1
1
1
1
1
1
1
1
1
1
1
1
1
1
1
1
1
438
-1
5.3930000000000001
6.30600000000000012
6.43500000000000012
6.80200000000000013
7.16600000000000014
29.0359999999999893
29.1279999999999892
30.9989999999999876
31.789999999999987
31.9309999999999868
32.0739999999999868
35.7469999999999901
36.1879999999999905
36.3189999999999906
36.4439999999999907
36.5669999999999908
36.732999999999991
36.9179999999999911
37.1029999999999913
37.4429999999999916
37.5659999999999917
38.1989999999999923
38.8499999999999929
63.6070000000000148
67.4810000000000183
67.9050000000000187
68.9480000000000196
69.7330000000000203
69.9060000000000204
70.1220000000000206
70.7440000000000212
73.4220000000000236
73.5900000000000237
73.7560000000000239
74.1080000000000242
74.8800000000000249
75.7590000000000256
76.208000000000026
76.5000000000000263
77.0070000000000268
78.1020000000000277
78.2620000000000279
92.5340000000000405
104.4760000000000511
104.6760000000000513
104.8500000000000515
107.0880000000000535
107.5570000000000539
110.6750000000000566
110.9800000000000569
111.1630000000000571
111.2890000000000572
112.228000000000058
112.5900000000000584
112.8360000000000586
113.4000000000000591
113.8280000000000595
114.44500000000006
158.086000000000099
158.465000000000099
158.9470000000001
159.9060000000001
160.485000000000101
160.652000000000101
164.445000000000104
164.916000000000105
166.141000000000106
166.673000000000106
167.470000000000107
167.587000000000107
168.044000000000108
199.283000000000135
199.924000000000136
200.044000000000136
200.221000000000136
200.385000000000136
202.527000000000138
203.157000000000139
203.297000000000139
203.441000000000139
203.670000000000139
204.54400000000014
205.585000000000141
206.386000000000142
206.793000000000142
207.337000000000142
207.731000000000143
208.052000000000143
209.142000000000144
211.133000000000146
215.27500000000015
215.43000000000015
215.53700000000015
215.68400000000015
215.94000000000015
219.475000000000153
220.010000000000154
220.250000000000154
220.410000000000154
220.600000000000154
221.262000000000155
221.570000000000155
221.874000000000155
222.018000000000156
223.598000000000157
228.894000000000162
229.193000000000162
229.446000000000162
230.291000000000163
231.123000000000164
233.440000000000166
234.304000000000166
241.192000000000173
242.182000000000173
242.710000000000174
243.346000000000174
244.164000000000175
251.973000000000182
252.083000000000182
252.418000000000183
252.619000000000183
253.329000000000183
257.245000000000187
257.432000000000187
258.876000000000188
259.132000000000188
259.786000000000189
261.974000000000191
262.815000000000192
266.330000000000195
266.523000000000195
270.340000000000198
272.807000000000201
275.053000000000203
276.392000000000204
287.025000000000213
287.155000000000213
289.435000000000215
289.625000000000216
290.774000000000217
292.943000000000219
293.048000000000219
293.785000000000219
294.28600000000022
295.269000000000221
295.636000000000221
299.418000000000224
299.517000000000224
299.914000000000225
300.108000000000225
301.146000000000226
302.896000000000227
303.164000000000228
304.589000000000229
305.45500000000023
313.947000000000237
314.078000000000237
314.251000000000237
314.912000000000238
315.691000000000239
341.184000000000261
341.399000000000262
343.975000000000264
344.177000000000264
344.507000000000264
348.126000000000268
348.969000000000268
349.494000000000269
350.053000000000269
350.31300000000027
351.793000000000271
353.990000000000273
355.163000000000274
360.415000000000278
361.256000000000279
361.84300000000028
362.12700000000028
362.59400000000028
362.74200000000028
367.633000000000285
367.939000000000285
369.016000000000286
369.206000000000286
370.548000000000287
370.875000000000288
374.107000000000291
374.334000000000291
374.586000000000291
375.942000000000292
377.787000000000294
378.262000000000294
379.683000000000296
380.807000000000297
381.177000000000297
389.984000000000305
390.343000000000305
390.929000000000306
391.133000000000306
392.705000000000307
397.008000000000311
397.327000000000311
397.586000000000311
398.888000000000313
399.077000000000313
399.328000000000313
400.400000000000314
401.532000000000315
405.492000000000318
405.827000000000319
406.388000000000319
407.977000000000321
409.087000000000322
410.671000000000323
411.432000000000324
413.369000000000326
420.454000000000332
421.885000000000333
422.321000000000333
425.143000000000336
429.36000000000034
432.981000000000343
433.083000000000343
437.122000000000347
438.048000000000347
438.817000000000348
440.74400000000035
442.840000000000352
447.608000000000356
448.538000000000357
449.532000000000358
451.64300000000036
453.768000000000361
455.257000000000363
459.829000000000367
460.231000000000367
460.982000000000368
461.341000000000368
461.860000000000369
462.607000000000369
466.034000000000372
466.418000000000373
469.584000000000375
471.161000000000377
472.912000000000378
475.350000000000381
478.707000000000384
481.608000000000386
482.204000000000387
486.55900000000039
487.427000000000391
489.074000000000393
490.280000000000394
501.430000000000404
504.967000000000407
505.133000000000407
511.853000000000413
514.036000000000415
515.633000000000416
515.793000000000416
517.654000000000418
522.270000000000422
522.446000000000422
523.398000000000423
525.031000000000425
525.662000000000425
528.477000000000428
529.494000000000429
534.267000000000433
552.494000000000449
552.595000000000449
556.955000000000453
557.159000000000453
557.328000000000453
557.408000000000453
557.999000000000454
561.873000000000457
561.987000000000457
562.224000000000458
562.405000000000458
562.810000000000458
563.358000000000459
563.689000000000459
564.34600000000046
565.39700000000046
565.663000000000461
565.811000000000461
567.563000000000462
568.998000000000464
572.434000000000467
575.97200000000047
576.803000000000471
579.454000000000473
581.546000000000475
584.459000000000477
586.111000000000479
586.416000000000479
588.708000000000481
590.348000000000483
590.557000000000483
595.864000000000488
597.001000000000489
636.401000000000524
637.601000000000525
638.808000000000526
639.843000000000527
641.670000000000528
646.364000000000532
646.767000000000533
647.637000000000534
648.442000000000534
649.168000000000535
650.032000000000536
650.203000000000536
650.511000000000536
654.61800000000054
655.615000000000541
655.877000000000541
656.000000000000541
656.504000000000541
658.783000000000543
659.015000000000544
663.855000000000548
664.280000000000548
664.608000000000549
665.92400000000055
667.012000000000551
667.236000000000551
683.450000000000565
684.150000000000566
687.255000000000569
690.024000000000571
690.291000000000571
697.061000000000577
698.229000000000578
698.539000000000579
699.82100000000058
700.15700000000058
707.148000000000586
708.716000000000588
710.223000000000589
710.404000000000589
710.617000000000589
716.216000000000594
716.425000000000595
717.703000000000596
718.723000000000597
719.683000000000598
719.797000000000598
722.7480000000006
724.381000000000602
729.063000000000606
729.222000000000606
732.779000000000609
734.11800000000061
735.662000000000612
736.223000000000612
762.329000000000635
762.517000000000636
766.891000000000639
772.517000000000644
773.799000000000646
778.17600000000065
778.32600000000065
780.184000000000651
781.027000000000652
781.938000000000653
782.862000000000654
784.022000000000655
784.289000000000655
790.622000000000661
796.637000000000666
800.385000000000669
802.298000000000671
2240.49199999998058
2249.58799999997958
2251.12799999997941
2252.73399999997923
2253.9459999999791
2255.35799999997894
2260.99399999997832
2264.29599999997796
2265.09999999997787
2266.5999999999777
2272.28099999997708
2279.44199999997629
2280.63299999997616
2281.93399999997601
2282.17099999997599
2282.88799999997591
2289.19799999997521
2290.65599999997505
2293.58599999997473
2298.03499999997424
2299.99399999997402
2308.31499999997311
2309.16899999997301
2310.12299999997291
2310.68199999997285
2311.72399999997273
2311.92899999997271
2327.60999999997098
2329.03299999997083
2332.43599999997045
2333.04799999997038
2334.24499999997025
2344.51999999996912
2347.4089999999688
2348.14899999996872
2350.00199999996852
2350.41199999996847
2355.48499999996791
2356.5209999999678
2357.13599999996773
2357.65399999996767
2358.79999999996755
2359.04199999996752
2367.06299999996664
2368.18299999996651
2369.15299999996641
2370.1009999999663
2373.10999999996597
2387.43299999996439
2390.1169999999641
2391.45299999996395
2392.8149999999638
2393.7079999999637
2393.93799999996368
2402.36299999996275
2402.68699999996271
2403.47999999996263
2404.77499999996248
2406.4159999999623
2410.57999999996184
2415.19199999996134
2416.64699999996118
2417.46399999996109
2418.86199999996093
2419.69099999996084
65
-1
7.16600000000000014
31.9309999999999868
63.6070000000000148
70.7440000000000212
78.2620000000000279
107.0880000000000535
114.44500000000006
160.485000000000101
168.044000000000108
200.385000000000136
208.052000000000143
215.94000000000015
223.598000000000157
231.123000000000164
244.164000000000175
253.329000000000183
262.815000000000192
287.025000000000213
295.269000000000221
305.45500000000023
315.691000000000239
344.507000000000264
355.163000000000274
362.59400000000028
370.875000000000288
381.177000000000297
392.705000000000307
401.532000000000315
413.369000000000326
429.36000000000034
442.840000000000352
455.257000000000363
466.034000000000372
482.204000000000387
504.967000000000407
517.654000000000418
529.494000000000429
557.328000000000453
565.39700000000046
581.546000000000475
597.001000000000489
641.670000000000528
650.203000000000536
658.783000000000543
667.236000000000551
690.291000000000571
700.15700000000058
710.617000000000589
719.683000000000598
735.662000000000612
773.799000000000646
784.022000000000655
2240.49199999998058
2255.35799999997894
2272.28099999997708
2282.88799999997591
2299.99399999997402
2311.72399999997273
2334.24499999997025
2350.41199999996847
2359.04199999996752
2373.10999999996597
2393.7079999999637
2406.4159999999623
2419.69099999996084
5
0
5000
0
0
0
0
2700
99
0
0
0
0
0
0
2700.79599999992988
0
0
0
0
0
0
