11
25
19
11
25
19
cPPR1.11
PR3_day1
0
1
10
33
56
12
22
46
23
3
.3
1
804
1
23
1
1
1
1
1
1
1
1
1
1
1
1
1
1
1
1
1
1
1
1
1
184
803
-1
10.92700000000000021
11.06100000000000022
11.25500000000000022
12.03400000000000024
15.67500000000000031
17.0999999999999994
17.8019999999999988
17.9509999999999987
18.0469999999999986
23.5739999999999939
23.7939999999999937
24.8169999999999929
25.5009999999999923
27.2219999999999908
27.6149999999999905
27.7819999999999903
28.16199999999999
58.7350000000000105
58.9380000000000107
59.263000000000011
59.3980000000000111
59.7010000000000114
60.7820000000000123
60.9510000000000125
61.1290000000000126
61.3700000000000129
62.0340000000000134
78.2150000000000278
78.5870000000000282
78.7380000000000283
79.1350000000000286
79.7320000000000292
81.5880000000000308
82.6770000000000318
83.1650000000000322
85.4090000000000342
86.0400000000000348
86.7960000000000354
87.1420000000000358
87.3260000000000359
109.6340000000000557
110.0660000000000561
110.3000000000000563
110.6960000000000567
110.8870000000000568
111.2650000000000572
112.7310000000000585
112.9040000000000586
113.1000000000000588
113.368000000000059
113.7290000000000594
113.9340000000000596
120.3520000000000652
122.6230000000000673
122.7790000000000674
123.0350000000000676
126.0880000000000703
126.3090000000000705
126.6410000000000708
126.877000000000071
127.0880000000000712
127.4570000000000716
127.6790000000000718
128.570000000000073
128.900000000000073
130.373000000000074
130.671000000000074
131.742000000000075
132.143000000000076
132.468000000000076
132.888000000000076
133.301000000000077
136.63500000000008
137.02300000000008
137.610000000000081
137.915000000000081
138.427000000000081
138.594000000000081
139.327000000000082
140.178000000000083
142.017000000000084
142.187000000000085
153.823000000000095
154.051000000000095
154.504000000000096
155.336000000000096
155.601000000000097
156.047000000000097
157.308000000000098
158.591000000000099
191.094000000000128
191.910000000000129
192.558000000000129
192.80100000000013
193.56400000000013
195.119000000000132
195.727000000000132
199.814000000000136
200.224000000000136
201.181000000000137
203.092000000000139
203.796000000000139
204.97800000000014
205.715000000000141
210.762000000000146
211.209000000000146
211.416000000000146
211.904000000000147
212.210000000000147
212.372000000000147
212.591000000000147
213.017000000000148
213.228000000000148
213.983000000000148
214.238000000000149
214.455000000000149
214.698000000000149
215.80800000000015
216.00800000000015
216.369000000000151
216.629000000000151
219.894000000000154
220.180000000000154
220.385000000000154
221.181000000000155
222.138000000000156
222.749000000000156
223.250000000000157
223.953000000000157
224.633000000000158
224.860000000000158
232.999000000000165
234.289000000000166
234.754000000000167
235.022000000000167
235.760000000000168
236.323000000000168
237.92200000000017
238.973000000000171
240.841000000000172
241.232000000000173
245.083000000000176
245.233000000000176
247.692000000000178
271.467000000000199
273.708000000000201
274.365000000000202
274.795000000000202
277.688000000000205
279.337000000000206
281.245000000000208
287.621000000000214
288.090000000000214
290.268000000000216
291.286000000000217
291.444000000000217
292.056000000000218
292.561000000000218
293.899000000000219
297.505000000000223
297.723000000000223
351.930000000000271
352.820000000000272
353.151000000000272
354.269000000000273
354.332000000000273
356.893000000000275
357.161000000000276
358.150000000000276
358.703000000000277
359.877000000000278
366.117000000000284
366.276000000000284
369.101000000000286
384.7890000000003
388.089000000000303
388.283000000000303
389.107000000000304
428.202000000000339
431.227000000000341
431.814000000000342
432.496000000000342
432.955000000000343
434.196000000000344
441.30100000000035
442.317000000000351
443.823000000000352
445.276000000000354
447.009000000000355
447.513000000000356
447.684000000000356
449.474000000000358
449.905000000000358
456.847000000000364
462.263000000000369
462.441000000000369
462.99800000000037
463.15400000000037
463.95500000000037
464.254000000000371
473.459000000000379
478.263000000000383
478.727000000000384
479.568000000000384
496.9490000000004
497.2300000000004
497.6720000000004
497.8370000000004
499.423000000000402
502.577000000000405
502.668000000000405
503.845000000000406
509.971000000000411
510.147000000000411
510.696000000000412
512.167000000000413
512.345000000000413
512.834000000000414
513.097000000000414
513.566000000000414
541.90100000000044
542.12100000000044
551.060000000000448
551.290000000000448
551.434000000000448
551.643000000000448
552.204000000000449
555.464000000000452
555.900000000000452
557.138000000000453
559.372000000000455
564.39600000000046
565.949000000000461
567.533000000000462
568.020000000000463
568.201000000000463
569.976000000000465
570.345000000000465
570.436000000000465
570.635000000000465
571.178000000000466
571.445000000000466
571.812000000000466
571.947000000000466
572.128000000000466
582.727000000000476
582.913000000000476
583.098000000000476
584.130000000000477
584.466000000000477
585.928000000000479
586.059000000000479
586.282000000000479
586.77500000000048
587.03500000000048
588.442000000000481
589.443000000000482
589.741000000000482
590.430000000000483
621.838000000000511
623.189000000000512
623.799000000000512
626.804000000000515
627.866000000000516
650.642000000000536
650.799000000000536
651.875000000000537
673.005000000000556
687.471000000000569
688.96300000000057
689.831000000000571
690.618000000000572
692.164000000000573
693.446000000000574
760.354000000000634
762.105000000000635
768.611000000000641
769.344000000000642
775.496000000000647
775.852000000000647
776.465000000000648
779.599000000000651
779.805000000000651
779.971000000000651
787.288000000000658
791.222000000000661
791.383000000000661
792.262000000000662
792.370000000000662
792.597000000000662
792.783000000000662
792.933000000000663
793.243000000000663
793.521000000000663
794.629000000000664
800.96100000000067
801.71000000000067
802.047000000000671
802.132000000000671
802.217000000000671
804.470000000000673
805.341000000000674
805.549000000000674
808.184000000000676
808.490000000000676
809.131000000000677
809.328000000000677
812.07100000000068
812.61100000000068
812.85600000000068
813.132000000000681
813.298000000000681
813.765000000000681
813.878000000000681
815.732000000000683
815.959000000000683
816.116000000000683
816.951000000000684
817.067000000000684
818.585000000000685
819.392000000000686
819.742000000000686
820.297000000000687
821.477000000000688
822.321000000000689
823.040000000000689
823.49200000000069
823.61900000000069
823.81100000000069
824.01800000000069
826.089000000000692
827.217000000000693
837.382000000000702
838.059000000000703
838.269000000000703
839.194000000000704
840.045000000000704
840.208000000000705
840.448000000000705
843.657000000000708
844.410000000000708
845.166000000000709
845.318000000000709
846.09300000000071
846.39500000000071
846.75500000000071
848.134000000000712
858.506000000000721
858.810000000000721
859.358000000000722
883.214000000000743
889.811000000000749
891.06100000000075
891.59500000000075
898.650000000000756
898.956000000000757
899.153000000000757
903.489000000000761
903.645000000000761
903.830000000000761
904.142000000000761
904.554000000000762
904.791000000000762
906.559000000000764
906.731000000000764
907.833000000000765
909.141000000000766
909.270000000000766
910.793000000000767
912.413000000000769
913.98600000000077
914.45300000000077
916.174000000000772
916.823000000000773
917.204000000000773
917.907000000000774
965.904000000000816
968.064000000000818
1023.206000000000867
1023.895000000000868
1025.22000000000087
1025.77700000000087
1026.88200000000087
1049.97500000000089
1052.56600000000089
1055.5460000000009
1056.4290000000009
1062.9940000000009
1064.8290000000009
1065.4520000000009
1067.37000000000091
1137.06900000000097
1140.61000000000097
1143.70300000000097
1150.63900000000098
1167.289000000001
1167.439000000001
1170.800000000001
1173.808000000001
1176.373000000001
1181.46800000000101
1187.54300000000101
1187.99500000000101
1189.55300000000101
1190.17200000000102
1190.40300000000102
1198.51100000000102
1204.45500000000103
1205.65000000000103
1210.64700000000103
1213.37700000000104
1215.23500000000104
1216.49400000000104
1216.75700000000104
1219.89100000000104
1221.99100000000104
1222.23800000000104
1222.43300000000104
1222.62100000000104
1222.98000000000104
1226.29000000000105
1227.55700000000105
1228.11700000000105
1233.52900000000105
1235.23100000000106
1238.28500000000106
1239.21400000000106
1239.87700000000106
1241.07600000000106
1241.72300000000106
1248.57600000000107
1249.13700000000107
1249.83500000000107
1250.62900000000107
1250.97600000000107
1252.80200000000107
1255.13200000000107
1257.12100000000107
1257.30900000000107
1257.60500000000108
1258.13500000000108
1268.64000000000109
1269.51500000000109
1273.38800000000109
1329.64900000000114
1330.18300000000114
1331.72500000000114
1332.63300000000114
1350.98500000000116
1871.95900000000162
1876.57200000000162
1876.68400000000162
1879.41400000000163
1883.34800000000163
1885.10000000000163
1886.26500000000163
1887.42500000000163
1892.37100000000164
1896.86500000000164
1898.95800000000164
1899.66200000000165
1900.24600000000165
1902.52600000000165
1902.63300000000165
1904.06400000000165
1904.39300000000165
1909.59700000000165
1910.41700000000166
1912.32300000000166
1916.32700000000166
1916.97300000000166
1918.28200000000166
1920.86700000000166
1921.44600000000166
1922.16000000000167
1924.16600000000167
1926.11100000000167
1929.08500000000167
1929.67500000000167
1930.17700000000167
1930.44200000000167
1931.16300000000167
1935.19100000000168
1936.27400000000168
1937.64300000000168
1938.11500000000168
1944.22200000000168
1945.72800000000169
1946.34000000000169
1947.24000000000169
1948.25400000000169
1949.32500000000169
1954.31500000000169
1954.51900000000169
1956.8980000000017
1961.4340000000017
1961.7760000000017
1961.9710000000017
1963.5670000000017
1964.2250000000017
1964.4130000000017
1964.6440000000017
1966.3910000000017
1966.87600000000171
1967.20000000000171
1968.48500000000171
1969.35600000000171
1969.87500000000171
1970.69400000000171
1982.83400000000172
1985.66400000000172
1986.42100000000172
1987.91000000000172
1988.56200000000172
1989.13200000000172
1989.35800000000173
1990.20300000000173
1990.93900000000173
1991.82200000000173
1992.09900000000173
1994.75100000000173
1995.12100000000173
1996.13900000000173
1996.88500000000173
1997.42600000000173
2044.76100000000177
2047.32500000000178
2047.72700000000178
2049.81000000000158
2054.70400000000104
2056.35900000000086
2062.14700000000022
2083.12499999999791
2090.57199999999709
2091.77099999999696
2098.81899999999618
2101.20499999999592
2147.82099999999078
2159.10899999998954
2164.36599999998896
2178.27999999998743
2206.58599999998431
2272.35999999997707
2273.96499999997689
2278.05599999997644
2334.34899999997024
2338.97699999996973
2339.16999999996971
2339.34999999996969
2339.78299999996964
2340.48599999996956
2340.56799999996956
2341.27799999996948
2341.37599999996947
2341.66599999996943
2342.8719999999693
2344.22299999996915
2345.47599999996901
2352.92899999996819
2354.53499999996802
2375.93199999996566
2394.14399999996366
2396.05699999996344
2568.90899999994441
2579.40099999994325
2587.83099999994232
2589.81099999994211
2590.02999999994208
2593.13099999994174
2597.1369999999413
2597.40299999994127
2603.41799999994061
2609.76199999993991
2611.41299999993973
2613.76699999993947
2614.98299999993933
2619.58799999993883
2620.03299999993878
2624.44499999993829
2625.11799999993822
2626.41999999993807
2626.93899999993802
2627.41799999993796
3035.79999999989299
3038.86199999989265
3040.07199999989252
3040.2089999998925
3042.54199999989224
3045.35599999989193
3048.03899999989164
3048.74599999989156
3052.41999999989116
3053.65199999989102
3054.47899999989093
3056.04599999989076
3059.22299999989041
3061.47999999989016
3063.34599999988995
3064.7109999998898
3065.80799999988968
3081.77499999988792
3085.02399999988757
3090.25899999988699
3090.42599999988697
3097.47199999988619
3098.13999999988612
3098.25699999988611
3384.58099999985457
3384.98099999985453
3388.11499999985418
3391.47599999985381
3391.6269999998538
3392.63099999985369
3543.41699999983708
3568.52099999983432
3571.17799999983402
3576.04099999983349
3577.7289999998333
3859.03299999980232
3862.33299999980196
3862.50799999980194
3863.88599999980179
3881.83499999979981
3883.94299999979958
3888.12099999979912
3889.12499999979901
3901.98599999979759
3905.95499999979715
3906.12699999979713
3906.69899999979707
3907.77199999979695
3908.69699999979685
3908.95999999979682
3910.32899999979667
3911.8599999997965
3912.57299999979642
3931.75699999979431
3934.00999999979406
3937.01499999979373
3937.57399999979367
3938.41399999979358
3939.65299999979344
3940.20199999979338
3941.92399999979319
3943.30599999979304
3946.52299999979268
3947.93399999979253
3949.95099999979231
3950.50199999979225
3950.65499999979223
3951.8029999997921
3953.85599999979188
3955.04699999979175
3962.33099999979094
3962.54399999979092
3963.12099999979086
3963.6229999997908
3964.73699999979068
3965.03799999979065
3965.4269999997906
3965.4729999997906
3966.3529999997905
3966.89999999979044
3967.35599999979039
3967.59299999979036
3972.29799999978985
3972.87199999978978
3973.03399999978977
3973.24799999978974
3974.92099999978956
3975.22699999978952
3975.4199999997895
3975.61299999978948
3975.97999999978944
3976.14099999978942
3976.40399999978939
3977.13199999978931
3977.63199999978926
3978.2049999997892
3979.36199999978907
3979.65899999978904
4022.6769999997843
4025.423999999784
4031.57299999978332
4035.55599999978288
4037.64599999978265
4041.82299999978219
4042.48799999978212
4044.00399999978195
4046.76299999978164
4048.44099999978146
4064.50099999977969
4064.63599999977968
4070.88499999977899
4143.95899999977094
4145.79399999977074
4153.53799999976989
4155.2539999997697
4161.83099999976897
4165.54699999976856
4166.84899999976842
4171.62899999976789
4172.56699999976779
4173.44299999976769
4177.07799999976729
4178.75599999976711
4179.00699999976708
4179.09399999976707
4182.16099999976673
4231.72599999976127
4234.00799999976102
4236.18599999976078
4238.34199999976055
4266.70999999975742
4269.13999999975715
4269.52999999975711
4270.59899999975699
4270.89099999975696
4314.06699999975221
4315.35799999975206
4391.03599999974373
4420.3199999997405
4421.02499999974043
4426.42999999973983
4426.60599999973981
4451.65799999973705
4466.03099999973547
4467.48799999973531
4555.6079999997256
4557.32399999972542
4561.18499999972499
4561.29899999972498
4561.47199999972496
4562.0349999997249
4625.41999999971792
4629.01699999971752
4633.705999999717
4634.04499999971697
4657.57199999971437
4659.1229999997142
4680.44999999971185
4680.59899999971184
4682.7329999997116
4684.78599999971138
4684.98799999971135
4685.40099999971131
4687.50699999971108
4700.10899999970969
4702.99699999970937
4706.411999999709
4711.14799999970847
4712.14499999970836
4715.81499999970796
4717.2529999997078
4719.16899999970759
4724.15099999970704
4724.76899999970697
4726.46599999970679
4727.37499999970669
4728.56799999970656
4749.62899999970424
4892.35499999968852
4894.15499999968832
4898.48699999968784
4913.78899999968616
4915.35199999968598
4916.39299999968587
4921.61899999968529
4925.84399999968483
4927.46999999968465
4928.72199999968451
4935.82999999968373
4941.61199999968309
4943.3169999996829
4944.64099999968276
4946.53799999968255
4948.26999999968236
4950.19299999968215
5052.86399999967084
5053.33399999967079
5054.92399999967061
5057.69799999967031
5057.8049999996703
5060.27299999967002
5064.74999999966953
5070.73099999966887
5142.98799999966091
5145.38499999966065
5147.38199999966043
5148.5609999996603
5155.14699999965957
5171.57199999965777
5179.83599999965686
5180.97999999965673
5185.54999999965623
5186.51899999965612
5188.04599999965595
5190.00499999965574
5210.49399999965348
5233.79699999965091
5452.81999999962679
5456.26099999962641
5457.70599999962625
22
-1
10.92800000000000021
18.0479999999999986
27.7829999999999903
62.0350000000000134
87.3270000000000359
123.0360000000000676
142.188000000000085
205.716000000000141
224.634000000000158
293.900000000000219
449.475000000000358
552.205000000000449
651.876000000000537
809.329000000000677
899.154000000000757
1198.51200000000102
1886.26600000000163
1970.69500000000171
2568.90999999994441
3863.88699999980179
4025.424999999784
4687.50799999971108
0
0
5000
0
0
0
0
7200
0
0
0
0
0
23
0
6487.60899999951282
1800.00000000000156
1800
0
67
0
1
4
7
10
13
16
19
22
25
28
31
34
37
40
43
46
49
52
55
58
61
64
67
70
73
76
79
82
85
88
91
94
97
100
103
106
109
112
115
118
121
124
127
130
133
136
139
142
145
148
151
154
157
160
163
166
169
172
175
178
181
184
187
190
193
196
199
202
205
208
211
214
217
220
223
226
229
232
235
238
241
244
247
250
253
256
259
262
265
268
271
274
277
280
283
286
289
292
295
298
301
304
307
310
313
316
319
322
325
328
331
334
337
340
343
346
349
352
355
358
361
364
367
370
373
376
379
382
385
388
391
394
397
400
403
406
409
412
415
418
421
424
427
430
433
436
439
442
445
448
451
454
457
460
463
466
469
472
475
478
481
484
487
490
493
496
499
502
505
508
511
514
517
520
523
526
529
532
535
538
541
544
547
550
