11
06
19
11
06
19
cPPR1.15
FR1_day3
0
1
11
51
00
12
39
16
24
2
.3
1
128
1
80
1
1
1
1
1
1
1
1
1
1
1
1
1
1
1
1
1
1
1
1
1
1
127
-1
9.60100000000000019
21.8849999999999953
24.0559999999999935
43.1709999999999967
46.864
63.3500000000000146
66.9780000000000178
69.40400000000002
72.746000000000023
75.047000000000025
81.3100000000000306
100.5090000000000476
104.269000000000051
110.6350000000000566
114.1570000000000597
116.3290000000000617
121.5280000000000663
125.6060000000000699
127.8080000000000719
159.4290000000001
163.148000000000103
165.652000000000105
169.570000000000109
172.121000000000111
175.639000000000114
189.034000000000126
192.85000000000013
195.163000000000132
200.206000000000136
200.773000000000137
206.809000000000142
207.007000000000142
207.766000000000143
211.315000000000146
213.722000000000148
218.043000000000152
220.355000000000154
220.770000000000154
225.069000000000158
227.637000000000161
229.096000000000162
229.207000000000162
235.753000000000168
240.937000000000172
255.306000000000185
259.021000000000188
261.31800000000019
266.632000000000195
288.784000000000215
293.862000000000219
296.190000000000221
300.332000000000225
302.781000000000227
325.127000000000247
325.379000000000247
330.164000000000252
332.516000000000254
336.411000000000257
337.050000000000258
358.166000000000276
361.92500000000028
365.446000000000283
369.729000000000287
370.218000000000287
373.55300000000029
378.955000000000295
383.511000000000299
386.874000000000302
387.180000000000302
391.120000000000306
396.43400000000031
402.233000000000316
438.917000000000348
443.458000000000352
446.781000000000355
452.16600000000036
465.710000000000372
500.100000000000402
505.297000000000407
512.250000000000413
520.25200000000042
520.711000000000421
527.884000000000427
534.260000000000433
540.431000000000438
544.914000000000442
552.044000000000449
552.333000000000449
556.378000000000452
563.400000000000459
563.610000000000459
569.228000000000464
573.306000000000468
576.08500000000047
582.085000000000475
587.49500000000048
595.600000000000487
621.04000000000051
629.543000000000517
635.449000000000523
642.009000000000528
648.423000000000534
658.229000000000543
665.431000000000549
669.460000000000553
674.035000000000557
678.709000000000561
681.822000000000564
686.258000000000568
688.54400000000057
734.372000000000611
743.720000000000619
758.634000000000632
763.213000000000636
767.64300000000064
768.547000000000641
776.634000000000648
776.810000000000648
814.180000000000682
825.181000000000691
891.69000000000075
893.643000000000752
896.356000000000754
898.105000000000756
1874.78300000000162
1881.42400000000163
1922.78400000000167
79
-1
9.60100000000000019
21.8849999999999953
43.1709999999999967
63.3500000000000146
69.40400000000002
75.047000000000025
81.3100000000000306
100.5090000000000476
110.6350000000000566
116.3290000000000617
121.5280000000000663
127.8080000000000719
159.4290000000001
165.652000000000105
172.121000000000111
189.034000000000126
195.163000000000132
200.773000000000137
206.809000000000142
213.722000000000148
220.355000000000154
227.637000000000161
235.753000000000168
240.937000000000172
255.306000000000185
261.31800000000019
266.632000000000195
288.784000000000215
296.190000000000221
302.781000000000227
325.127000000000247
332.516000000000254
358.166000000000276
365.446000000000283
373.55300000000029
378.955000000000295
386.874000000000302
396.43400000000031
402.233000000000316
438.917000000000348
446.781000000000355
452.16600000000036
465.710000000000372
500.100000000000402
505.297000000000407
512.250000000000413
520.25200000000042
527.884000000000427
534.260000000000433
540.431000000000438
552.044000000000449
563.400000000000459
569.228000000000464
576.08500000000047
582.085000000000475
587.49500000000048
595.600000000000487
621.04000000000051
629.543000000000517
635.449000000000523
642.009000000000528
648.423000000000534
658.229000000000543
665.431000000000549
674.035000000000557
681.822000000000564
688.54400000000057
734.372000000000611
743.720000000000619
758.634000000000632
767.64300000000064
776.634000000000648
814.180000000000682
825.181000000000691
891.69000000000075
898.105000000000756
1874.78300000000162
1881.42400000000163
1922.78400000000167
1
0
5000
0
0
0
0
2700
99
0
0
0
0
0
0
2700.79699999992988
0
0
0
0
0
0
