11
21
19
11
21
19
cPPR1.15
FR5_day4
0
1
12
02
13
12
47
15
24
2
.3
1
756
1
99
1
1
1
1
1
1
1
1
1
1
1
1
1
1
1
1
1
1
1
1
1
1
755
-1
0.634
2.25100000000000003
2.53000000000000004
3.78400000000000007
4.02400000000000007
18.1679999999999985
18.3559999999999983
18.8029999999999979
19.0949999999999977
19.2309999999999976
32.8199999999999875
33.0439999999999877
33.1589999999999878
33.380999999999988
33.5929999999999882
34.0829999999999886
35.0529999999999895
42.0319999999999957
42.1609999999999958
42.334999999999996
42.5869999999999962
42.7509999999999963
45.6009999999999989
45.9059999999999991
46.1359999999999993
46.5749999999999997
46.7649999999999999
47.0260000000000001
47.2460000000000003
47.4960000000000005
47.8370000000000008
48.1250000000000011
48.4350000000000014
49.4020000000000022
49.5950000000000024
49.7840000000000026
61.3560000000000128
61.539000000000013
61.7050000000000132
62.4770000000000138
62.619000000000014
62.7770000000000141
64.2760000000000154
64.5100000000000156
64.7180000000000158
64.9990000000000161
65.5890000000000166
65.7780000000000168
65.979000000000017
66.2230000000000172
66.4600000000000174
67.0210000000000179
67.5470000000000183
67.7270000000000185
67.9610000000000187
69.1120000000000197
69.2760000000000199
69.46500000000002
69.7130000000000203
80.7520000000000301
80.9270000000000302
81.2500000000000305
81.4410000000000307
81.851000000000031
86.4700000000000352
86.6910000000000354
86.8920000000000355
87.2260000000000358
87.445000000000036
87.6450000000000362
87.9520000000000365
89.2700000000000376
89.3270000000000377
91.8210000000000399
94.1130000000000419
94.3540000000000422
94.5630000000000423
94.9660000000000427
95.2380000000000429
96.3370000000000439
96.6140000000000442
96.8100000000000443
108.815000000000055
109.2540000000000554
109.8480000000000559
110.1000000000000561
110.2720000000000563
110.5850000000000566
114.9690000000000605
115.1840000000000607
115.7860000000000612
116.7890000000000621
117.0820000000000623
117.2480000000000625
117.5370000000000628
117.7170000000000629
121.1130000000000659
121.2940000000000661
121.4870000000000662
121.7130000000000665
121.9800000000000667
122.6570000000000673
122.7500000000000674
122.9170000000000675
123.1020000000000677
123.3180000000000679
124.1410000000000686
140.225000000000083
140.561000000000083
140.765000000000083
141.514000000000084
142.888000000000085
143.256000000000086
146.187000000000088
146.406000000000088
146.630000000000089
147.073000000000089
147.377000000000089
147.585000000000089
147.78700000000009
148.41800000000009
148.59500000000009
148.822000000000091
149.070000000000091
150.118000000000092
157.237000000000098
157.625000000000098
157.828000000000099
158.021000000000099
158.284000000000099
160.655000000000101
161.186000000000102
161.519000000000102
162.179000000000102
162.297000000000102
162.505000000000103
162.727000000000103
162.918000000000103
163.209000000000103
163.463000000000104
164.220000000000104
164.391000000000104
164.541000000000104
164.782000000000105
165.046000000000105
178.124000000000117
178.205000000000117
178.398000000000117
178.592000000000117
179.250000000000118
179.416000000000118
181.96600000000012
182.16200000000012
182.31800000000012
182.579000000000121
183.071000000000121
183.345000000000121
183.552000000000121
183.755000000000122
184.038000000000122
184.903000000000123
185.042000000000123
185.321000000000123
185.599000000000123
185.848000000000123
189.873000000000127
190.007000000000127
190.201000000000127
190.452000000000128
190.630000000000128
191.624000000000129
191.822000000000129
192.034000000000129
192.257000000000129
192.513000000000129
196.956000000000133
197.139000000000133
197.369000000000134
197.572000000000134
197.815000000000134
198.000000000000134
198.217000000000134
199.100000000000135
199.303000000000135
219.798000000000154
220.062000000000154
220.267000000000154
220.621000000000154
220.936000000000155
224.802000000000158
225.066000000000158
225.572000000000159
225.775000000000159
225.986000000000159
226.71500000000016
226.91000000000016
227.13900000000016
228.244000000000161
228.513000000000161
236.722000000000169
236.842000000000169
237.030000000000169
237.206000000000169
237.386000000000169
237.653000000000169
241.177000000000173
241.369000000000173
241.608000000000173
241.862000000000173
242.458000000000174
242.797000000000174
243.023000000000174
243.190000000000174
244.601000000000176
245.248000000000176
245.416000000000176
248.377000000000179
248.605000000000179
248.785000000000179
248.956000000000179
249.75800000000018
249.93700000000018
250.469000000000181
250.636000000000181
251.116000000000181
251.676000000000182
251.805000000000182
252.045000000000182
252.286000000000182
255.558000000000185
255.821000000000186
256.678000000000186
256.907000000000187
257.123000000000187
257.395000000000187
258.808000000000188
259.008000000000188
259.221000000000189
262.081000000000191
262.303000000000191
262.461000000000191
262.687000000000192
263.608000000000192
263.769000000000193
263.927000000000193
264.134000000000193
264.402000000000193
265.455000000000194
265.661000000000194
265.853000000000194
266.369000000000195
267.012000000000196
267.191000000000196
272.5150000000002
272.663000000000201
272.882000000000201
273.048000000000201
273.647000000000201
276.389000000000204
276.547000000000204
276.741000000000204
276.935000000000204
277.681000000000205
277.910000000000205
278.364000000000206
278.598000000000206
278.905000000000206
279.628000000000207
279.843000000000207
280.084000000000207
280.841000000000208
284.026000000000211
284.464000000000211
285.003000000000211
285.269000000000212
285.537000000000212
285.830000000000212
286.523000000000213
287.231000000000213
287.502000000000214
287.753000000000214
288.510000000000215
292.931000000000218
293.189000000000219
293.558000000000219
293.786000000000219
293.990000000000219
294.23900000000022
294.44500000000022
294.65700000000022
298.870000000000224
299.822000000000225
300.638000000000225
300.878000000000226
301.957000000000227
302.113000000000227
302.383000000000227
313.513000000000237
314.268000000000237
314.517000000000238
315.288000000000238
315.506000000000239
315.695000000000239
320.452000000000243
320.656000000000243
320.882000000000243
321.044000000000243
321.380000000000244
321.898000000000244
322.189000000000244
322.379000000000245
322.604000000000245
326.373000000000248
326.593000000000248
326.780000000000249
327.507000000000249
327.718000000000249
327.92400000000025
328.13500000000025
328.42900000000025
331.895000000000253
332.116000000000253
332.343000000000254
332.493000000000254
332.750000000000254
332.878000000000254
333.159000000000254
334.117000000000255
334.340000000000255
334.583000000000256
334.775000000000256
335.022000000000256
338.707000000000259
338.910000000000259
339.12800000000026
339.33700000000026
339.52400000000026
339.79100000000026
340.720000000000261
340.935000000000261
342.043000000000262
342.264000000000262
342.519000000000263
346.605000000000266
347.111000000000267
347.309000000000267
347.483000000000267
347.716000000000267
347.947000000000267
348.405000000000268
349.313000000000269
349.484000000000269
349.535000000000269
362.69600000000028
364.014000000000282
364.357000000000282
364.516000000000282
364.663000000000282
364.974000000000282
367.222000000000284
367.361000000000285
367.713000000000285
368.242000000000285
368.398000000000286
368.610000000000286
368.799000000000286
369.062000000000286
369.801000000000287
369.991000000000287
370.288000000000287
370.435000000000287
370.642000000000288
370.879000000000288
373.70900000000029
376.036000000000292
376.225000000000292
376.439000000000293
376.647000000000293
377.016000000000293
377.246000000000293
381.042000000000297
381.320000000000297
381.532000000000297
381.778000000000297
382.260000000000298
382.478000000000298
382.674000000000298
382.878000000000298
383.202000000000299
383.390000000000299
383.562000000000299
384.6330000000003
386.311000000000301
387.470000000000302
387.649000000000303
387.960000000000303
388.496000000000303
388.874000000000304
389.858000000000305
390.076000000000305
390.240000000000305
390.459000000000305
394.022000000000308
394.332000000000309
394.993000000000309
395.132000000000309
395.322000000000309
395.49800000000031
395.82900000000031
396.02200000000031
397.535000000000311
399.066000000000313
399.305000000000313
399.507000000000313
411.938000000000324
412.405000000000325
412.982000000000325
413.100000000000325
413.239000000000325
413.502000000000326
417.419000000000329
417.804000000000329
418.68900000000033
418.90300000000033
419.151000000000331
419.374000000000331
419.670000000000331
421.225000000000332
421.932000000000333
422.187000000000333
422.480000000000334
423.162000000000334
424.013000000000335
424.249000000000335
424.973000000000336
425.183000000000336
425.378000000000336
428.491000000000339
428.870000000000339
429.13900000000034
433.555000000000343
433.787000000000344
434.040000000000344
434.242000000000344
434.515000000000344
435.662000000000345
436.025000000000346
436.258000000000346
440.45200000000035
440.84900000000035
441.13100000000035
441.54800000000035
441.839000000000351
442.670000000000352
442.847000000000352
443.964000000000353
448.890000000000357
449.208000000000357
449.538000000000358
449.643000000000358
451.096000000000359
451.66100000000036
456.668000000000364
457.336000000000365
457.857000000000365
458.248000000000365
458.448000000000366
458.677000000000366
463.16900000000037
463.71700000000037
463.95500000000037
464.195000000000371
464.476000000000371
464.859000000000371
465.195000000000372
465.466000000000372
467.450000000000374
467.706000000000374
467.940000000000374
468.264000000000374
469.636000000000375
470.248000000000376
471.012000000000377
472.375000000000378
473.352000000000379
474.30100000000038
474.84300000000038
475.17700000000038
478.521000000000383
478.806000000000384
480.011000000000385
480.262000000000385
480.569000000000385
480.774000000000385
481.170000000000386
481.587000000000386
485.68500000000039
485.96600000000039
486.943000000000391
487.172000000000391
487.419000000000391
487.616000000000391
488.843000000000393
491.944000000000395
492.155000000000395
492.346000000000396
492.535000000000396
492.819000000000396
494.713000000000398
495.384000000000398
495.562000000000398
496.149000000000399
498.902000000000401
499.355000000000402
501.111000000000403
507.458000000000409
508.18500000000041
508.29300000000041
508.45800000000041
508.71500000000041
513.059000000000414
513.292000000000414
514.053000000000415
514.261000000000415
514.527000000000415
514.806000000000416
515.363000000000416
521.711000000000422
521.991000000000422
522.268000000000422
522.392000000000422
523.215000000000423
523.565000000000423
524.998000000000425
525.222000000000425
527.062000000000426
532.913000000000432
533.396000000000432
533.588000000000432
533.811000000000432
534.016000000000433
536.844000000000435
537.437000000000436
538.056000000000436
538.376000000000436
547.023000000000444
547.199000000000444
547.434000000000444
547.808000000000445
548.384000000000445
553.58100000000045
553.78600000000045
554.334000000000451
555.060000000000451
555.300000000000452
555.571000000000452
558.856000000000455
559.081000000000455
560.010000000000456
560.277000000000456
560.551000000000456
560.799000000000456
561.126000000000457
561.403000000000457
561.742000000000457
562.462000000000458
566.205000000000461
567.934000000000463
568.241000000000463
569.222000000000464
569.433000000000464
569.811000000000464
575.101000000000469
575.367000000000469
575.66500000000047
578.615000000000472
578.855000000000472
583.070000000000476
583.407000000000476
584.826000000000478
585.060000000000478
585.264000000000478
585.575000000000478
586.115000000000479
590.520000000000483
592.489000000000485
593.296000000000485
595.217000000000487
595.797000000000488
596.161000000000488
607.535000000000498
607.824000000000498
607.988000000000498
608.780000000000499
608.973000000000499
615.262000000000505
615.602000000000505
616.205000000000506
616.469000000000506
617.480000000000507
623.086000000000512
623.307000000000512
623.980000000000513
624.172000000000513
624.493000000000513
630.399000000000518
630.704000000000518
630.914000000000519
631.163000000000519
631.502000000000519
640.045000000000527
641.054000000000528
641.457000000000528
641.811000000000528
642.495000000000529
648.923000000000535
649.642000000000535
649.893000000000536
650.142000000000536
650.447000000000536
654.70100000000054
657.170000000000542
657.426000000000542
657.710000000000542
658.830000000000544
659.117000000000544
662.625000000000547
663.781000000000548
664.447000000000548
664.785000000000549
665.118000000000549
665.493000000000549
666.22200000000055
668.839000000000552
671.282000000000554
672.614000000000556
673.179000000000556
673.411000000000556
673.713000000000557
674.011000000000557
674.366000000000557
743.411000000000619
743.962000000000619
745.39700000000062
747.624000000000622
748.443000000000623
755.063000000000629
755.190000000000629
756.22500000000063
758.137000000000632
758.610000000000632
764.971000000000638
765.902000000000639
766.662000000000639
766.94900000000064
768.121000000000641
768.326000000000641
772.664000000000645
773.622000000000645
774.971000000000647
775.243000000000647
775.548000000000647
776.220000000000648
782.140000000000653
782.985000000000654
783.394000000000654
784.363000000000655
784.807000000000655
796.855000000000666
797.229000000000666
797.821000000000667
798.870000000000668
799.472000000000668
811.878000000000679
812.33200000000068
812.44700000000068
813.268000000000681
813.587000000000681
818.292000000000685
818.626000000000685
818.934000000000686
819.556000000000686
820.478000000000687
820.934000000000688
821.393000000000688
826.778000000000693
827.310000000000693
828.418000000000694
828.798000000000694
829.373000000000695
838.596000000000703
839.024000000000704
841.002000000000705
841.315000000000706
842.094000000000706
850.846000000000714
851.277000000000714
851.563000000000715
852.446000000000715
852.656000000000716
858.223000000000721
858.573000000000721
858.796000000000721
859.043000000000721
859.348000000000722
866.250000000000728
866.781000000000728
867.222000000000729
867.434000000000729
868.40900000000073
875.444000000000736
876.016000000000736
877.112000000000737
877.432000000000738
877.967000000000738
879.211000000000739
887.165000000000746
887.891000000000747
888.974000000000748
889.335000000000748
889.776000000000749
897.521000000000755
897.908000000000756
898.310000000000756
898.604000000000756
899.714000000000757
900.744000000000758
906.206000000000763
906.959000000000764
907.198000000000764
907.904000000000765
908.165000000000765
974.978000000000824
1081.89200000000092
1088.52300000000093
1088.96900000000093
1089.22300000000093
1105.67100000000094
1107.12900000000094
1108.31400000000094
1108.80800000000094
1109.25500000000094
1120.17900000000095
1120.86500000000095
1121.16400000000095
1122.07400000000095
1122.40500000000096
1131.97000000000096
1132.61300000000096
1133.51300000000096
1134.14900000000097
1134.43100000000097
1135.63800000000097
2330.00699999997072
2334.78299999997019
98
-1
4.02400000000000007
19.2309999999999976
33.5929999999999882
42.7509999999999963
49.7840000000000026
62.619000000000014
69.7130000000000203
81.851000000000031
89.2700000000000376
96.6140000000000442
110.2720000000000563
117.5370000000000628
124.1410000000000686
142.888000000000085
150.118000000000092
158.284000000000099
165.046000000000105
179.250000000000118
185.848000000000123
192.513000000000129
199.303000000000135
220.936000000000155
228.513000000000161
237.386000000000169
245.248000000000176
251.805000000000182
259.221000000000189
267.012000000000196
273.647000000000201
280.841000000000208
288.510000000000215
294.65700000000022
302.383000000000227
315.506000000000239
322.189000000000244
328.42900000000025
335.022000000000256
342.519000000000263
349.535000000000269
364.663000000000282
370.879000000000288
377.246000000000293
383.390000000000299
390.459000000000305
399.305000000000313
413.239000000000325
419.670000000000331
428.870000000000339
436.258000000000346
443.964000000000353
451.66100000000036
458.677000000000366
465.195000000000372
474.84300000000038
481.587000000000386
488.843000000000393
498.902000000000401
508.71500000000041
515.363000000000416
523.215000000000423
534.016000000000433
548.384000000000445
555.571000000000452
562.462000000000458
569.811000000000464
578.855000000000472
586.115000000000479
596.161000000000488
608.973000000000499
617.480000000000507
624.493000000000513
631.502000000000519
642.495000000000529
650.447000000000536
659.117000000000544
666.22200000000055
674.011000000000557
748.443000000000623
758.610000000000632
768.121000000000641
776.220000000000648
784.807000000000655
799.472000000000668
813.587000000000681
821.393000000000688
829.373000000000695
842.094000000000706
852.656000000000716
859.348000000000722
868.40900000000073
877.967000000000738
889.776000000000749
899.714000000000757
908.165000000000765
1089.22300000000093
1109.25500000000094
1122.40500000000096
1134.43100000000097
5
0
5000
0
0
0
0
2700
99
0
0
0
0
0
0
2700.79599999992988
0
0
0
0
0
0
