11
15
19
11
15
19
cPPR1.12
FR2_day5
0
2
10
22
03
10
41
51
24
2
.3
1
277
1
101
1
1
1
1
1
1
1
1
1
1
1
1
1
1
1
1
1
1
1
1
1
1
276
-1
28.7569999999999895
29.1809999999999892
33.6979999999999883
34.0339999999999886
35.7719999999999901
36.8179999999999911
41.4779999999999952
42.6799999999999963
43.1389999999999967
43.6689999999999971
46.6109999999999998
47.2570000000000003
48.3860000000000013
49.6930000000000025
50.1640000000000029
54.3720000000000066
55.5760000000000077
56.0080000000000081
64.7320000000000158
66.3420000000000173
66.6750000000000176
81.3190000000000306
82.0030000000000312
86.9640000000000356
91.94500000000004
94.7700000000000425
95.2420000000000429
109.5400000000000556
109.9990000000000561
112.9540000000000587
114.0500000000000596
114.48400000000006
115.1530000000000606
116.2660000000000616
116.9470000000000622
122.4290000000000671
123.1480000000000677
130.117000000000074
131.661000000000075
137.33300000000008
138.934000000000082
146.105000000000088
146.504000000000088
150.194000000000092
150.952000000000092
152.243000000000094
154.179000000000095
154.500000000000096
155.092000000000096
163.758000000000104
164.932000000000105
166.045000000000106
171.642000000000111
173.425000000000112
195.008000000000132
198.070000000000134
200.998000000000137
202.763000000000138
204.42600000000014
205.281000000000141
205.865000000000141
210.031000000000145
210.498000000000145
211.408000000000146
218.255000000000152
218.672000000000153
226.461000000000159
227.01400000000016
231.150000000000164
233.530000000000166
234.911000000000167
241.924000000000173
242.634000000000174
243.233000000000174
248.187000000000179
249.92600000000018
254.329000000000184
255.411000000000185
258.919000000000188
259.359000000000189
260.92800000000019
261.727000000000191
267.092000000000196
267.674000000000196
268.168000000000197
273.630000000000201
274.619000000000202
292.311000000000218
292.606000000000218
292.707000000000218
295.654000000000221
297.889000000000223
298.518000000000223
301.826000000000226
306.20400000000023
307.597000000000232
316.476000000000239
320.293000000000243
327.94100000000025
329.304000000000251
336.942000000000258
338.536000000000259
342.642000000000263
343.164000000000263
344.447000000000264
345.563000000000265
346.082000000000266
362.24300000000028
367.840000000000285
371.293000000000288
371.857000000000289
372.137000000000289
373.30900000000029
373.60100000000029
385.806000000000301
386.337000000000301
391.283000000000306
392.521000000000307
394.303000000000309
399.854000000000313
400.379000000000314
410.902000000000323
413.491000000000326
414.877000000000327
419.870000000000331
421.682000000000333
426.369000000000337
426.939000000000338
428.439000000000339
439.914000000000349
443.246000000000352
450.313000000000358
450.820000000000359
459.848000000000367
461.473000000000368
466.657000000000373
469.122000000000375
469.733000000000376
476.659000000000382
477.372000000000382
484.803000000000389
489.243000000000393
490.463000000000394
494.931000000000398
495.655000000000399
504.714000000000407
506.562000000000408
515.987000000000417
516.793000000000417
524.632000000000424
525.280000000000425
534.906000000000433
538.549000000000437
543.446000000000441
543.913000000000441
545.897000000000443
558.725000000000455
559.226000000000455
563.263000000000459
563.904000000000459
564.64000000000046
566.230000000000461
572.458000000000467
573.059000000000467
578.365000000000472
581.467000000000475
581.905000000000475
592.632000000000485
593.264000000000485
599.346000000000491
605.339000000000496
608.640000000000499
609.7370000000005
612.543000000000502
613.203000000000503
623.555000000000512
624.598000000000513
633.178000000000521
636.273000000000523
636.520000000000524
643.86600000000053
644.418000000000531
648.917000000000535
649.760000000000535
652.178000000000538
709.516000000000588
710.366000000000589
719.858000000000598
722.9950000000006
723.877000000000601
726.868000000000604
727.803000000000605
729.297000000000606
729.800000000000606
734.348000000000611
735.750000000000612
738.390000000000614
742.670000000000618
743.496000000000619
746.909000000000622
747.221000000000622
752.414000000000627
754.466000000000628
758.551000000000632
763.917000000000637
764.245000000000637
764.659000000000637
774.036000000000646
775.807000000000647
783.045000000000654
783.500000000000654
796.724000000000666
799.786000000000669
805.538000000000674
806.079000000000674
813.868000000000681
816.910000000000684
827.474000000000693
830.524000000000696
836.613000000000701
837.565000000000702
845.448000000000709
846.05000000000071
859.964000000000722
860.458000000000723
861.051000000000723
861.387000000000723
861.525000000000723
868.043000000000729
868.74200000000073
869.22100000000073
877.444000000000738
880.12800000000074
880.705000000000741
886.048000000000745
887.508000000000747
900.306000000000758
902.32100000000076
902.76800000000076
909.784000000000766
910.506000000000767
913.71100000000077
923.093000000000778
923.612000000000779
924.99000000000078
929.052000000000783
929.542000000000784
930.087000000000784
935.155000000000789
936.40500000000079
1008.738000000000854
1009.414000000000855
1025.68700000000087
1025.79700000000087
1028.23600000000087
1029.50400000000087
1031.60900000000087
1032.28400000000088
1037.28900000000088
1037.90800000000088
1048.49200000000089
1054.14000000000089
1061.9510000000009
1070.25300000000091
1070.61400000000091
1074.69500000000091
1075.97300000000091
1077.59700000000092
1083.33500000000092
1085.70500000000092
1086.17800000000092
1094.02400000000093
1095.33200000000093
1095.73200000000093
1102.55200000000094
1105.20300000000094
100
-1
29.1809999999999892
36.8179999999999911
43.1389999999999967
49.6930000000000025
56.0080000000000081
66.3420000000000173
82.0030000000000312
94.7700000000000425
109.9990000000000561
116.9470000000000622
123.1480000000000677
131.661000000000075
138.934000000000082
146.504000000000088
154.179000000000095
164.932000000000105
173.425000000000112
198.070000000000134
205.281000000000141
211.408000000000146
218.672000000000153
227.01400000000016
234.911000000000167
242.634000000000174
249.92600000000018
258.919000000000188
267.674000000000196
274.619000000000202
292.606000000000218
298.518000000000223
307.597000000000232
320.293000000000243
329.304000000000251
338.536000000000259
345.563000000000265
367.840000000000285
373.60100000000029
386.337000000000301
394.303000000000309
400.379000000000314
413.491000000000326
421.682000000000333
428.439000000000339
443.246000000000352
450.820000000000359
461.473000000000368
469.733000000000376
477.372000000000382
489.243000000000393
495.655000000000399
506.562000000000408
516.793000000000417
525.280000000000425
538.549000000000437
545.897000000000443
559.226000000000455
566.230000000000461
573.059000000000467
581.467000000000475
593.264000000000485
605.339000000000496
613.203000000000503
624.598000000000513
636.273000000000523
644.418000000000531
652.178000000000538
710.366000000000589
722.9950000000006
729.800000000000606
738.390000000000614
747.221000000000622
758.551000000000632
764.245000000000637
775.807000000000647
783.500000000000654
799.786000000000669
806.079000000000674
816.910000000000684
830.524000000000696
837.565000000000702
846.05000000000071
860.458000000000723
868.74200000000073
880.12800000000074
887.508000000000747
902.32100000000076
910.506000000000767
923.612000000000779
929.542000000000784
936.40500000000079
1009.414000000000855
1025.79700000000087
1032.28400000000088
1048.49200000000089
1061.9510000000009
1070.61400000000091
1077.59700000000092
1085.70500000000092
1095.33200000000093
1105.20300000000094
2
0
5000
0
0
0
0
2700
99
0
0
0
0
0
0
1105.20300000000094
0
0
0
0
0
0
