11
05
19
11
05
19
cPPR1.12
FR1_day2
0
2
9
58
42
10
21
28
24
2
.3
1
144
1
101
1
1
1
1
1
1
1
1
1
1
1
1
1
1
1
1
1
1
1
1
1
1
143
-1
42.0969999999999957
45.9259999999999991
48.001000000000001
48.5860000000000015
48.8240000000000017
53.9450000000000063
62.9110000000000142
71.0860000000000215
81.0630000000000304
87.0080000000000356
93.3520000000000413
104.7540000000000514
109.912000000000056
115.514000000000061
122.0280000000000667
122.2610000000000669
135.078000000000078
140.811000000000083
148.78700000000009
159.5290000000001
165.551000000000105
174.207000000000113
185.548000000000123
186.100000000000124
197.159000000000133
201.122000000000137
202.612000000000138
206.981000000000142
210.330000000000145
215.186000000000149
217.509000000000152
223.239000000000157
228.593000000000161
239.431000000000171
247.483000000000178
253.789000000000184
260.52300000000019
279.894000000000207
284.079000000000211
286.258000000000213
291.592000000000217
302.307000000000227
306.746000000000231
307.893000000000232
308.135000000000232
312.553000000000236
314.271000000000237
331.059000000000252
348.140000000000268
353.259000000000272
353.495000000000272
358.524000000000277
365.195000000000283
380.978000000000297
385.876000000000301
387.808000000000303
398.465000000000312
405.446000000000318
411.380000000000324
418.52200000000033
436.558000000000346
442.815000000000352
447.878000000000356
449.262000000000357
449.382000000000357
453.894000000000362
454.534000000000362
458.926000000000366
463.08100000000037
467.758000000000374
476.841000000000382
483.770000000000388
485.149000000000389
490.615000000000394
502.468000000000405
510.735000000000412
518.564000000000419
523.450000000000423
525.920000000000425
531.868000000000431
539.394000000000437
546.210000000000443
561.797000000000457
567.022000000000462
567.478000000000462
574.343000000000468
575.124000000000469
587.22200000000048
592.668000000000485
593.320000000000485
598.82000000000049
609.184000000000499
619.726000000000509
626.340000000000515
638.610000000000526
645.580000000000532
647.600000000000534
653.741000000000539
721.787000000000599
722.3100000000006
726.252000000000603
729.200000000000606
734.17400000000061
735.932000000000612
736.320000000000612
741.354000000000617
748.811000000000623
757.802000000000631
769.312000000000642
780.064000000000651
787.667000000000658
795.267000000000665
805.046000000000673
814.344000000000682
822.662000000000689
834.8880000000007
835.986000000000701
842.898000000000707
850.079000000000713
860.331000000000722
871.047000000000732
878.352000000000738
888.914000000000748
971.272000000000821
1044.21100000000089
1046.04200000000089
1046.61100000000089
1048.39600000000089
1048.78600000000089
1049.63000000000089
1049.97900000000089
1052.04000000000089
1052.86900000000089
1053.47300000000089
1054.03600000000089
1055.4640000000009
1057.4050000000009
1057.9250000000009
1060.1520000000009
1061.1660000000009
1101.66700000000094
1101.97300000000094
1272.77600000000109
100
-1
42.0969999999999957
48.001000000000001
53.9450000000000063
62.9110000000000142
71.0860000000000215
81.0630000000000304
87.0080000000000356
93.3520000000000413
104.7540000000000514
109.912000000000056
115.514000000000061
122.0280000000000667
135.078000000000078
140.811000000000083
148.78700000000009
159.5290000000001
165.551000000000105
174.207000000000113
185.548000000000123
197.159000000000133
202.612000000000138
210.330000000000145
217.509000000000152
223.239000000000157
228.593000000000161
239.431000000000171
247.483000000000178
253.789000000000184
260.52300000000019
279.894000000000207
286.258000000000213
291.592000000000217
302.307000000000227
307.893000000000232
314.271000000000237
331.059000000000252
348.140000000000268
353.259000000000272
358.524000000000277
365.195000000000283
380.978000000000297
387.808000000000303
398.465000000000312
405.446000000000318
411.380000000000324
418.52200000000033
436.558000000000346
442.815000000000352
449.262000000000357
454.534000000000362
463.08100000000037
476.841000000000382
483.770000000000388
490.615000000000394
502.468000000000405
510.735000000000412
518.564000000000419
525.920000000000425
531.868000000000431
539.394000000000437
546.210000000000443
561.797000000000457
567.022000000000462
574.343000000000468
587.22200000000048
592.668000000000485
598.82000000000049
609.184000000000499
619.726000000000509
626.340000000000515
638.610000000000526
645.580000000000532
653.741000000000539
721.787000000000599
729.200000000000606
735.932000000000612
741.354000000000617
748.811000000000623
757.802000000000631
769.312000000000642
780.064000000000651
787.667000000000658
795.267000000000665
805.046000000000673
814.344000000000682
822.662000000000689
834.8880000000007
842.898000000000707
850.079000000000713
860.331000000000722
871.047000000000732
878.352000000000738
888.914000000000748
971.272000000000821
1044.21100000000089
1049.63000000000089
1055.4640000000009
1061.1660000000009
1101.66700000000094
1272.77600000000109
1
0
5000
0
0
0
0
2700
99
0
0
0
0
0
0
1272.77600000000109
0
0
0
0
0
0
