11
22
19
11
22
19
cPPR1.16
FR5_day5
0
2
11
36
07
12
06
14
24
2
.3
1
571
1
101
1
1
1
1
1
1
1
1
1
1
1
1
1
1
1
1
1
1
1
1
1
1
570
-1
48.9420000000000018
49.5310000000000023
52.7890000000000052
53.4170000000000058
53.692000000000006
55.0880000000000073
58.7900000000000106
80.2210000000000296
82.0020000000000312
82.7470000000000318
83.6550000000000326
84.1110000000000331
145.919000000000088
147.181000000000089
148.07100000000009
148.47900000000009
149.571000000000091
150.488000000000092
181.54200000000012
182.29500000000012
183.114000000000121
184.014000000000122
184.484000000000122
187.665000000000125
188.408000000000126
189.706000000000127
190.077000000000127
191.113000000000128
191.558000000000128
192.055000000000129
196.841000000000133
197.208000000000134
198.528000000000135
198.937000000000135
199.849000000000136
200.497000000000136
201.166000000000137
209.708000000000145
210.284000000000145
210.606000000000145
211.820000000000146
212.222000000000147
228.151000000000161
229.080000000000162
229.344000000000162
229.985000000000163
231.713000000000164
237.172000000000169
237.415000000000169
238.59500000000017
241.046000000000172
243.815000000000175
249.04200000000018
249.69600000000018
250.790000000000181
250.936000000000181
251.510000000000182
255.084000000000185
255.771000000000186
256.228000000000186
256.537000000000186
257.337000000000187
257.873000000000187
258.135000000000188
258.589000000000188
261.465000000000191
266.510000000000195
267.093000000000196
267.894000000000196
268.303000000000197
268.786000000000197
269.108000000000197
273.765000000000202
274.220000000000202
274.640000000000202
275.192000000000203
275.982000000000203
277.376000000000205
280.807000000000208
282.431000000000209
292.948000000000219
293.828000000000219
294.38100000000022
295.273000000000221
295.710000000000221
296.264000000000221
300.115000000000225
300.493000000000225
300.874000000000226
301.195000000000226
301.548000000000226
301.851000000000226
302.874000000000227
303.246000000000228
310.488000000000234
310.753000000000234
312.689000000000236
313.887000000000237
314.565000000000238
319.454000000000242
321.026000000000243
321.536000000000244
322.194000000000244
322.635000000000245
322.923000000000245
327.251000000000249
327.772000000000249
328.49700000000025
329.048000000000251
329.568000000000251
329.890000000000251
330.242000000000252
331.910000000000253
337.117000000000258
340.431000000000261
341.183000000000261
341.591000000000262
342.241000000000262
343.270000000000263
347.624000000000267
348.727000000000268
349.038000000000268
349.313000000000269
349.836000000000269
356.583000000000275
358.636000000000277
359.008000000000277
360.002000000000278
361.466000000000279
364.913000000000282
365.888000000000283
366.329000000000284
367.002000000000284
368.174000000000285
368.674000000000286
369.200000000000286
371.579000000000288
372.065000000000289
372.576000000000289
376.846000000000293
382.059000000000298
382.518000000000298
383.034000000000299
383.627000000000299
385.1750000000003
387.459000000000302
388.132000000000303
388.566000000000303
388.941000000000304
389.517000000000304
389.905000000000305
391.081000000000306
391.616000000000306
399.181000000000313
399.862000000000314
400.355000000000314
401.412000000000315
403.415000000000317
408.571000000000321
413.441000000000326
413.947000000000326
414.391000000000326
414.882000000000327
415.538000000000327
418.83500000000033
419.919000000000331
420.246000000000332
420.501000000000332
421.013000000000332
421.642000000000333
422.046000000000333
422.563000000000334
423.102000000000334
431.786000000000342
433.284000000000343
433.769000000000344
434.156000000000344
434.579000000000344
435.452000000000345
440.65300000000035
441.589000000000351
441.762000000000351
441.992000000000351
442.282000000000351
449.056000000000357
450.928000000000359
451.223000000000359
451.88600000000036
452.53800000000036
461.983000000000369
462.865000000000369
463.60800000000037
464.01600000000037
464.489000000000371
469.238000000000375
471.242000000000377
471.996000000000378
472.429000000000378
473.774000000000379
474.20100000000038
475.12400000000038
482.100000000000386
483.235000000000388
483.706000000000388
484.042000000000388
485.063000000000389
485.371000000000389
495.264000000000398
496.055000000000399
496.505000000000399
496.8750000000004
497.2660000000004
505.236000000000407
505.551000000000407
505.872000000000408
506.237000000000408
506.637000000000408
508.44300000000041
514.696000000000415
515.280000000000416
516.198000000000417
516.438000000000417
516.865000000000417
525.562000000000425
528.243000000000428
528.554000000000428
529.543000000000429
530.137000000000429
530.56900000000043
530.98900000000043
536.527000000000435
537.606000000000436
537.992000000000436
538.376000000000436
538.817000000000437
547.905000000000445
549.404000000000446
549.900000000000447
550.451000000000447
551.187000000000448
557.895000000000454
558.673000000000455
559.229000000000455
559.623000000000455
559.975000000000456
570.334000000000465
571.247000000000466
571.807000000000466
572.539000000000467
572.942000000000467
573.885000000000468
582.087000000000475
584.611000000000478
585.176000000000478
585.314000000000478
585.882000000000479
592.064000000000484
592.439000000000484
593.019000000000485
593.329000000000485
593.647000000000486
603.413000000000494
605.637000000000496
606.340000000000497
606.888000000000497
607.763000000000498
615.183000000000505
615.885000000000505
616.417000000000506
617.091000000000506
618.827000000000508
619.237000000000508
620.95100000000051
622.068000000000511
623.563000000000512
623.941000000000512
624.649000000000513
624.939000000000513
625.876000000000514
626.416000000000515
628.936000000000517
633.435000000000521
634.207000000000522
635.657000000000523
636.219000000000523
636.515000000000524
636.802000000000524
637.980000000000525
648.658000000000534
649.234000000000535
649.538000000000535
650.232000000000536
650.990000000000536
657.417000000000542
659.831000000000544
661.146000000000546
662.636000000000547
664.214000000000548
664.704000000000549
673.801000000000557
676.143000000000559
677.39300000000056
677.89500000000056
678.284000000000561
678.696000000000561
679.234000000000562
683.753000000000566
684.783000000000566
685.301000000000567
685.609000000000567
686.094000000000568
702.108000000000582
702.783000000000582
703.949000000000584
704.672000000000584
705.463000000000585
706.143000000000586
713.125000000000592
720.068000000000598
720.609000000000598
723.879000000000601
724.537000000000602
733.095000000000609
734.634000000000611
735.118000000000611
735.821000000000612
741.762000000000617
742.839000000000618
764.509000000000637
766.97000000000064
767.55000000000064
769.329000000000642
771.072000000000643
781.184000000000652
781.914000000000653
782.597000000000653
783.245000000000654
783.779000000000654
803.929000000000672
804.393000000000673
804.864000000000673
805.379000000000674
805.895000000000674
814.959000000000682
816.283000000000683
817.258000000000684
817.754000000000685
818.053000000000685
825.094000000000691
829.024000000000695
830.011000000000696
830.517000000000696
830.803000000000696
838.724000000000703
839.150000000000704
839.855000000000704
840.605000000000705
842.869000000000707
844.048000000000708
856.055000000000719
858.14500000000072
858.764000000000721
859.439000000000722
860.055000000000722
861.064000000000723
869.27500000000073
870.525000000000731
872.967000000000734
873.215000000000734
875.588000000000736
890.370000000000749
891.28200000000075
892.230000000000751
892.665000000000751
892.960000000000751
901.296000000000759
902.23600000000076
902.46600000000076
903.13100000000076
904.491000000000762
910.801000000000767
911.081000000000768
911.677000000000768
912.227000000000768
913.58600000000077
922.476000000000778
923.304000000000778
924.003000000000779
924.51300000000078
924.80400000000078
939.272000000000793
942.988000000000796
943.312000000000796
944.092000000000797
948.614000000000801
955.181000000000807
958.72000000000081
959.08500000000081
960.067000000000811
960.445000000000811
973.680000000000823
974.808000000000824
977.234000000000826
977.509000000000827
978.042000000000827
979.878000000000829
991.718000000000839
993.905000000000841
994.540000000000842
995.609000000000843
996.017000000000843
1006.163000000000852
1007.303000000000853
1007.972000000000854
1009.349000000000855
1010.181000000000856
1020.025000000000864
1022.295000000000866
1025.69200000000087
1026.72500000000087
1027.07300000000087
1037.47700000000088
1044.68300000000089
1045.40100000000089
1046.16700000000089
1047.03400000000089
1052.03900000000089
1053.56100000000089
1054.39900000000089
1056.7750000000009
1057.4370000000009
1057.9940000000009
1066.42500000000091
1066.81300000000091
1068.50400000000091
1068.88300000000091
1069.46300000000091
1083.61000000000092
1084.44800000000092
1086.31200000000092
1086.68000000000092
1087.60800000000092
1088.50500000000093
1096.56600000000093
1105.69900000000094
1106.46900000000094
1106.77300000000094
1107.39000000000094
1113.38000000000095
1115.42700000000095
1116.25200000000095
1117.07200000000095
1117.40000000000095
1131.53300000000096
1133.47400000000096
1134.40800000000097
1135.12400000000097
1136.10800000000097
1145.76500000000098
1147.46300000000098
1149.24300000000098
1150.12800000000098
1150.77500000000098
1151.40900000000098
1152.64200000000098
1159.83700000000099
1169.150000000001
1171.411000000001
1172.125000000001
1173.070000000001
1186.41400000000101
1187.89000000000101
1192.63700000000102
1195.78800000000102
1198.82500000000102
1209.71400000000103
1210.17300000000103
1216.60700000000104
1217.17200000000104
1217.99900000000104
1349.51200000000116
1356.10900000000116
1359.17400000000117
1359.57000000000117
1360.02400000000117
1443.84500000000124
1444.80000000000124
1445.25300000000124
1445.98700000000124
1446.15700000000124
1490.48300000000128
1491.33400000000128
1491.74200000000128
1491.95100000000128
1492.39600000000128
1493.48000000000128
1502.39900000000129
1502.72900000000129
1502.94100000000129
1503.41300000000129
1504.10000000000129
1513.3390000000013
1515.4220000000013
1515.9360000000013
1516.55500000000131
1517.06600000000131
1518.39100000000131
1523.98600000000131
1525.17500000000131
1526.13600000000131
1526.62000000000131
1527.13600000000131
1540.01500000000133
1541.66000000000133
1542.40100000000133
1542.64500000000133
1543.49100000000133
1553.14000000000134
1554.43100000000134
1555.29600000000134
1555.95500000000134
1556.44000000000134
1566.85600000000135
1567.34800000000135
1568.58100000000135
1569.20000000000135
1570.50900000000135
1578.75200000000136
1583.89900000000136
1584.80400000000137
1586.03500000000137
1587.27900000000137
1593.86400000000137
1597.06400000000138
1597.87200000000138
1598.40300000000138
1598.91900000000138
1600.83200000000138
1605.31400000000138
1605.95200000000138
1607.44400000000139
1608.16700000000139
1609.64000000000139
1611.63300000000139
1618.4080000000014
1621.5630000000014
1622.1470000000014
1622.9230000000014
1623.5090000000014
1632.59500000000141
1639.30500000000141
1640.23700000000142
1640.54800000000142
1641.13600000000142
1642.71700000000142
1650.23800000000142
1657.37400000000143
1658.32300000000143
1658.86000000000143
1659.14700000000143
1673.98200000000144
1675.31900000000145
1676.41100000000145
1676.85800000000145
1678.02600000000145
1687.79500000000146
1689.34900000000146
1691.01600000000146
1692.34700000000146
1692.82800000000146
100
-1
53.692000000000006
84.1110000000000331
149.571000000000091
184.484000000000122
192.055000000000129
201.166000000000137
212.222000000000147
231.713000000000164
243.815000000000175
251.510000000000182
261.465000000000191
269.108000000000197
280.807000000000208
295.710000000000221
303.246000000000228
314.565000000000238
322.923000000000245
330.242000000000252
342.241000000000262
349.836000000000269
361.466000000000279
371.579000000000288
383.627000000000299
391.616000000000306
403.415000000000317
415.538000000000327
423.102000000000334
434.579000000000344
442.282000000000351
452.53800000000036
464.489000000000371
474.20100000000038
485.063000000000389
497.2660000000004
506.637000000000408
516.865000000000417
530.137000000000429
538.817000000000437
551.187000000000448
559.975000000000456
572.942000000000467
585.882000000000479
593.647000000000486
607.763000000000498
618.827000000000508
628.936000000000517
636.802000000000524
650.990000000000536
664.214000000000548
678.284000000000561
686.094000000000568
705.463000000000585
724.537000000000602
741.762000000000617
771.072000000000643
783.779000000000654
805.895000000000674
818.053000000000685
830.803000000000696
842.869000000000707
860.055000000000722
875.588000000000736
892.960000000000751
904.491000000000762
913.58600000000077
924.80400000000078
948.614000000000801
960.445000000000811
978.042000000000827
996.017000000000843
1010.181000000000856
1027.07300000000087
1047.03400000000089
1057.9940000000009
1069.46300000000091
1087.60800000000092
1107.39000000000094
1117.40000000000095
1136.10800000000097
1150.77500000000098
1173.070000000001
1198.82500000000102
1217.99900000000104
1360.02400000000117
1446.15700000000124
1492.39600000000128
1504.10000000000129
1517.06600000000131
1527.13600000000131
1543.49100000000133
1556.44000000000134
1570.50900000000135
1587.27900000000137
1598.91900000000138
1609.64000000000139
1623.5090000000014
1641.13600000000142
1659.14700000000143
1678.02600000000145
1692.82800000000146
5
0
5000
0
0
0
0
2700
99
0
0
0
0
0
0
1692.82800000000146
0
0
0
0
0
0
