11
18
19
11
18
19
cPPR1.10
FR5_day1
0
4
9
11
28
9
36
25
24
2
.3
1
579
1
101
1
1
1
1
1
1
1
1
1
1
1
1
1
1
1
1
1
1
1
1
1
1
578
-1
29.2189999999999891
30.0549999999999884
30.3229999999999882
31.2169999999999874
31.4349999999999873
31.5759999999999871
78.7020000000000283
82.2420000000000314
82.928000000000032
83.6380000000000326
83.8000000000000328
87.7630000000000363
88.4220000000000369
88.9850000000000374
92.3630000000000404
93.068000000000041
94.1100000000000419
95.1490000000000429
95.5430000000000432
98.5750000000000459
98.9950000000000463
100.6660000000000478
101.2100000000000482
101.6030000000000486
102.8120000000000497
104.5540000000000512
104.9920000000000516
129.568000000000073
130.087000000000074
130.529000000000074
131.057000000000075
131.745000000000075
134.373000000000078
136.334000000000079
136.67600000000008
137.02200000000008
138.497000000000081
138.914000000000082
141.399000000000084
142.252000000000085
148.75100000000009
149.518000000000091
149.998000000000092
151.184000000000093
151.476000000000093
154.160000000000095
163.308000000000103
164.327000000000104
165.471000000000105
165.741000000000106
166.974000000000107
167.366000000000107
172.234000000000111
184.860000000000123
185.182000000000123
185.798000000000123
186.619000000000124
188.503000000000126
188.839000000000126
188.999000000000126
189.532000000000127
190.202000000000127
190.992000000000128
191.965000000000129
193.13600000000013
193.55300000000013
195.299000000000132
195.538000000000132
198.792000000000135
199.510000000000136
200.646000000000137
201.749000000000138
203.024000000000139
205.04800000000014
206.891000000000142
209.021000000000144
212.122000000000147
215.37000000000015
216.03000000000015
217.075000000000151
218.471000000000152
219.022000000000153
230.653000000000163
231.143000000000164
232.094000000000164
232.412000000000165
233.082000000000165
237.239000000000169
238.986000000000171
239.403000000000171
240.852000000000172
241.223000000000173
241.689000000000173
262.480000000000191
262.864000000000192
264.697000000000193
265.025000000000194
265.488000000000194
268.382000000000197
268.916000000000197
270.329000000000198
270.679000000000199
271.032000000000199
271.386000000000199
272.3910000000002
273.286000000000201
273.914000000000202
279.769000000000207
280.361000000000207
281.704000000000209
282.417000000000209
283.40600000000021
289.270000000000215
289.979000000000216
291.644000000000217
292.249000000000218
292.637000000000218
297.055000000000222
297.527000000000223
298.124000000000223
298.944000000000224
299.698000000000225
302.442000000000227
302.884000000000227
307.947000000000232
308.660000000000232
309.393000000000233
309.928000000000234
310.795000000000234
311.342000000000235
316.120000000000239
316.59200000000024
317.34800000000024
318.042000000000241
318.434000000000241
321.934000000000244
325.828000000000248
326.448000000000248
327.85400000000025
328.32500000000025
331.025000000000252
331.555000000000253
331.732000000000253
338.293000000000259
338.611000000000259
340.14100000000026
343.343000000000263
344.108000000000264
349.499000000000269
350.89300000000027
352.114000000000271
352.261000000000271
353.534000000000272
357.488000000000276
357.993000000000276
358.129000000000276
358.708000000000277
359.140000000000277
359.540000000000278
359.790000000000278
362.32600000000028
362.71900000000028
365.989000000000283
366.960000000000284
367.707000000000285
367.927000000000285
368.561000000000286
369.109000000000286
370.556000000000287
371.721000000000288
375.019000000000291
375.631000000000292
377.856000000000294
378.380000000000294
379.240000000000295
380.558000000000296
383.105000000000299
390.213000000000305
390.793000000000305
391.501000000000306
393.073000000000307
393.450000000000308
398.196000000000312
398.616000000000312
399.836000000000313
400.269000000000314
401.331000000000315
401.988000000000315
403.830000000000317
409.188000000000322
409.766000000000322
411.343000000000324
411.963000000000324
414.755000000000327
419.213000000000331
419.745000000000331
420.117000000000332
421.411000000000333
422.210000000000333
424.232000000000335
425.297000000000336
432.198000000000342
432.448000000000342
433.492000000000343
434.011000000000344
435.197000000000345
439.516000000000349
440.71700000000035
441.960000000000351
442.275000000000351
442.800000000000352
443.545000000000352
447.515000000000356
448.118000000000356
448.920000000000357
451.498000000000359
452.03200000000036
453.916000000000362
454.697000000000362
462.071000000000369
462.677000000000369
463.52900000000037
464.00500000000037
465.207000000000372
472.697000000000378
473.116000000000379
473.894000000000379
474.42400000000038
474.95100000000038
482.753000000000387
483.302000000000388
483.768000000000388
484.213000000000388
484.628000000000389
488.440000000000392
489.029000000000393
489.716000000000393
490.807000000000394
492.216000000000396
493.064000000000396
493.651000000000397
494.186000000000397
499.172000000000402
499.490000000000402
501.295000000000404
501.818000000000404
502.781000000000405
503.514000000000406
510.962000000000412
511.903000000000413
513.138000000000414
513.644000000000415
514.249000000000415
521.231000000000421
521.921000000000422
525.259000000000425
526.133000000000426
527.959000000000427
532.382000000000431
532.989000000000432
534.609000000000433
535.281000000000434
536.151000000000435
536.792000000000435
537.109000000000435
547.006000000000444
547.775000000000445
548.447000000000445
549.183000000000446
550.180000000000447
554.839000000000451
555.647000000000452
556.825000000000453
557.353000000000453
557.657000000000454
558.256000000000454
560.916000000000456
562.069000000000458
562.722000000000458
563.230000000000459
564.66100000000046
565.29200000000046
567.459000000000462
569.008000000000464
569.412000000000464
594.216000000000486
595.029000000000487
595.419000000000487
596.452000000000488
596.891000000000488
599.430000000000491
600.220000000000491
600.974000000000492
602.255000000000493
605.714000000000496
606.158000000000497
607.106000000000498
607.901000000000498
613.691000000000503
614.387000000000504
614.734000000000504
615.462000000000505
616.729000000000506
624.827000000000513
625.682000000000514
626.360000000000515
626.614000000000515
633.166000000000521
645.576000000000532
647.256000000000533
648.595000000000534
650.742000000000536
651.455000000000537
656.531000000000541
657.139000000000542
657.660000000000542
659.246000000000544
660.022000000000545
660.694000000000545
664.894000000000549
665.304000000000549
666.23500000000055
667.524000000000551
669.116000000000553
669.680000000000553
670.437000000000554
676.074000000000559
676.576000000000559
677.06600000000056
678.670000000000561
679.145000000000562
686.599000000000568
687.227000000000569
688.10200000000057
690.696000000000572
691.163000000000572
695.598000000000576
696.218000000000577
696.753000000000577
697.547000000000578
698.134000000000578
698.831000000000579
699.187000000000579
703.837000000000583
704.428000000000584
705.014000000000584
705.764000000000585
707.739000000000587
708.675000000000588
715.710000000000594
716.754000000000595
717.321000000000595
718.038000000000596
719.018000000000597
725.395000000000603
725.832000000000603
727.188000000000604
728.075000000000605
728.807000000000606
735.196000000000611
736.294000000000612
736.786000000000613
737.063000000000613
738.645000000000614
744.171000000000619
744.75300000000062
745.815000000000621
747.360000000000622
748.096000000000623
752.327000000000626
752.738000000000627
754.134000000000628
754.528000000000628
755.269000000000629
755.79200000000063
756.55800000000063
763.276000000000636
763.521000000000636
763.995000000000637
765.207000000000638
765.953000000000639
774.361000000000646
774.779000000000646
775.441000000000647
776.059000000000648
779.889000000000651
786.253000000000657
786.534000000000657
787.790000000000658
788.464000000000659
789.67100000000066
795.616000000000665
795.813000000000665
796.590000000000666
796.955000000000666
797.569000000000667
814.040000000000681
814.966000000000682
815.465000000000683
815.980000000000683
816.859000000000684
820.879000000000687
821.731000000000688
822.983000000000689
823.89500000000069
824.22500000000069
825.060000000000691
825.476000000000692
830.755000000000696
831.567000000000697
832.122000000000697
832.771000000000698
834.5480000000007
842.906000000000707
843.862000000000708
844.740000000000709
845.381000000000709
851.960000000000715
875.627000000000736
876.569000000000737
877.820000000000738
878.594000000000739
879.51600000000074
890.302000000000749
893.342000000000752
894.204000000000752
894.833000000000753
895.279000000000753
904.422000000000762
905.424000000000762
905.778000000000763
906.658000000000764
908.002000000000765
915.830000000000772
916.708000000000772
917.616000000000773
918.335000000000774
920.022000000000775
926.946000000000782
928.193000000000783
928.713000000000783
929.438000000000784
929.800000000000784
936.43700000000079
936.88200000000079
937.771000000000791
938.205000000000792
938.979000000000792
947.9770000000008
948.517000000000801
949.113000000000801
949.636000000000802
950.413000000000802
959.26100000000081
960.910000000000812
961.223000000000812
961.991000000000813
962.516000000000813
969.96000000000082
970.54800000000082
971.232000000000821
972.560000000000822
973.299000000000823
977.832000000000827
978.313000000000827
978.927000000000828
979.610000000000828
980.96300000000083
981.37700000000083
984.543000000000833
990.201000000000838
990.947000000000838
991.639000000000839
992.12400000000084
994.433000000000842
1003.56600000000085
1004.551000000000851
1005.049000000000851
1006.769000000000852
1007.847000000000853
1012.654000000000858
1013.131000000000858
1014.558000000000859
1015.40800000000086
1016.533000000000861
1017.188000000000862
1026.47800000000087
1031.99900000000087
1032.95100000000088
1036.04100000000088
1036.59400000000088
1100.85400000000094
1101.29300000000094
1102.55200000000094
1103.03600000000094
1106.22900000000094
1111.36200000000095
1113.20200000000095
1114.27000000000095
1115.66400000000095
1116.29600000000095
1117.23000000000095
1125.87300000000096
1126.50000000000096
1127.31100000000096
1128.55600000000096
1132.28400000000096
1140.91200000000097
1142.03100000000097
1143.65500000000097
1144.34100000000097
1146.49600000000098
1153.12700000000098
1153.59400000000098
1154.22100000000098
1155.26700000000098
1155.81800000000098
1161.82000000000099
1162.50900000000099
1163.16800000000099
1163.93600000000099
1164.63100000000099
1171.028000000001
1171.907000000001
1172.470000000001
1173.667000000001
1174.174000000001
1181.89800000000101
1182.65500000000101
1183.13300000000101
1184.80300000000101
1185.89200000000101
1192.66000000000102
1193.27900000000102
1194.34700000000102
1196.87800000000102
1197.32500000000102
1203.15200000000103
1203.67400000000103
1204.46400000000103
1204.96700000000103
1205.58600000000103
1214.92800000000104
1215.47900000000104
1216.19300000000104
1217.61000000000104
1218.07600000000104
1256.78500000000107
1257.75900000000108
1261.34900000000108
1262.41800000000108
1263.41400000000108
1269.60400000000109
1270.28900000000109
1270.77500000000109
1271.36000000000109
1272.76100000000109
1282.4980000000011
1283.4050000000011
1285.7490000000011
1286.5850000000011
1287.1120000000011
1293.47300000000111
1294.28700000000111
1294.83200000000111
1295.57700000000111
1296.51100000000111
1304.43400000000112
1305.44700000000112
1306.54600000000112
1307.40800000000112
1309.01200000000112
1311.04400000000112
1314.23100000000113
1315.17600000000113
1315.82100000000113
1316.91300000000113
1317.68100000000113
100
-1
31.4349999999999873
83.8000000000000328
95.5430000000000432
104.9920000000000516
131.745000000000075
142.252000000000085
151.476000000000093
166.974000000000107
186.619000000000124
195.538000000000132
209.021000000000144
219.022000000000153
233.082000000000165
241.689000000000173
265.488000000000194
273.914000000000202
283.40600000000021
292.637000000000218
302.884000000000227
311.342000000000235
321.934000000000244
331.732000000000253
344.108000000000264
353.534000000000272
362.71900000000028
371.721000000000288
383.105000000000299
393.450000000000308
403.830000000000317
414.755000000000327
425.297000000000336
435.197000000000345
443.545000000000352
454.697000000000362
465.207000000000372
474.95100000000038
484.628000000000389
494.186000000000397
503.514000000000406
514.249000000000415
527.959000000000427
537.109000000000435
550.180000000000447
558.256000000000454
569.412000000000464
596.891000000000488
607.901000000000498
616.729000000000506
633.166000000000521
651.455000000000537
660.694000000000545
670.437000000000554
679.145000000000562
691.163000000000572
699.187000000000579
708.675000000000588
719.018000000000597
728.807000000000606
738.645000000000614
748.096000000000623
756.55800000000063
765.953000000000639
779.889000000000651
789.67100000000066
797.569000000000667
816.859000000000684
825.476000000000692
834.5480000000007
851.960000000000715
879.51600000000074
895.279000000000753
908.002000000000765
920.022000000000775
929.800000000000784
938.979000000000792
950.413000000000802
962.516000000000813
973.299000000000823
984.543000000000833
994.433000000000842
1007.847000000000853
1017.188000000000862
1036.59400000000088
1106.22900000000094
1117.23000000000095
1132.28400000000096
1146.49600000000098
1155.81800000000098
1164.63100000000099
1174.174000000001
1185.89200000000101
1197.32500000000102
1205.58600000000103
1218.07600000000104
1263.41400000000108
1272.76100000000109
1287.1120000000011
1296.51100000000111
1309.01200000000112
1317.68100000000113
5
0
5000
0
0
0
0
2700
99
0
0
0
0
0
0
1317.68100000000113
0
0
0
0
0
0
