11
25
19
11
25
19
cPPR1.12
PR3_day1
0
2
10
48
06
12
26
39
23
3
.3
1
1175
1
28
1
1
1
1
1
1
1
1
1
1
1
1
1
1
1
1
1
1
1
1
1
184
1174
-1
23.2679999999999942
29.7499999999999887
30.9259999999999877
31.4479999999999872
32.245999999999987
45.4809999999999987
45.8489999999999991
49.5800000000000024
49.9400000000000027
51.0070000000000037
51.3340000000000039
52.0730000000000046
74.8130000000000248
76.7000000000000265
77.5640000000000272
78.2930000000000279
79.544000000000029
80.0530000000000295
81.6740000000000309
82.2360000000000314
83.0350000000000321
83.4980000000000325
87.2600000000000358
87.6180000000000362
87.9480000000000365
88.492000000000037
88.7640000000000372
89.1710000000000376
89.5570000000000379
90.6760000000000389
91.1940000000000394
91.9880000000000401
92.4070000000000404
93.5160000000000414
94.5760000000000424
94.8620000000000426
95.3780000000000431
96.0630000000000437
97.0850000000000446
97.3170000000000448
100.0540000000000472
100.4140000000000475
103.17500000000005
103.3280000000000501
103.8060000000000506
105.7660000000000523
108.4310000000000547
108.833000000000055
109.6780000000000558
110.3380000000000564
110.5470000000000565
111.3260000000000572
111.9120000000000578
112.179000000000058
112.4300000000000582
113.0260000000000587
113.5070000000000592
113.9530000000000596
114.1850000000000598
120.5820000000000654
121.8410000000000666
122.343000000000067
123.443000000000068
123.6980000000000682
125.68600000000007
126.0680000000000703
144.035000000000086
144.390000000000087
144.761000000000087
145.323000000000087
145.576000000000088
145.969000000000088
146.290000000000088
147.241000000000089
147.83400000000009
148.24300000000009
148.990000000000091
149.281000000000091
152.423000000000094
152.952000000000094
153.200000000000094
153.434000000000095
153.788000000000095
153.995000000000095
154.201000000000095
155.705000000000097
155.946000000000097
156.707000000000098
156.959000000000098
157.432000000000098
157.871000000000099
158.175000000000099
158.682000000000099
160.236000000000101
160.671000000000101
160.972000000000101
162.375000000000103
163.156000000000103
163.362000000000103
163.830000000000104
164.092000000000104
164.754000000000105
165.228000000000105
166.367000000000106
166.634000000000106
167.395000000000107
167.610000000000107
167.826000000000107
168.605000000000108
171.428000000000111
171.715000000000111
171.952000000000111
172.497000000000112
173.107000000000112
173.604000000000113
173.734000000000113
173.872000000000113
174.196000000000113
174.667000000000113
174.961000000000114
175.709000000000114
176.329000000000115
176.721000000000115
178.072000000000117
178.590000000000117
179.060000000000117
179.310000000000118
179.948000000000118
180.368000000000119
180.649000000000119
180.874000000000119
181.286000000000119
182.01600000000012
182.12400000000012
182.37700000000012
183.378000000000121
184.231000000000122
184.536000000000122
187.123000000000125
187.722000000000125
188.348000000000126
188.507000000000126
188.615000000000126
188.938000000000126
189.246000000000126
189.500000000000127
189.802000000000127
190.185000000000127
191.873000000000129
192.063000000000129
192.571000000000129
192.90400000000013
194.481000000000131
195.807000000000132
196.064000000000132
196.391000000000133
196.934000000000133
197.275000000000134
197.612000000000134
197.810000000000134
218.543000000000152
219.314000000000153
219.975000000000154
220.739000000000154
221.557000000000155
221.883000000000155
222.688000000000156
224.704000000000158
225.075000000000158
225.999000000000159
226.83900000000016
227.01800000000016
228.726000000000162
229.713000000000162
233.401000000000166
236.759000000000169
236.935000000000169
237.578000000000169
239.119000000000171
239.525000000000171
240.377000000000172
240.779000000000172
242.703000000000174
242.885000000000174
243.157000000000174
244.789000000000176
245.975000000000177
246.504000000000177
247.366000000000178
247.448000000000178
248.246000000000179
249.09300000000018
249.77800000000018
263.629000000000192
264.666000000000193
264.979000000000194
265.572000000000194
268.314000000000197
268.843000000000197
269.401000000000198
269.970000000000198
270.179000000000198
271.8680000000002
273.195000000000201
274.464000000000202
274.688000000000202
277.316000000000205
277.580000000000205
277.935000000000205
279.502000000000207
279.640000000000207
280.092000000000207
280.997000000000208
281.207000000000208
281.602000000000208
282.308000000000209
282.656000000000209
282.79700000000021
283.24100000000021
283.42400000000021
285.394000000000212
285.809000000000212
286.114000000000212
286.697000000000213
287.002000000000213
287.574000000000214
287.769000000000214
287.915000000000214
288.115000000000214
288.818000000000215
288.948000000000215
289.542000000000216
289.819000000000216
290.033000000000216
290.320000000000216
291.082000000000217
291.189000000000217
292.472000000000218
293.439000000000219
294.09900000000022
295.387000000000221
296.155000000000221
296.476000000000222
297.343000000000222
297.580000000000223
297.678000000000223
297.846000000000223
300.731000000000225
316.58500000000024
316.80500000000024
317.17600000000024
317.44100000000024
318.239000000000241
319.162000000000242
319.446000000000242
321.366000000000244
322.455000000000245
322.582000000000245
323.218000000000245
324.240000000000246
325.101000000000247
325.347000000000247
325.869000000000248
326.506000000000248
327.089000000000249
327.350000000000249
328.03800000000025
328.28400000000025
330.305000000000252
331.146000000000252
332.425000000000254
333.778000000000255
334.026000000000255
335.026000000000256
336.506000000000257
336.812000000000258
337.058000000000258
338.590000000000259
338.924000000000259
339.46300000000026
339.94300000000026
340.04700000000026
342.370000000000262
342.606000000000263
343.429000000000263
360.077000000000278
361.547000000000279
361.66000000000028
363.731000000000281
364.387000000000282
368.085000000000285
368.578000000000286
382.996000000000298
383.291000000000299
383.565000000000299
384.004000000000299
384.2110000000003
384.9200000000003
385.329000000000301
385.862000000000301
386.265000000000301
386.817000000000302
386.963000000000302
389.432000000000304
389.780000000000305
389.964000000000305
392.129000000000307
392.842000000000307
393.119000000000308
393.377000000000308
394.177000000000308
394.629000000000309
395.135000000000309
395.44400000000031
395.76100000000031
398.482000000000312
398.872000000000313
399.331000000000313
400.211000000000314
400.456000000000314
400.728000000000314
402.929000000000316
404.084000000000317
404.345000000000318
404.769000000000318
406.020000000000319
406.591000000000319
407.10900000000032
408.557000000000321
409.169000000000322
409.423000000000322
409.853000000000322
410.687000000000323
410.940000000000323
411.348000000000324
412.171000000000324
479.942000000000385
487.608000000000391
490.874000000000394
491.379000000000395
493.254000000000396
494.459000000000398
494.706000000000398
495.288000000000398
495.599000000000398
498.029000000000401
500.201000000000403
500.666000000000403
502.119000000000404
503.172000000000405
504.653000000000407
533.094000000000432
533.392000000000432
533.648000000000432
534.355000000000433
535.786000000000434
536.200000000000435
536.433000000000435
537.015000000000435
538.807000000000437
540.343000000000438
541.300000000000439
541.507000000000439
541.77100000000044
544.566000000000442
544.919000000000442
545.203000000000443
546.426000000000444
546.851000000000444
547.663000000000445
559.165000000000455
561.228000000000457
561.532000000000457
563.331000000000459
564.063000000000459
564.33400000000046
567.573000000000462
578.932000000000472
580.436000000000474
581.842000000000475
586.347000000000479
586.669000000000479
591.206000000000483
594.906000000000487
595.018000000000487
597.058000000000489
644.943000000000531
647.063000000000533
675.387000000000558
676.507000000000559
676.97800000000056
679.289000000000562
681.946000000000564
683.030000000000565
684.458000000000566
684.775000000000566
685.242000000000567
686.129000000000568
687.262000000000569
687.742000000000569
688.012000000000569
688.53700000000057
688.82800000000057
695.971000000000576
766.777000000000639
767.66600000000064
767.91700000000064
771.631000000000644
772.615000000000644
774.857000000000646
775.212000000000647
777.073000000000648
777.808000000000649
778.60900000000065
792.482000000000662
793.433000000000663
793.827000000000663
795.356000000000665
796.101000000000665
796.614000000000666
796.992000000000666
798.250000000000667
802.787000000000671
852.016000000000715
853.646000000000716
853.947000000000717
855.261000000000718
855.983000000000719
860.126000000000722
887.170000000000746
888.113000000000747
888.870000000000748
890.112000000000749
890.411000000000749
922.367000000000778
922.760000000000778
923.314000000000778
924.166000000000779
927.248000000000782
927.787000000000782
932.711000000000787
933.651000000000788
937.122000000000791
940.287000000000793
941.239000000000794
943.179000000000796
944.593000000000797
955.064000000000807
955.955000000000807
956.509000000000808
958.46600000000081
962.295000000000813
966.443000000000817
994.395000000000842
997.111000000000844
997.806000000000844
1000.187000000000847
1000.682000000000847
1001.517000000000848
1003.176000000000849
1007.758000000000853
1008.625000000000854
1009.883000000000855
1010.764000000000856
1011.112000000000856
1015.00500000000086
1015.71800000000086
1015.80200000000086
1016.009000000000861
1016.913000000000862
1017.737000000000862
1019.485000000000864
1025.96700000000087
1026.61600000000087
1027.53300000000087
1027.81000000000087
1030.09600000000087
1031.14100000000087
1031.51700000000087
1032.67800000000088
1032.89600000000088
1035.45300000000088
1035.80300000000088
1037.29200000000088
1037.98700000000088
1040.87400000000088
1041.04500000000088
1041.45500000000088
1042.14100000000088
1042.42600000000088
1042.84800000000088
1043.21000000000088
1046.29200000000089
1047.05600000000089
1047.44000000000089
1048.29500000000089
1048.64200000000089
1050.13900000000089
1050.61900000000089
1050.79300000000089
1053.96100000000089
1055.5780000000009
1055.9900000000009
1056.7880000000009
1057.0070000000009
1057.2240000000009
1058.2590000000009
1058.6430000000009
1059.2630000000009
1059.4550000000009
1060.6240000000009
1061.9400000000009
1062.8480000000009
1063.6460000000009
1063.9240000000009
1065.1000000000009
1065.8610000000009
1066.46600000000091
1066.85300000000091
1067.22600000000091
1068.96900000000091
1072.26200000000091
1073.24900000000091
1073.57400000000091
1091.75100000000093
1093.01500000000093
1093.34900000000093
1094.33100000000093
1094.70400000000093
1097.06300000000093
1097.48000000000093
1097.71900000000093
1099.35000000000093
1100.29000000000094
1100.83800000000094
1101.72600000000094
1101.99000000000094
1102.97400000000094
1104.11000000000094
1104.87400000000094
1105.38900000000094
1105.74000000000094
1106.02900000000094
1106.66700000000094
1106.97500000000094
1107.23000000000094
1108.11700000000094
1108.44700000000094
1109.54700000000094
1109.85400000000094
1113.34900000000095
1118.24300000000095
1120.19400000000095
1120.40800000000095
1123.22200000000096
1124.33800000000096
1125.07900000000096
1125.92400000000096
1127.64600000000096
1128.09800000000096
1130.60500000000096
1131.28400000000096
1131.53000000000096
1133.13000000000096
1134.04900000000097
1134.63300000000097
1135.07500000000097
1137.18300000000097
1137.46600000000097
1139.03700000000097
1139.66200000000097
1140.77200000000097
1141.26200000000097
1141.73500000000097
1142.24400000000097
1143.88000000000097
1144.46500000000097
1147.48700000000098
1148.12900000000098
1153.49400000000098
1154.44300000000098
1154.83900000000098
1155.05500000000098
1155.42900000000098
1155.82100000000098
1157.38000000000099
1158.04000000000099
1158.48400000000099
1158.72300000000099
1159.51700000000099
1159.81700000000099
1161.17300000000099
1161.63000000000099
1162.37800000000099
1163.20700000000099
1163.44700000000099
1164.41300000000099
1165.21100000000099
1165.52100000000099
1165.84000000000099
1168.357000000001
1170.414000000001
1171.507000000001
1172.537000000001
1173.162000000001
1173.786000000001
1176.733000000001
1177.010000000001
1177.835000000001
1182.26700000000101
1182.61100000000101
1183.52300000000101
1183.73000000000101
1183.97400000000101
1184.32000000000101
1184.55800000000101
1187.02500000000101
1187.71100000000101
1190.48600000000102
1190.77900000000102
1193.07200000000102
1193.44700000000102
1194.49700000000102
1195.78900000000102
1196.56600000000102
1196.90500000000102
1197.87100000000102
1199.96200000000102
1200.99500000000102
1201.30200000000103
1201.66700000000103
1202.31700000000103
1203.23900000000103
1203.45700000000103
1204.36000000000103
1206.13000000000103
1206.21900000000103
1206.55200000000103
1211.06800000000103
1211.37600000000103
1212.11400000000103
1212.59300000000104
1212.77200000000104
1213.40200000000104
1215.42200000000104
1215.69200000000104
1216.28200000000104
1217.94000000000104
1221.25100000000104
1221.62100000000104
1222.11300000000104
1223.65000000000105
1223.94200000000105
1224.74700000000105
1226.76300000000105
1227.71800000000105
1229.29000000000105
1229.88800000000105
1232.23400000000105
1233.95000000000105
1234.25800000000105
1234.66700000000105
1236.53000000000106
1237.28200000000106
1237.47800000000106
1237.83300000000106
1238.08900000000106
1239.10500000000106
1239.61900000000106
1240.03200000000106
1240.24700000000106
1240.61200000000106
1241.89100000000106
1242.10800000000106
1243.47300000000106
1245.05500000000106
1245.54200000000106
1246.03300000000106
1246.29200000000107
1246.63800000000107
1247.24900000000107
1247.63200000000107
1250.21800000000107
1253.00500000000107
1255.98400000000107
1256.15200000000107
1259.17900000000108
1262.30400000000108
1262.45100000000108
1264.35300000000108
1281.7880000000011
1282.4180000000011
1283.2810000000011
1283.7900000000011
1284.4000000000011
1285.4000000000011
1286.6810000000011
1290.0030000000011
1290.7270000000011
1291.0350000000011
1291.39700000000111
1300.13400000000111
1300.76500000000111
1301.12400000000111
1301.45300000000111
1303.25600000000112
1303.56400000000112
1304.70300000000112
1307.57000000000112
1307.86800000000112
1308.16000000000112
1309.03100000000112
1310.02600000000112
1310.90900000000112
1311.82200000000112
1312.40400000000112
1314.88600000000113
1315.51300000000113
1317.98600000000113
1318.50400000000113
1319.10500000000113
1319.71700000000113
1321.24400000000113
1323.91400000000113
1325.22100000000114
1327.05800000000114
1327.52500000000114
1328.10300000000114
1329.67600000000114
1330.10100000000114
1336.33000000000115
1337.00700000000115
1337.68000000000115
1338.01700000000115
1339.61900000000115
1340.24600000000115
1341.71000000000115
1344.94100000000115
1345.14600000000115
1345.54100000000115
1345.77300000000115
1346.57500000000115
1346.90900000000115
1347.21000000000115
1347.40300000000116
1348.73800000000116
1349.27600000000116
1350.06800000000116
1350.46200000000116
1354.03300000000116
1355.36900000000116
1360.22100000000117
1361.92200000000117
1363.54100000000117
1363.90400000000117
1364.86800000000117
1368.21600000000117
1368.94200000000117
1369.32300000000117
1369.82000000000117
1370.22900000000118
1370.72500000000118
1371.07200000000118
1373.58300000000118
1374.67300000000118
1381.23700000000119
1382.16200000000119
1382.48200000000119
1383.06000000000119
1383.54500000000119
1384.89200000000119
1427.11200000000123
1429.33300000000123
1430.80100000000123
1432.38800000000123
1434.59200000000123
1435.61700000000123
1436.36400000000123
1441.13100000000124
1442.32800000000124
1442.95000000000124
1446.36800000000124
1448.59700000000124
1450.14100000000125
1451.20600000000125
1454.15000000000125
1454.75700000000125
1455.31900000000125
1456.04300000000125
1456.82500000000125
1458.41300000000125
1458.86300000000125
1459.20200000000125
1460.51200000000126
1461.63100000000126
1470.76000000000126
1471.21700000000126
1471.73300000000127
1474.60300000000127
1474.89700000000127
1475.55200000000127
1477.07000000000127
1503.59100000000129
1504.55200000000129
1506.9750000000013
1507.8110000000013
1508.2190000000013
1512.7560000000013
1515.1150000000013
1516.3030000000013
1517.27700000000131
1626.3880000000014
1687.78600000000146
1691.73000000000146
1696.24500000000146
1696.66600000000147
1699.38600000000147
1699.83200000000147
1700.79000000000147
1702.05100000000147
1767.89900000000153
1770.73100000000153
1774.98200000000153
1786.16200000000154
1787.19100000000155
1788.53100000000155
1790.48500000000155
1791.13700000000155
1791.95400000000155
1792.59100000000155
1814.89100000000157
1816.10800000000157
1831.69100000000159
1833.18600000000159
1837.26400000000159
1837.84100000000159
1839.15600000000159
1839.65200000000159
1840.46300000000159
1842.42400000000159
1844.1680000000016
1844.4720000000016
1849.0730000000016
1849.7210000000016
1851.4690000000016
1856.62100000000161
1857.74700000000161
1859.44200000000161
1863.37000000000161
1866.86800000000162
1868.28000000000162
1869.35800000000162
1870.73400000000162
1939.51100000000168
1940.55500000000168
1942.56300000000168
1968.49800000000171
1969.35100000000171
1981.73900000000172
1986.68300000000172
1987.87100000000172
2070.73399999999927
2071.64999999999917
2084.49299999999776
2085.07499999999769
2088.87399999999728
2097.79999999999629
2098.24999999999624
2098.93399999999617
2101.25199999999591
2102.12999999999582
2102.76099999999575
2105.16099999999548
2177.6289999999875
2183.52499999998685
2187.32699999998643
2197.46999999998532
2200.09199999998503
2200.89999999998494
2204.13299999998458
2204.48599999998454
2273.45599999997695
2279.01899999997633
2280.18999999997621
2282.65099999997593
2283.27899999997586
2284.17299999997577
2288.99199999997524
2292.72899999997482
2293.67499999997472
2294.48299999997463
2295.00699999997457
2297.33499999997432
2298.27199999997421
2298.79699999997416
2299.13499999997412
2300.89099999997393
2301.26899999997388
2301.90499999997381
2302.79899999997372
2303.46899999997364
2303.8719999999736
2304.20099999997356
2312.07299999997269
2312.53299999997264
2313.62799999997252
2314.44399999997243
2314.79399999997239
2316.80599999997217
2317.4549999999721
2319.14899999997191
2319.65299999997186
2320.1789999999718
2321.23499999997168
2321.54699999997165
2321.85999999997162
2322.8729999999715
2325.33099999997123
2325.95699999997116
2326.02099999997116
2326.32599999997112
2326.85299999997107
2327.18699999997103
2327.78999999997096
2328.85599999997085
2329.68499999997075
2330.1929999999707
2331.48299999997056
2334.29499999997025
2334.53499999997022
2335.02299999997017
2337.93399999996985
2338.3439999999698
2338.68499999996976
2339.60399999996966
2340.1439999999696
2340.81499999996953
2342.27799999996937
2343.01999999996929
2344.23999999996915
2344.63599999996911
2345.06999999996906
2345.19699999996905
2345.56299999996901
2345.97299999996896
2348.48099999996868
2349.88599999996853
2351.73899999996833
2355.27699999996794
2358.24199999996761
2359.2079999999675
2369.29799999996639
2370.46699999996626
2371.52499999996615
2373.16299999996597
2373.95199999996588
2376.70099999996558
2377.79199999996546
2378.05599999996543
2378.79199999996535
2379.41499999996528
2379.67299999996525
2380.0809999999652
2384.15999999996475
2384.70999999996469
2388.48099999996428
2389.46599999996417
2390.71899999996403
2394.6109999999636
2395.26299999996353
2398.08599999996322
2398.32299999996319
2399.02399999996312
2399.39999999996308
2401.69699999996282
2402.8169999999627
2403.59499999996261
2404.31399999996254
2404.96299999996246
2405.94799999996236
2406.34799999996231
2407.97999999996213
2408.33699999996209
2408.49499999996207
2409.27299999996199
2423.33999999996044
2426.93399999996004
2428.32799999995989
2428.73899999995984
2431.64499999995952
2432.61299999995942
2432.87499999995939
2433.20099999995935
2435.12199999995914
2438.2689999999588
2438.72499999995874
2440.23699999995858
2440.74099999995852
2441.53799999995844
2442.46599999995833
2443.07099999995827
2443.49799999995822
2444.47899999995811
2445.38699999995801
2446.14699999995793
2447.17099999995781
2448.07299999995772
2448.51399999995767
2448.98199999995762
2450.0279999999575
2450.30099999995747
2450.56299999995744
2451.65499999995732
2452.47999999995723
2453.48599999995712
2453.86799999995708
2454.20699999995704
2454.588999999957
2455.16099999995693
2455.4499999999569
2456.57699999995678
2456.92599999995674
2457.2569999999567
2458.04699999995662
2458.1629999999566
2458.69299999995655
2459.27599999995648
2459.74299999995643
2460.61099999995633
2462.11699999995617
2465.10099999995584
2466.73899999995566
2467.17499999995561
2467.43399999995558
2469.67099999995534
2471.22899999995517
2473.52699999995491
2474.28999999995483
2475.17099999995473
2475.62299999995468
2476.81899999995455
2477.86299999995443
2478.1849999999544
2478.99599999995431
2479.73199999995423
2480.06499999995419
2481.50699999995403
2481.806999999954
2485.49199999995359
2485.86799999995355
2488.66599999995324
2491.19399999995297
2491.45399999995294
2492.7349999999528
2494.21399999995263
2495.61199999995248
2497.2779999999523
2503.22399999995164
2608.42899999994005
2611.85099999993968
2613.60099999993949
2615.45799999993928
2616.1749999999392
2617.91299999993901
2618.53399999993894
2619.03799999993889
2663.45699999993399
2665.64499999993375
2670.14799999993326
2674.35199999993279
2677.68799999993243
2681.07799999993205
2688.07499999993128
2690.619999999931
2691.31799999993093
2691.96499999993085
2693.89599999993064
2697.79799999993021
2700.92099999992987
2707.8769999999291
2710.00499999992887
2712.04399999992864
2712.74999999992857
2714.91599999992833
2715.79499999992823
2716.23299999992818
2716.59199999992814
2717.02999999992809
2717.75899999992801
2719.22299999992785
2721.31199999992762
2721.76399999992757
2721.99099999992755
2722.64199999992748
2725.1779999999272
2728.11199999992687
2728.22899999992686
2728.7849999999268
2728.96999999992678
2729.39799999992673
2732.64599999992637
2736.33399999992597
2798.83199999991909
2802.74899999991865
3054.66099999989091
3055.82499999989078
3059.42399999989038
3060.45499999989027
3063.10099999988998
3063.8069999998899
3064.43499999988983
3067.04199999988955
3070.67499999988915
3079.79599999988814
3126.26199999988302
3157.95099999987953
3159.21799999987939
3163.59299999987891
3297.92799999986412
3947.52199999979258
3949.24599999979239
3953.31499999979194
3957.81599999979144
3962.65599999979091
3965.59599999979058
3966.15999999979052
3967.00399999979043
3970.12699999979009
3984.5419999997885
4058.63199999978034
4059.75399999978021
4061.22699999978005
4062.6479999997799
4062.99399999977986
4063.60599999977979
4067.48499999977936
4088.79399999977702
4089.72499999977691
4101.6619999997756
4104.45699999977529
4105.63299999977516
4116.225999999774
4181.10499999976685
4185.36199999976638
4190.40899999976582
4192.4859999997656
4193.84799999976545
4196.93299999976511
4212.11099999976344
4234.59699999976096
4273.40099999975668
4293.46599999975448
4341.51899999974918
5261.83299999964782
5265.59699999964741
5268.4539999996471
5269.72599999964696
5271.36299999964677
5271.58299999964675
5273.99899999964648
5276.23299999964624
5279.51399999964588
5281.04599999964571
5283.66099999964542
5316.22799999964183
5318.84499999964155
5320.55799999964136
5321.65899999964124
5344.85399999963868
5357.14899999963733
5378.79799999963494
5381.73299999963462
5382.45399999963454
5392.7989999996334
27
-1
23.2689999999999942
32.246999999999987
52.0740000000000046
83.4990000000000325
97.0860000000000446
113.9540000000000596
149.282000000000091
167.611000000000107
184.537000000000122
229.714000000000162
274.689000000000202
297.581000000000223
343.430000000000263
404.770000000000318
564.064000000000459
802.788000000000671
1019.486000000000864
1073.57500000000091
1148.13000000000098
1206.22000000000103
1291.0360000000011
1374.67400000000118
1816.10900000000157
2303.8729999999736
2402.8179999999627
2497.2789999999523
4067.48599999977936
0
0
5000
0
0
0
0
7200
0
0
0
0
0
28
0
5867.58699999958111
1800.00000000000156
1800
0
82
0
1
4
7
10
13
16
19
22
25
28
31
34
37
40
43
46
49
52
55
58
61
64
67
70
73
76
79
82
85
88
91
94
97
100
103
106
109
112
115
118
121
124
127
130
133
136
139
142
145
148
151
154
157
160
163
166
169
172
175
178
181
184
187
190
193
196
199
202
205
208
211
214
217
220
223
226
229
232
235
238
241
244
247
250
253
256
259
262
265
268
271
274
277
280
283
286
289
292
295
298
301
304
307
310
313
316
319
322
325
328
331
334
337
340
343
346
349
352
355
358
361
364
367
370
373
376
379
382
385
388
391
394
397
400
403
406
409
412
415
418
421
424
427
430
433
436
439
442
445
448
451
454
457
460
463
466
469
472
475
478
481
484
487
490
493
496
499
502
505
508
511
514
517
520
523
526
529
532
535
538
541
544
547
550
