11
25
19
11
25
19
cPPR1.13
PR3_day1
0
3
11
38
19
13
07
51
23
3
.3
1
1082
1
27
1
1
1
1
1
1
1
1
1
1
1
1
1
1
1
1
1
1
1
1
1
184
1081
-1
3.81100000000000007
9.43400000000000018
9.57600000000000019
9.91600000000000019
10.4490000000000002
13.59400000000000027
14.08600000000000028
14.41100000000000029
14.8000000000000003
15.1320000000000003
17.8489999999999988
18.2639999999999984
18.5259999999999982
18.9909999999999978
19.2869999999999975
20.0759999999999969
22.9229999999999945
36.5239999999999908
36.778999999999991
37.2099999999999914
37.6489999999999918
38.1459999999999922
38.5829999999999926
38.9419999999999929
39.4169999999999934
40.108999999999994
40.2619999999999941
44.668999999999998
45.6319999999999989
46.0969999999999993
46.4919999999999996
46.932
47.8480000000000009
49.5950000000000024
49.7960000000000026
50.1350000000000029
50.4240000000000031
50.8480000000000035
51.2330000000000039
51.7470000000000043
53.0780000000000055
54.9960000000000072
56.1780000000000082
92.7640000000000408
93.084000000000041
93.3210000000000412
93.5610000000000414
94.0820000000000419
95.4600000000000431
95.9000000000000435
96.2520000000000438
96.6670000000000442
96.9720000000000445
97.2830000000000448
99.5520000000000468
100.0670000000000472
100.2470000000000474
100.5550000000000477
101.0630000000000481
108.3710000000000546
108.6460000000000548
109.2010000000000553
109.6440000000000557
109.925000000000056
110.3810000000000564
112.7280000000000585
113.312000000000059
113.5140000000000592
114.2840000000000599
114.6800000000000602
115.6380000000000611
116.0810000000000614
122.9160000000000675
124.4630000000000689
125.0090000000000694
125.69700000000007
126.0390000000000703
126.2870000000000705
132.504000000000076
133.671000000000077
134.014000000000077
134.482000000000078
134.695000000000078
135.072000000000078
135.439000000000079
136.391000000000079
137.17100000000008
139.877000000000083
142.855000000000085
143.113000000000085
143.367000000000086
143.903000000000086
144.354000000000087
144.631000000000087
146.754000000000089
147.289000000000089
162.407000000000103
164.232000000000104
164.654000000000105
165.408000000000105
170.58800000000011
172.370000000000111
172.913000000000112
173.879000000000113
174.890000000000114
176.968000000000116
177.618000000000116
178.227000000000117
178.493000000000117
180.562000000000119
181.040000000000119
181.55100000000012
183.731000000000122
184.184000000000122
184.601000000000122
185.636000000000123
186.931000000000124
187.577000000000125
190.926000000000128
191.134000000000128
191.731000000000129
220.357000000000154
220.714000000000154
221.119000000000155
221.489000000000155
227.28200000000016
227.655000000000161
227.896000000000161
228.480000000000161
229.291000000000162
229.876000000000163
231.697000000000164
232.486000000000165
233.540000000000166
234.422000000000167
235.412000000000167
235.765000000000168
236.604000000000168
238.950000000000171
239.359000000000171
239.809000000000171
240.152000000000172
240.926000000000172
241.648000000000173
257.703000000000187
258.297000000000188
258.567000000000188
258.889000000000188
259.271000000000189
259.603000000000189
261.687000000000191
262.545000000000192
263.062000000000192
284.842000000000211
285.754000000000212
285.954000000000212
286.324000000000213
286.876000000000213
289.860000000000216
290.805000000000217
291.778000000000217
292.815000000000218
293.287000000000219
294.65900000000022
309.428000000000233
310.167000000000234
310.852000000000234
312.984000000000236
315.813000000000239
316.73200000000024
320.727000000000243
324.520000000000247
324.767000000000247
325.059000000000247
325.411000000000247
326.206000000000248
326.477000000000248
331.612000000000253
331.941000000000253
332.731000000000254
333.491000000000255
338.881000000000259
341.370000000000262
341.786000000000262
344.139000000000264
347.602000000000267
348.012000000000267
348.512000000000268
348.907000000000268
349.730000000000269
351.28200000000027
357.861000000000276
358.399000000000277
360.030000000000278
360.719000000000279
362.50600000000028
363.506000000000281
374.541000000000291
376.058000000000292
376.283000000000293
378.549000000000295
380.857000000000297
381.420000000000297
381.944000000000298
383.433000000000299
443.001000000000352
443.678000000000352
444.003000000000353
444.987000000000354
451.85200000000036
452.07800000000036
452.53100000000036
453.061000000000361
453.422000000000361
455.887000000000363
458.244000000000365
458.955000000000366
459.387000000000366
459.688000000000367
464.242000000000371
465.164000000000372
465.822000000000372
466.723000000000373
467.541000000000374
468.830000000000375
469.296000000000375
469.607000000000375
470.108000000000376
470.552000000000376
471.395000000000377
472.452000000000378
473.112000000000379
474.101000000000379
475.02800000000038
475.587000000000381
475.806000000000381
476.896000000000382
477.363000000000382
478.241000000000383
479.759000000000384
480.388000000000385
483.614000000000388
485.169000000000389
485.78000000000039
489.620000000000393
492.285000000000396
492.507000000000396
492.999000000000396
493.375000000000397
494.222000000000397
494.485000000000398
495.435000000000398
497.0260000000004
498.587000000000401
498.913000000000401
499.128000000000402
501.085000000000403
526.410000000000426
528.055000000000427
528.644000000000428
529.397000000000429
530.213000000000429
533.286000000000432
535.546000000000434
535.993000000000434
536.751000000000435
538.142000000000436
538.886000000000437
561.440000000000457
561.909000000000457
564.27600000000046
565.01200000000046
566.172000000000461
567.599000000000462
567.978000000000463
568.648000000000463
569.297000000000464
572.046000000000466
572.396000000000467
572.597000000000467
574.790000000000469
575.301000000000469
576.29900000000047
576.889000000000471
578.259000000000472
580.913000000000474
616.207000000000506
616.610000000000506
616.902000000000506
617.151000000000506
617.673000000000507
619.000000000000508
619.538000000000509
619.777000000000509
631.633000000000519
632.99500000000052
634.187000000000522
648.646000000000534
650.799000000000536
663.362000000000548
663.714000000000548
663.960000000000548
664.344000000000548
664.704000000000549
666.31900000000055
667.287000000000551
670.921000000000554
673.406000000000556
674.036000000000557
679.657000000000562
680.595000000000563
683.258000000000565
683.949000000000566
685.537000000000567
689.24900000000057
689.960000000000571
690.737000000000572
691.275000000000572
691.864000000000573
692.206000000000573
692.954000000000574
693.219000000000574
693.923000000000575
696.166000000000577
696.395000000000577
698.596000000000579
699.221000000000579
700.34600000000058
717.140000000000595
717.747000000000596
718.033000000000596
726.407000000000604
727.507000000000604
727.724000000000605
728.010000000000605
733.52000000000061
734.09500000000061
734.405000000000611
735.490000000000612
736.146000000000612
747.905000000000623
748.180000000000623
748.452000000000623
750.593000000000625
751.504000000000626
755.82700000000063
760.724000000000634
761.291000000000634
761.736000000000635
762.024000000000635
763.222000000000636
786.857000000000657
788.679000000000659
789.159000000000659
789.81700000000066
790.25200000000066
790.44200000000066
791.136000000000661
791.839000000000662
792.178000000000662
793.319000000000663
797.444000000000667
798.020000000000667
800.038000000000669
802.265000000000671
804.988000000000673
805.640000000000674
806.185000000000674
806.867000000000675
924.113000000000779
927.546000000000782
928.203000000000783
928.888000000000783
929.160000000000784
930.037000000000784
933.196000000000787
934.006000000000788
934.611000000000788
937.094000000000791
937.633000000000791
943.379000000000796
944.084000000000797
944.390000000000797
945.439000000000798
945.908000000000798
946.901000000000799
963.017000000000814
963.897000000000814
964.964000000000815
965.366000000000816
966.558000000000817
968.193000000000818
975.820000000000825
976.741000000000826
976.883000000000826
977.230000000000826
977.753000000000827
981.64300000000083
982.373000000000831
983.072000000000831
983.916000000000832
984.847000000000833
985.527000000000834
985.842000000000834
998.560000000000845
999.983000000000846
1000.287000000000847
1000.720000000000847
1001.045000000000847
1001.424000000000848
1001.682000000000848
1002.659000000000849
1004.873000000000851
1005.155000000000851
1005.455000000000851
1006.587000000000852
1007.158000000000853
1013.924000000000859
1016.063000000000861
1017.176000000000862
1017.487000000000862
1020.510000000000865
1021.517000000000866
1021.851000000000866
1022.110000000000866
1023.097000000000867
1023.416000000000867
1024.25700000000087
1027.81600000000087
1028.36900000000087
1030.12500000000087
1030.74700000000087
1032.07300000000087
1032.63200000000088
1041.82500000000088
1051.97100000000089
1055.8440000000009
1056.6020000000009
1056.9000000000009
1057.1570000000009
1058.1520000000009
1058.4500000000009
1065.4870000000009
1065.7580000000009
1066.51500000000091
1066.87600000000091
1067.14600000000091
1067.69300000000091
1070.44100000000091
1072.44800000000091
1073.24100000000091
1077.56300000000092
1083.58300000000092
1083.94400000000092
1084.18000000000092
1084.57800000000092
1084.95700000000092
1092.28400000000093
1092.72800000000093
1093.03800000000093
1093.86400000000093
1094.09500000000093
1095.33900000000093
1099.60800000000093
1099.93800000000094
1102.29200000000094
1102.65200000000094
1105.63400000000094
1107.73800000000094
1108.01000000000094
1108.51400000000094
1108.78400000000094
1109.39700000000094
1110.15100000000094
1110.72900000000094
1111.42400000000095
1112.73100000000095
1113.31100000000095
1127.52800000000096
1130.37000000000096
1130.58700000000096
1133.73200000000097
1134.50200000000097
1136.84400000000097
1139.27200000000097
1139.96400000000097
1140.41000000000097
1152.74800000000098
1157.13300000000099
1158.95700000000099
1159.68600000000099
1159.92100000000099
1161.62800000000099
1162.06200000000099
1162.36800000000099
1162.76700000000099
1163.25800000000099
1163.95300000000099
1164.36400000000099
1166.50600000000099
1167.534000000001
1168.679000000001
1291.0570000000011
1291.89000000000111
1293.48400000000111
1294.06600000000111
1295.50200000000111
1296.18500000000111
1297.25300000000111
1297.64800000000111
1298.56700000000111
1299.79000000000111
1300.96700000000111
1301.23400000000111
1310.92300000000112
1312.15300000000112
1313.16600000000112
1313.58600000000112
1313.81700000000113
1314.38900000000113
1314.86800000000113
1318.36200000000113
1318.78800000000113
1320.10300000000113
1320.72100000000113
1321.09000000000113
1321.85700000000113
1324.45700000000113
1329.21400000000114
1330.33300000000114
1331.09100000000114
1331.55600000000114
1332.68700000000114
1333.19500000000114
1333.44100000000114
1335.80300000000114
1336.11200000000114
1336.42100000000115
1337.55900000000115
1341.29500000000115
1341.87600000000115
1344.50200000000115
1359.49400000000117
1361.66300000000117
1362.37600000000117
1362.65800000000117
1362.95900000000117
1363.72900000000117
1367.15400000000117
1367.79500000000117
1368.42800000000117
1369.54300000000117
1370.25400000000118
1370.68700000000118
1373.20800000000118
1377.63000000000118
1378.10100000000118
1378.40100000000118
1381.68100000000119
1382.04400000000119
1382.32600000000119
1382.60300000000119
1387.08500000000119
1387.29800000000119
1391.99000000000119
1393.0750000000012
1428.75000000000123
1432.00200000000123
1432.54400000000123
1432.87800000000123
1433.51300000000123
1433.82000000000123
1434.12800000000123
1437.40000000000124
1438.10600000000124
1438.36200000000124
1438.72000000000124
1439.17600000000124
1440.35900000000124
1443.03200000000124
1445.34600000000124
1446.10800000000124
1448.03700000000124
1448.53900000000124
1451.46500000000125
1456.29800000000125
1458.31200000000125
1458.86000000000125
1459.16900000000125
1459.49900000000125
1459.80100000000125
1470.22300000000126
1478.22500000000127
1480.53700000000127
1521.60000000000131
1527.12400000000131
1527.76100000000132
1529.90700000000132
1530.59100000000132
1530.83300000000132
1547.18600000000133
1551.66600000000134
1552.61400000000134
1553.33400000000134
1553.78800000000134
1554.34300000000134
1554.71100000000134
1557.87900000000134
1560.36000000000134
1562.76800000000135
1567.76100000000135
1568.47700000000135
1573.76300000000136
1574.10500000000136
1575.00400000000136
1575.34900000000136
1576.33100000000136
1578.56800000000136
1579.64700000000136
1580.17500000000136
1580.82400000000136
1581.25900000000136
1582.62100000000136
1585.16000000000137
1585.67600000000137
1586.49700000000137
1594.35500000000137
1599.62200000000138
1600.12400000000138
1601.21300000000138
1601.45000000000138
1603.71500000000138
1604.37600000000138
1604.74500000000138
1608.03200000000139
1611.38000000000139
1612.15100000000139
1612.43000000000139
1615.07200000000139
1615.39500000000139
1621.0080000000014
1623.7820000000014
1624.3750000000014
1624.8240000000014
1625.2800000000014
1625.8770000000014
1627.2130000000014
1628.5310000000014
1628.9470000000014
1629.21700000000141
1633.32600000000141
1712.42400000000148
1712.86600000000148
1713.64300000000148
1714.11700000000148
1714.51900000000148
1717.98500000000148
1718.28800000000148
1718.90400000000148
1719.98900000000149
1720.81900000000149
1739.1250000000015
1739.9130000000015
1740.3210000000015
1740.9310000000015
1741.2440000000015
1743.68500000000151
1744.48200000000151
1744.82500000000151
1745.37600000000151
1745.65500000000151
1749.20300000000151
1751.51400000000151
1753.51900000000152
1753.83000000000152
1763.19400000000152
1763.90800000000152
1764.25100000000153
1764.52300000000153
1764.95700000000153
1765.24300000000153
1766.17900000000153
1772.26400000000153
1773.06700000000153
1773.79800000000153
1775.85900000000154
1776.46500000000154
1776.75300000000154
1777.36000000000154
1777.61600000000154
1778.34800000000154
1784.09600000000154
1784.36900000000154
1784.62000000000154
1786.25400000000154
1787.16800000000155
1787.43500000000155
1787.95800000000155
1788.92300000000155
1797.07700000000155
1797.31600000000155
1798.88800000000156
1799.58200000000156
1799.87800000000156
1802.47600000000156
1804.05000000000156
1804.71600000000156
1805.04600000000156
1806.99500000000156
1859.66800000000161
1860.15000000000161
1860.72200000000161
1863.56500000000161
1863.82900000000161
1864.55400000000161
1864.83200000000161
1865.39600000000162
1868.72200000000162
1868.92100000000162
1870.00200000000162
1872.08700000000162
1872.85700000000162
1873.22000000000162
1877.82800000000163
1956.3250000000017
2003.09200000000174
2003.99800000000174
2005.44100000000174
2005.86800000000174
2006.13500000000174
2006.46900000000174
2007.30700000000174
2007.56800000000174
2008.13800000000174
2009.97600000000174
2013.24900000000175
2014.95000000000175
2015.21800000000175
2015.86400000000175
2016.23800000000175
2016.65200000000175
2020.17100000000175
2022.55200000000175
2024.65900000000176
2034.44800000000177
2086.31999999999756
2087.86399999999739
2089.37499999999722
2089.63299999999719
2090.03899999999715
2091.11799999999703
2091.42499999999699
2094.53999999999665
2094.79699999999662
2096.00099999999649
2096.41799999999644
2101.17899999999592
2102.99799999999572
2106.05799999999538
2106.29599999999536
2106.58399999999532
2106.96099999999528
2107.30799999999525
2114.82899999999442
2118.79099999999398
2119.45599999999391
2122.01299999999363
2122.2279999999936
2122.76599999999354
2123.1809999999935
2124.84999999999331
2127.05299999999307
2127.85599999999298
2129.63299999999279
2139.40199999999171
2142.86899999999133
2145.828999999991
2149.21799999999063
2199.4489999999851
2201.60599999998486
2202.56599999998475
2202.78499999998473
2270.99899999997722
2272.72499999997703
2380.61099999996515
2381.68499999996503
2383.49599999996483
2383.96699999996478
2388.43699999996428
2388.87799999996423
2393.7819999999637
2398.68499999996315
2420.35799999996077
2422.8089999999605
2423.30899999996044
2424.01299999996037
2424.36699999996033
2424.67799999996029
2427.25399999996001
2428.00699999995993
2428.97299999995982
2430.46299999995966
2430.67999999995963
2433.19099999995935
2433.80399999995929
2434.69999999995919
2436.74899999995896
2437.49699999995888
2437.74999999995885
2440.23999999995858
2440.86099999995851
2441.25899999995847
2442.14999999995837
2446.07399999995794
2446.79399999995786
2447.3279999999578
2447.77999999995775
2448.07699999995772
2448.88799999995763
2480.24599999995417
2480.55399999995414
2480.99799999995409
2481.93999999995399
2482.65999999995391
2482.93799999995388
2484.72899999995368
2487.03899999995342
2497.43199999995228
2498.1499999999522
2499.47899999995205
2499.74899999995202
2500.31499999995196
2541.98999999994737
2542.37299999994733
2544.81899999994706
2545.377999999947
2549.12699999994659
2549.37899999994656
2549.84899999994651
2550.18499999994647
2551.55999999994632
2555.3659999999459
2556.2939999999458
2610.20699999993986
2611.47099999993972
2614.17499999993942
2615.12599999993932
2616.27299999993919
2617.48899999993906
2617.80999999993902
2620.35399999993874
2621.09599999993866
2624.18499999993832
2782.96099999992083
2784.37199999992068
2787.30399999992035
2788.30999999992024
2790.51399999992
2791.27499999991992
2798.48599999991912
2798.96099999991907
2799.48399999991901
2821.32299999991661
2823.49599999991637
2824.17399999991629
2824.68599999991624
2825.9219999999161
2826.829999999916
2827.20599999991596
2827.87499999991589
2830.57299999991559
2831.08499999991553
2836.53799999991493
2837.48799999991483
2837.7789999999148
2840.78299999991446
2841.46799999991439
2841.79299999991435
2842.62099999991426
2843.89899999991412
2848.53999999991361
2849.27599999991353
2850.01399999991345
2850.32499999991341
2853.94699999991302
2855.35099999991286
2855.9029999999128
2856.36099999991275
2884.0279999999097
2969.54499999990028
2970.60199999990017
2973.61299999989984
2974.09799999989978
2975.54699999989962
2975.7729999998996
2976.93999999989947
2977.83999999989937
2981.72799999989894
2982.20499999989889
2982.55799999989885
2982.91799999989881
2983.80699999989871
2984.10999999989868
2985.96899999989847
2987.88399999989826
2988.33099999989821
2989.24999999989811
2989.98399999989803
2996.53299999989731
2996.78099999989728
2997.18899999989724
3000.41599999989688
3002.41999999989666
3003.30699999989657
3007.65299999989609
3008.405999999896
3014.87099999989529
3019.16999999989482
3020.05199999989472
3020.54799999989467
3023.67599999989432
3024.92499999989418
3028.86099999989375
3033.26499999989327
3033.39399999989325
3037.90099999989276
3059.93599999989033
3061.42499999989016
3081.112999999888
3083.91599999988769
3102.8629999998856
3103.87599999988549
3109.34699999988489
3113.85699999988439
3115.97299999988416
3137.42299999988179
3146.19799999988083
3147.46999999988069
3149.1959999998805
3150.03399999988041
3153.62799999988001
3154.97499999987986
3155.33499999987982
3155.63299999987979
3156.11099999987974
3158.64899999987946
3159.1989999998794
3159.50199999987936
3160.01099999987931
3268.80199999986733
3270.05299999986719
3270.31399999986716
3275.33799999986661
3275.58299999986658
3276.05899999986653
3276.2949999998665
3276.87399999986644
3279.28199999986617
3279.54799999986614
3280.39599999986605
3282.75399999986579
3283.06299999986575
3283.62399999986569
3316.79299999986204
3324.58699999986118
3325.49399999986108
3329.17999999986068
3331.53199999986042
3336.14199999985991
3336.47599999985987
3336.87099999985983
3352.32199999985813
3361.96499999985706
3365.46499999985668
3366.68299999985655
3367.1179999998565
3367.53899999985645
3371.43899999985602
3372.68699999985588
3372.96999999985585
3373.60099999985578
3373.91399999985575
3374.76599999985566
3375.69899999985555
3377.18499999985539
3390.44999999985393
3393.84199999985355
3394.09899999985353
3394.93399999985343
3395.48599999985337
3396.1589999998533
3399.05199999985298
3402.07299999985265
3404.42799999985239
3404.84799999985234
3408.21299999985197
3409.70199999985181
3426.68499999984994
3429.29899999984965
3435.76399999984894
3437.49799999984875
3437.74499999984872
3439.7169999998485
3504.39499999984138
3505.82799999984122
3511.21999999984063
3512.3289999998405
3512.95999999984044
3513.57599999984037
3516.0059999998401
3517.44599999983994
3540.19699999983744
3543.2299999998371
3543.78999999983704
3547.00299999983669
3547.63899999983662
3549.99599999983636
3551.18699999983622
3551.82699999983615
3556.8229999998356
3557.98099999983548
3558.45599999983542
3570.4769999998341
3574.1279999998337
3579.68099999983309
3580.38199999983301
3581.82799999983285
3582.59599999983277
3609.80999999982977
3617.15899999982896
3618.18799999982885
3618.44399999982882
3619.31199999982872
3620.12199999982863
3624.40199999982816
3625.09199999982809
3625.71099999982802
3626.01399999982798
3632.07799999982732
3634.69199999982703
3637.74399999982669
3688.77299999982107
3697.36799999982013
3814.7239999998072
3818.58799999980678
3819.71699999980665
3943.27999999979304
3945.71799999979277
3948.66799999979245
3950.59899999979224
3953.29599999979194
3954.04999999979186
3957.06999999979152
3958.82899999979133
3962.6849999997909
3965.50499999979059
3969.85199999979012
3972.7209999997898
3979.0439999997891
3980.47599999978895
3981.95699999978878
3982.10099999978877
3986.57099999978827
3987.90299999978813
3988.30299999978808
3991.20299999978776
3995.07699999978734
3996.70299999978716
5227.73999999965158
5228.95199999965145
5230.94399999965123
5232.32699999965107
5233.55499999965094
5235.6839999996507
5236.83899999965058
5237.13199999965054
5240.2599999996502
5243.60399999964983
5247.4999999996494
5248.95499999964924
5252.9999999996488
26
-1
3.81200000000000007
10.4500000000000002
22.9239999999999945
40.2629999999999941
53.0790000000000055
101.0640000000000481
126.2880000000000705
165.409000000000105
221.490000000000155
263.063000000000192
341.787000000000262
459.689000000000367
501.086000000000403
634.188000000000522
736.147000000000612
946.902000000000799
1041.82600000000088
1140.41100000000097
1344.50300000000115
1530.83400000000132
1720.82000000000149
1956.3260000000017
2398.68599999996315
2799.48499999991901
3115.97399999988416
3517.44699999983994
0
0
5000
0
0
0
0
7200
0
0
0
0
0
27
0
5317.54799999964169
1800.00000000000156
1800
0
79
0
1
4
7
10
13
16
19
22
25
28
31
34
37
40
43
46
49
52
55
58
61
64
67
70
73
76
79
82
85
88
91
94
97
100
103
106
109
112
115
118
121
124
127
130
133
136
139
142
145
148
151
154
157
160
163
166
169
172
175
178
181
184
187
190
193
196
199
202
205
208
211
214
217
220
223
226
229
232
235
238
241
244
247
250
253
256
259
262
265
268
271
274
277
280
283
286
289
292
295
298
301
304
307
310
313
316
319
322
325
328
331
334
337
340
343
346
349
352
355
358
361
364
367
370
373
376
379
382
385
388
391
394
397
400
403
406
409
412
415
418
421
424
427
430
433
436
439
442
445
448
451
454
457
460
463
466
469
472
475
478
481
484
487
490
493
496
499
502
505
508
511
514
517
520
523
526
529
532
535
538
541
544
547
550
