11
29
19
11
29
19
cPPR1.13
PR3_day5
0
3
10
31
55
11
20
09
23
3
.3
1
502
1
19
1
1
1
1
1
1
1
1
1
1
1
1
1
1
1
1
1
1
1
1
1
184
501
-1
6.76200000000000013
6.83500000000000013
7.90700000000000015
9.9890000000000002
10.74200000000000021
14.37200000000000029
15.59100000000000031
16.1480000000000002
17.6329999999999989
21.6629999999999955
23.6259999999999939
24.3299999999999933
25.2629999999999925
26.6509999999999913
27.062999999999991
37.895999999999992
38.6149999999999926
45.9419999999999992
46.5579999999999997
47.2720000000000003
51.0030000000000037
51.1500000000000038
52.0130000000000046
53.9790000000000063
54.2760000000000066
54.723000000000007
54.9860000000000072
62.2020000000000136
62.639000000000014
63.8880000000000151
64.8440000000000159
66.059000000000017
66.3740000000000173
67.2850000000000181
67.8220000000000186
68.223000000000019
85.9570000000000347
86.3930000000000351
86.7730000000000354
88.2490000000000367
102.9580000000000498
103.4310000000000502
104.1590000000000509
105.0360000000000516
105.403000000000052
106.0740000000000526
106.7640000000000532
107.3780000000000537
107.8970000000000542
108.2750000000000545
108.9330000000000551
109.4910000000000556
109.8610000000000559
110.2040000000000562
110.6800000000000566
112.5630000000000583
119.5040000000000645
119.9110000000000648
121.4310000000000662
121.7570000000000665
123.5320000000000681
124.555000000000069
125.0900000000000694
125.3610000000000697
125.7870000000000701
126.9660000000000711
127.4560000000000716
128.535000000000073
129.011000000000073
129.389000000000073
129.825000000000074
130.336000000000074
131.199000000000075
131.930000000000076
132.484000000000076
139.630000000000082
148.59900000000009
148.966000000000091
149.317000000000091
149.624000000000091
150.081000000000092
150.358000000000092
150.748000000000092
150.976000000000092
151.601000000000093
153.045000000000094
153.341000000000095
153.950000000000095
155.029000000000096
155.309000000000096
155.954000000000097
158.052000000000099
158.512000000000099
159.4680000000001
161.778000000000102
162.293000000000102
162.912000000000103
169.575000000000109
170.27900000000011
170.69700000000011
170.97900000000011
171.335000000000111
171.990000000000111
172.518000000000112
173.907000000000113
174.585000000000113
175.646000000000114
176.088000000000115
176.554000000000115
176.868000000000115
177.095000000000116
177.450000000000116
177.933000000000116
179.779000000000118
180.198000000000118
180.634000000000119
183.029000000000121
183.288000000000121
183.645000000000121
184.605000000000122
185.859000000000123
186.356000000000124
205.664000000000141
206.104000000000141
207.321000000000142
207.623000000000143
208.301000000000143
209.623000000000145
210.102000000000145
210.874000000000146
212.453000000000147
214.395000000000149
215.76700000000015
216.391000000000151
217.283000000000151
219.187000000000153
219.721000000000154
220.049000000000154
220.509000000000154
220.680000000000154
238.16800000000017
239.166000000000171
239.788000000000171
240.299000000000172
240.802000000000172
241.239000000000173
241.966000000000173
242.132000000000173
244.746000000000176
246.287000000000177
252.294000000000182
255.285000000000185
255.944000000000186
256.980000000000187
259.908000000000189
260.52300000000019
260.93200000000019
261.13900000000019
261.500000000000191
267.267000000000196
267.943000000000196
268.274000000000197
268.662000000000197
269.230000000000197
270.352000000000198
270.681000000000199
271.334000000000199
272.6380000000002
273.933000000000202
278.708000000000206
279.342000000000206
281.610000000000208
282.458000000000209
284.250000000000211
284.546000000000211
285.233000000000212
285.722000000000212
286.463000000000213
287.122000000000213
287.913000000000214
288.141000000000214
296.074000000000221
298.357000000000223
299.363000000000224
299.922000000000225
300.188000000000225
301.819000000000226
302.910000000000227
318.864000000000242
319.614000000000242
319.878000000000242
320.842000000000243
323.306000000000246
323.854000000000246
324.239000000000246
326.220000000000248
326.428000000000248
326.872000000000249
327.125000000000249
327.94300000000025
328.15100000000025
328.67500000000025
330.378000000000252
330.979000000000252
332.856000000000254
333.794000000000255
334.133000000000255
335.757000000000257
336.572000000000257
337.085000000000258
337.504000000000258
340.279000000000261
341.073000000000261
341.578000000000262
342.035000000000262
411.953000000000324
412.725000000000325
413.172000000000325
414.406000000000326
414.929000000000327
415.306000000000327
415.733000000000328
416.238000000000328
416.650000000000328
418.08900000000033
418.48900000000033
419.166000000000331
421.999000000000333
422.361000000000333
422.703000000000334
423.488000000000334
424.549000000000335
425.800000000000336
426.162000000000337
426.658000000000337
429.25700000000034
429.66400000000034
429.92300000000034
430.361000000000341
432.653000000000343
433.342000000000343
433.713000000000344
434.390000000000344
435.223000000000345
435.643000000000345
438.228000000000348
438.626000000000348
438.899000000000348
439.423000000000349
439.697000000000349
440.064000000000349
440.312000000000349
471.539000000000377
472.231000000000378
472.454000000000378
472.871000000000378
473.733000000000379
475.905000000000381
476.375000000000381
476.916000000000382
477.350000000000382
478.456000000000383
479.064000000000384
480.012000000000385
480.549000000000385
480.970000000000386
481.226000000000386
481.670000000000386
520.31700000000042
520.681000000000421
521.266000000000421
521.563000000000422
521.980000000000422
522.198000000000422
522.845000000000423
523.196000000000423
525.664000000000425
526.003000000000426
526.537000000000426
527.505000000000427
527.780000000000427
528.082000000000427
528.476000000000428
529.753000000000429
530.328000000000429
532.228000000000431
532.724000000000431
532.937000000000432
533.209000000000432
535.440000000000434
535.886000000000434
536.307000000000435
542.03000000000044
550.362000000000447
560.593000000000456
562.202000000000458
562.906000000000458
566.398000000000461
567.341000000000462
568.276000000000463
568.524000000000463
569.191000000000464
570.320000000000465
577.903000000000472
578.353000000000472
580.140000000000474
582.599000000000476
586.625000000000479
587.20700000000048
588.373000000000481
588.935000000000481
589.253000000000482
593.589000000000486
594.448000000000486
595.060000000000487
600.120000000000491
600.688000000000492
601.050000000000492
601.474000000000493
605.390000000000496
606.256000000000497
606.481000000000497
610.957000000000501
611.421000000000501
612.982000000000503
618.234000000000507
618.921000000000508
619.231000000000508
619.501000000000509
620.457000000000509
625.704000000000514
626.202000000000514
626.656000000000515
627.129000000000515
627.841000000000516
658.027000000000543
658.690000000000543
702.860000000000583
705.049000000000584
705.936000000000585
706.188000000000586
706.687000000000586
706.827000000000586
707.304000000000587
707.533000000000587
707.894000000000587
710.168000000000589
711.10700000000059
714.148000000000593
714.267000000000593
714.879000000000593
715.304000000000594
716.253000000000594
718.803000000000597
719.177000000000597
721.754000000000599
723.0170000000006
724.901000000000602
725.619000000000603
725.876000000000603
726.362000000000603
731.011000000000608
731.343000000000608
731.913000000000608
732.305000000000609
732.666000000000609
733.21400000000061
733.51600000000061
736.777000000000613
740.943000000000616
741.599000000000617
742.244000000000618
742.578000000000618
743.231000000000618
743.617000000000619
745.53100000000062
746.077000000000621
746.922000000000622
747.876000000000623
749.525000000000624
754.906000000000629
770.330000000000642
771.016000000000643
772.196000000000644
773.023000000000645
806.598000000000675
808.654000000000676
809.100000000000677
810.097000000000678
810.695000000000678
812.11600000000068
815.638000000000683
816.323000000000683
816.596000000000684
817.177000000000684
817.634000000000685
820.595000000000687
820.916000000000687
821.232000000000688
821.845000000000688
822.757000000000689
823.27000000000069
823.62300000000069
824.09100000000069
824.701000000000691
824.971000000000691
825.658000000000692
828.106000000000694
829.165000000000695
829.590000000000695
857.07500000000072
858.773000000000721
859.472000000000722
860.104000000000722
860.640000000000723
860.890000000000723
863.491000000000725
863.834000000000726
864.242000000000726
864.595000000000726
864.997000000000727
865.321000000000727
865.994000000000727
867.460000000000729
868.69600000000073
869.724000000000731
879.189000000000739
880.07700000000074
888.128000000000747
891.49700000000075
917.228000000000773
919.269000000000775
919.953000000000775
920.536000000000776
922.313000000000778
924.002000000000779
924.378000000000779
925.67400000000078
925.989000000000781
926.276000000000781
926.543000000000781
926.934000000000782
927.601000000000782
928.216000000000783
930.277000000000785
943.116000000000796
944.267000000000797
947.8670000000008
948.1850000000008
952.150000000000804
952.763000000000805
953.147000000000805
955.128000000000807
956.522000000000808
956.860000000000808
969.238000000000819
983.187000000000832
984.380000000000833
984.849000000000833
985.470000000000834
986.415000000000834
987.952000000000836
989.658000000000837
990.454000000000838
991.197000000000839
992.085000000000839
992.55300000000084
992.94700000000084
993.477000000000841
993.936000000000841
994.397000000000842
995.127000000000842
997.008000000000844
997.377000000000844
997.629000000000844
998.417000000000845
999.030000000000846
999.527000000000846
999.781000000000846
1024.02700000000087
1031.91200000000087
1037.64300000000088
1050.52600000000089
1072.67400000000091
1077.89800000000092
1088.94700000000093
1089.55000000000093
1098.47500000000093
1104.00300000000094
1105.41700000000094
1106.46600000000094
1107.62700000000094
1107.99300000000094
1108.38700000000094
1111.84600000000095
1114.12400000000095
1114.36000000000095
1115.46300000000095
1115.93800000000095
1116.64800000000095
1119.99800000000095
18
-1
6.76300000000000013
17.6339999999999989
38.6159999999999926
54.9870000000000072
88.2500000000000367
112.5640000000000583
132.485000000000076
162.913000000000103
186.357000000000124
246.288000000000177
288.142000000000214
342.036000000000262
440.313000000000349
536.308000000000435
627.842000000000516
754.907000000000629
891.49800000000075
1037.64400000000088
0
0
5000
0
0
0
0
7200
0
0
0
0
0
19
0
2837.7449999999148
1800.00000000000156
1800
0
55
0
1
4
7
10
13
16
19
22
25
28
31
34
37
40
43
46
49
52
55
58
61
64
67
70
73
76
79
82
85
88
91
94
97
100
103
106
109
112
115
118
121
124
127
130
133
136
139
142
145
148
151
154
157
160
163
166
169
172
175
178
181
184
187
190
193
196
199
202
205
208
211
214
217
220
223
226
229
232
235
238
241
244
247
250
253
256
259
262
265
268
271
274
277
280
283
286
289
292
295
298
301
304
307
310
313
316
319
322
325
328
331
334
337
340
343
346
349
352
355
358
361
364
367
370
373
376
379
382
385
388
391
394
397
400
403
406
409
412
415
418
421
424
427
430
433
436
439
442
445
448
451
454
457
460
463
466
469
472
475
478
481
484
487
490
493
496
499
502
505
508
511
514
517
520
523
526
529
532
535
538
541
544
547
550
