11
20
19
11
20
19
cPPR1.12
FR5_day3
0
2
10
13
45
10
38
37
24
2
.3
1
613
1
101
1
1
1
1
1
1
1
1
1
1
1
1
1
1
1
1
1
1
1
1
1
1
612
-1
39.0939999999999931
40.2249999999999941
40.3999999999999942
41.0669999999999948
41.7489999999999954
46.1399999999999993
49.2840000000000021
74.0770000000000241
75.3330000000000253
75.7840000000000257
76.8870000000000266
84.8230000000000337
85.162000000000034
107.2870000000000536
108.1930000000000544
109.3750000000000555
109.7930000000000559
114.5540000000000601
114.9890000000000605
115.4410000000000609
116.2480000000000616
116.9130000000000622
118.3640000000000635
122.290000000000067
125.66500000000007
126.9770000000000711
128.565000000000073
128.809000000000073
132.605000000000076
132.802000000000076
138.414000000000081
139.450000000000082
139.645000000000082
140.575000000000083
141.471000000000084
141.690000000000084
144.247000000000086
144.813000000000087
145.486000000000088
145.615000000000088
145.996000000000088
146.587000000000089
147.129000000000089
148.08800000000009
148.794000000000091
150.833000000000092
153.770000000000095
157.152000000000098
157.528000000000098
158.751000000000099
158.901000000000099
162.662000000000103
163.117000000000103
163.427000000000104
165.019000000000105
165.742000000000106
169.447000000000109
170.22400000000011
171.08200000000011
171.812000000000111
172.773000000000112
173.492000000000112
174.889000000000114
175.261000000000114
186.171000000000124
186.813000000000124
187.303000000000125
188.139000000000125
189.781000000000127
193.916000000000131
194.280000000000131
195.050000000000132
195.881000000000132
196.196000000000133
197.302000000000134
198.869000000000135
203.225000000000139
203.924000000000139
205.364000000000141
205.577000000000141
206.281000000000142
206.927000000000142
208.034000000000143
208.447000000000144
212.680000000000147
214.036000000000148
214.857000000000149
215.99300000000015
216.363000000000151
217.328000000000151
221.679000000000155
222.786000000000156
223.633000000000157
224.051000000000157
224.833000000000158
225.403000000000159
225.491000000000159
226.127000000000159
236.146000000000168
236.399000000000168
236.636000000000169
237.685000000000169
237.94800000000017
240.170000000000172
240.481000000000172
241.963000000000173
242.335000000000174
242.872000000000174
243.737000000000175
244.095000000000175
244.318000000000175
247.184000000000178
247.927000000000179
251.773000000000182
252.531000000000183
252.904000000000183
253.706000000000184
254.345000000000184
255.086000000000185
256.091000000000186
256.995000000000187
257.344000000000187
263.754000000000193
264.199000000000193
265.363000000000194
268.112000000000196
268.889000000000197
274.502000000000202
274.945000000000203
276.047000000000204
277.741000000000205
278.611000000000206
282.454000000000209
282.89900000000021
283.64400000000021
285.547000000000212
288.269000000000214
288.579000000000215
290.895000000000217
291.680000000000217
291.843000000000218
307.610000000000232
310.266000000000234
311.214000000000235
312.166000000000236
318.508000000000241
321.795000000000244
322.517000000000245
322.812000000000245
323.663000000000246
323.838000000000246
324.240000000000246
325.138000000000247
325.926000000000248
326.460000000000248
330.306000000000252
330.888000000000252
331.135000000000252
332.834000000000254
333.391000000000254
333.815000000000255
336.369000000000257
336.992000000000258
337.608000000000258
341.258000000000261
341.586000000000262
343.063000000000263
344.018000000000264
344.920000000000265
345.790000000000265
347.126000000000267
351.496000000000271
351.951000000000271
352.823000000000272
353.351000000000272
354.068000000000273
355.166000000000274
356.094000000000275
356.489000000000275
360.826000000000279
361.99000000000028
362.40400000000028
363.210000000000281
364.142000000000282
364.739000000000282
368.542000000000286
369.572000000000287
369.786000000000287
372.88700000000029
374.499000000000291
374.850000000000291
377.688000000000294
380.008000000000296
390.771000000000305
391.575000000000306
392.449000000000307
393.296000000000308
393.904000000000308
394.199000000000308
397.634000000000312
398.676000000000312
399.004000000000313
399.263000000000313
400.063000000000314
402.354000000000316
403.075000000000316
404.132000000000317
407.942000000000321
408.849000000000321
409.648000000000322
410.371000000000323
410.723000000000323
411.714000000000324
412.135000000000324
412.687000000000325
414.959000000000327
415.812000000000328
416.623000000000328
418.79000000000033
422.684000000000334
424.073000000000335
424.806000000000336
426.472000000000337
429.23300000000034
429.87800000000034
430.595000000000341
433.834000000000344
434.295000000000344
435.318000000000345
436.169000000000346
436.575000000000346
436.844000000000346
437.030000000000346
449.571000000000358
449.857000000000358
450.175000000000358
452.78600000000036
453.609000000000361
459.130000000000366
461.171000000000368
466.135000000000372
466.869000000000373
467.336000000000373
475.914000000000381
476.680000000000382
477.311000000000382
478.279000000000383
478.826000000000384
481.840000000000386
485.54300000000039
487.363000000000391
487.860000000000392
488.435000000000392
488.893000000000393
496.296000000000399
496.7910000000004
497.3230000000004
498.172000000000401
498.683000000000401
498.873000000000401
503.428000000000405
503.789000000000406
504.230000000000406
504.643000000000407
505.848000000000408
506.854000000000408
508.11100000000041
512.435000000000413
512.900000000000414
514.010000000000415
514.356000000000415
514.774000000000416
515.440000000000416
516.969000000000417
521.202000000000421
522.790000000000423
523.025000000000423
524.051000000000424
525.679000000000425
527.102000000000426
527.465000000000427
532.494000000000431
534.131000000000433
534.523000000000433
536.989000000000435
537.582000000000436
556.978000000000453
557.931000000000454
558.489000000000454
559.416000000000455
560.366000000000456
566.054000000000461
566.621000000000462
567.271000000000462
568.599000000000463
569.964000000000465
581.227000000000475
582.450000000000476
583.205000000000476
583.786000000000477
584.257000000000477
584.558000000000478
588.306000000000481
589.338000000000482
589.986000000000482
590.282000000000483
590.938000000000483
592.063000000000484
592.553000000000485
599.16400000000049
599.617000000000491
601.822000000000493
602.689000000000494
603.259000000000494
609.5810000000005
609.9150000000005
610.524000000000501
610.838000000000501
611.519000000000501
611.803000000000502
621.903000000000511
622.525000000000511
622.904000000000512
629.851000000000518
630.735000000000518
638.234000000000525
639.185000000000526
640.150000000000527
641.152000000000528
641.424000000000528
650.984000000000536
651.837000000000537
652.374000000000538
653.367000000000539
656.215000000000541
662.846000000000547
663.512000000000548
665.201000000000549
673.753000000000557
674.320000000000557
686.946000000000568
688.29200000000057
689.536000000000571
690.049000000000571
690.854000000000572
695.808000000000576
696.161000000000577
697.434000000000578
698.289000000000578
698.821000000000579
699.46100000000058
699.80700000000058
708.914000000000588
709.237000000000588
712.066000000000591
713.772000000000592
714.392000000000593
714.786000000000593
719.375000000000597
720.118000000000598
720.564000000000598
720.985000000000599
731.393000000000608
732.510000000000609
738.669000000000614
739.395000000000615
740.433000000000616
743.903000000000619
745.00900000000062
749.493000000000624
751.884000000000626
755.427000000000629
755.93300000000063
760.473000000000634
763.634000000000637
769.081000000000641
769.685000000000642
770.060000000000642
772.412000000000644
772.963000000000645
778.71700000000065
779.26900000000065
780.907000000000652
783.569000000000654
783.894000000000655
793.755000000000663
794.263000000000664
797.175000000000666
801.25300000000067
802.513000000000671
807.290000000000675
808.278000000000676
808.672000000000677
809.020000000000677
809.775000000000678
810.168000000000678
810.465000000000678
811.207000000000679
816.353000000000683
817.184000000000684
817.464000000000684
818.269000000000685
819.223000000000686
828.083000000000694
830.265000000000696
835.0270000000007
836.678000000000701
840.743000000000705
849.557000000000713
850.391000000000714
852.236000000000715
853.034000000000716
853.458000000000716
856.952000000000719
859.491000000000722
859.800000000000722
860.920000000000723
862.246000000000724
863.346000000000725
871.565000000000732
871.992000000000733
873.913000000000735
874.623000000000735
875.122000000000736
875.374000000000736
902.09800000000076
902.70500000000076
903.378000000000761
903.809000000000761
904.373000000000762
909.906000000000766
911.762000000000768
912.571000000000769
913.58300000000077
914.10600000000077
914.49800000000077
920.528000000000776
920.980000000000776
921.359000000000777
921.769000000000777
923.227000000000778
934.517000000000788
936.24800000000079
937.293000000000791
937.730000000000791
938.972000000000792
951.337000000000803
951.826000000000804
952.705000000000804
956.087000000000808
957.933000000000809
963.795000000000814
964.334000000000815
964.833000000000815
965.527000000000816
968.237000000000818
968.654000000000819
979.525000000000828
980.076000000000829
982.261000000000831
983.131000000000832
984.620000000000833
990.972000000000838
991.412000000000839
993.831000000000841
994.312000000000841
994.868000000000842
995.186000000000842
1004.50400000000085
1007.745000000000853
1008.095000000000854
1008.992000000000854
1009.792000000000855
1016.025000000000861
1020.619000000000865
1021.562000000000866
1023.850000000000868
1024.78800000000087
1029.99900000000087
1030.53900000000087
1031.28100000000087
1031.87900000000087
1033.79000000000088
1045.62400000000089
1047.66200000000089
1048.32000000000089
1049.11100000000089
1049.74100000000089
1055.2790000000009
1055.6330000000009
1056.0460000000009
1057.1440000000009
1058.7530000000009
1059.0990000000009
1065.6380000000009
1066.09000000000091
1066.67800000000091
1067.51700000000091
1069.06500000000091
1080.64100000000092
1081.56500000000092
1087.90900000000092
1088.64600000000093
1091.33900000000093
1097.55100000000093
1098.11100000000093
1099.52200000000093
1101.25400000000094
1102.41200000000094
1102.76400000000094
1113.57800000000095
1116.30600000000095
1116.71000000000095
1117.06900000000095
1120.02000000000095
1126.00800000000096
1126.83200000000096
1128.97200000000096
1129.54700000000096
1130.11400000000096
1130.49100000000096
1137.57400000000097
1140.85900000000097
1142.63500000000097
1144.18000000000097
1148.05400000000098
1148.27100000000098
1153.80000000000098
1154.73200000000098
1158.83800000000099
1159.72200000000099
1161.47100000000099
1161.73100000000099
1167.01800000000099
1167.878000000001
1168.269000000001
1170.772000000001
1171.235000000001
1171.591000000001
1188.92100000000101
1192.37800000000102
1193.66800000000102
1194.26400000000102
1194.88100000000102
1195.20600000000102
1200.86000000000102
1202.73200000000103
1203.01900000000103
1203.52200000000103
1204.34300000000103
1204.70600000000103
1214.40700000000104
1216.60900000000104
1220.68300000000104
1221.99600000000104
1224.43700000000105
1232.11600000000105
1232.74100000000105
1233.91400000000105
1234.70200000000105
1235.66700000000106
1241.25300000000106
1242.52300000000106
1246.97900000000107
1248.83700000000107
1249.77400000000107
1250.07200000000107
1254.80800000000107
1255.19300000000107
1255.60600000000107
1257.11100000000107
1257.95300000000108
1261.54800000000108
1268.50900000000108
1269.94000000000109
1270.82500000000109
1271.22500000000109
1272.81500000000109
1278.95900000000109
1280.2280000000011
1282.1430000000011
1282.6700000000011
1283.3910000000011
1295.82100000000111
1296.45200000000111
1297.13200000000111
1297.89600000000111
1300.75800000000111
1301.24900000000111
1306.55300000000112
1307.15400000000112
1307.76900000000112
1308.83500000000112
1309.93800000000112
1310.29800000000112
1326.45200000000114
1327.80200000000114
1328.42000000000114
1329.20600000000114
1329.88100000000114
1330.21200000000114
1336.03300000000114
1336.56300000000115
1337.42200000000115
1338.24500000000115
1339.33200000000115
1339.67400000000115
1350.80000000000116
1351.38500000000116
1354.50600000000116
1355.51200000000116
1356.91900000000116
100
-1
41.7489999999999954
76.8870000000000266
109.3750000000000555
118.3640000000000635
132.605000000000076
141.471000000000084
153.770000000000095
165.742000000000106
174.889000000000114
189.781000000000127
198.869000000000135
208.034000000000143
217.328000000000151
225.403000000000159
237.94800000000017
247.927000000000179
256.995000000000187
268.889000000000197
278.611000000000206
291.680000000000217
318.508000000000241
326.460000000000248
336.992000000000258
347.126000000000267
356.094000000000275
364.739000000000282
380.008000000000296
393.904000000000308
404.132000000000317
412.135000000000324
426.472000000000337
436.575000000000346
453.609000000000361
467.336000000000373
478.826000000000384
488.893000000000393
498.683000000000401
508.11100000000041
516.969000000000417
527.102000000000426
537.582000000000436
560.366000000000456
569.964000000000465
584.257000000000477
592.553000000000485
603.259000000000494
611.519000000000501
630.735000000000518
641.424000000000528
656.215000000000541
674.320000000000557
690.854000000000572
699.46100000000058
714.392000000000593
732.510000000000609
745.00900000000062
763.634000000000637
772.963000000000645
783.894000000000655
802.513000000000671
810.168000000000678
819.223000000000686
840.743000000000705
853.458000000000716
863.346000000000725
875.122000000000736
904.373000000000762
914.10600000000077
923.227000000000778
938.972000000000792
957.933000000000809
968.237000000000818
984.620000000000833
994.868000000000842
1009.792000000000855
1024.78800000000087
1033.79000000000088
1049.74100000000089
1058.7530000000009
1069.06500000000091
1091.33900000000093
1102.41200000000094
1120.02000000000095
1130.11400000000096
1148.05400000000098
1161.47100000000099
1171.235000000001
1194.88100000000102
1204.34300000000103
1224.43700000000105
1235.66700000000106
1249.77400000000107
1261.54800000000108
1272.81500000000109
1283.3910000000011
1300.75800000000111
1309.93800000000112
1329.88100000000114
1339.33200000000115
1356.91900000000116
5
0
5000
0
0
0
0
2700
99
0
0
0
0
0
0
1356.91900000000116
0
0
0
0
0
0
