11
13
19
11
13
19
cPPR1.13
FR2_day3
0
3
10
44
22
11
30
33
24
2
.3
1
176
1
59
1
1
1
1
1
1
1
1
1
1
1
1
1
1
1
1
1
1
1
1
1
1
175
-1
1.11900000000000001
1.77600000000000002
4.37500000000000008
5.5550000000000001
7.03900000000000013
8.78500000000000017
14.44300000000000029
15.39900000000000031
18.0529999999999986
33.8719999999999884
34.484999999999989
36.6619999999999909
37.6499999999999918
38.9419999999999929
39.6809999999999936
45.3049999999999986
47.4360000000000005
51.4840000000000041
52.0580000000000046
52.9480000000000054
53.3640000000000058
54.0640000000000064
58.7920000000000106
59.1870000000000109
62.0480000000000135
62.5490000000000139
63.2180000000000145
65.0650000000000161
72.3110000000000226
72.8500000000000231
75.4280000000000254
75.8310000000000257
77.6740000000000273
78.1770000000000278
82.2500000000000314
83.7900000000000328
84.4580000000000334
88.0510000000000366
89.5980000000000379
89.8720000000000382
116.5020000000000618
119.6030000000000646
120.6090000000000655
122.5570000000000672
125.71300000000007
128.717000000000073
129.378000000000073
130.156000000000074
132.667000000000076
133.231000000000077
136.057000000000079
139.641000000000082
140.769000000000083
144.799000000000087
147.74500000000009
148.23000000000009
152.516000000000094
153.847000000000095
155.350000000000096
160.834000000000101
161.523000000000102
167.163000000000107
167.670000000000107
170.27700000000011
172.566000000000112
175.162000000000114
176.168000000000115
179.891000000000118
183.061000000000121
187.019000000000124
193.29600000000013
194.013000000000131
197.847000000000134
199.170000000000135
202.051000000000138
202.397000000000138
205.395000000000141
207.495000000000143
208.623000000000144
210.738000000000146
214.889000000000149
217.501000000000152
218.390000000000152
222.319000000000156
223.000000000000156
223.466000000000157
224.423000000000158
240.729000000000172
245.160000000000176
245.467000000000176
245.998000000000177
246.886000000000178
250.923000000000181
251.402000000000182
252.757000000000183
257.078000000000187
261.522000000000191
263.196000000000192
263.723000000000193
268.759000000000197
274.990000000000203
275.600000000000203
279.928000000000207
281.914000000000209
286.572000000000213
329.294000000000251
329.609000000000251
356.486000000000275
356.659000000000275
360.900000000000279
362.37100000000028
363.626000000000281
370.238000000000287
374.884000000000291
381.950000000000298
386.652000000000302
393.196000000000308
395.38800000000031
401.837000000000315
402.150000000000316
411.661000000000324
411.985000000000324
421.323000000000333
422.323000000000333
427.105000000000338
427.588000000000338
428.953000000000339
433.236000000000343
437.653000000000347
438.173000000000348
444.364000000000353
444.725000000000353
451.542000000000359
455.020000000000362
459.630000000000367
462.98100000000037
463.98000000000037
468.778000000000375
469.718000000000376
473.966000000000379
478.457000000000383
480.140000000000385
480.878000000000385
484.807000000000389
487.246000000000391
492.380000000000396
498.805000000000401
499.160000000000402
507.295000000000409
507.839000000000409
513.150000000000414
518.207000000000419
522.473000000000422
523.871000000000424
524.282000000000424
530.209000000000429
531.61500000000043
537.545000000000436
540.510000000000438
541.296000000000439
541.77100000000044
542.59800000000044
545.177000000000443
572.485000000000467
572.705000000000467
578.116000000000472
580.803000000000474
671.613000000000555
770.679000000000643
776.103000000000648
1291.49900000000111
1296.17300000000111
1329.42500000000114
1333.06000000000114
1334.73200000000114
58
-1
1.77600000000000002
8.78500000000000017
15.39900000000000031
34.484999999999989
47.4360000000000005
53.3640000000000058
59.1870000000000109
72.3110000000000226
78.1770000000000278
84.4580000000000334
116.5020000000000618
125.71300000000007
133.231000000000077
140.769000000000083
148.23000000000009
155.350000000000096
161.523000000000102
167.670000000000107
176.168000000000115
187.019000000000124
194.013000000000131
202.397000000000138
210.738000000000146
218.390000000000152
240.729000000000172
246.886000000000178
257.078000000000187
263.723000000000193
275.600000000000203
286.572000000000213
329.609000000000251
356.659000000000275
363.626000000000281
374.884000000000291
386.652000000000302
395.38800000000031
402.150000000000316
411.985000000000324
422.323000000000333
428.953000000000339
438.173000000000348
444.725000000000353
455.020000000000362
463.98000000000037
473.966000000000379
480.878000000000385
492.380000000000396
499.160000000000402
507.839000000000409
518.207000000000419
524.282000000000424
531.61500000000043
540.510000000000438
572.705000000000467
580.803000000000474
770.679000000000643
1291.49900000000111
1333.06000000000114
2
0
5000
0
0
0
0
2700
99
0
0
0
0
0
0
2700.79599999992988
0
0
0
0
0
0
