12
18
19
12
18
19
cPPR1.16
PR3_day2.7
0
2
13
02
38
13
49
21
23
3
.3
1
342
1
15
1
1
1
1
1
1
1
1
1
1
1
1
1
1
1
1
1
1
1
1
1
184
341
-1
9.04700000000000018
9.48100000000000018
37.1619999999999914
38.0689999999999922
40.8759999999999947
41.6289999999999953
41.8839999999999956
42.441999999999996
43.6909999999999972
47.3570000000000004
69.39000000000002
70.4180000000000209
73.3690000000000235
73.7570000000000239
74.2150000000000243
76.5160000000000263
77.0440000000000268
98.1630000000000455
98.7610000000000461
99.9660000000000471
101.9890000000000489
105.5260000000000521
106.4820000000000529
106.8760000000000533
108.0240000000000543
108.760000000000055
112.7280000000000585
132.973000000000076
133.750000000000077
134.661000000000078
135.556000000000079
137.29500000000008
137.540000000000081
139.305000000000082
150.253000000000092
151.655000000000093
152.055000000000093
152.591000000000094
153.753000000000095
157.181000000000098
157.428000000000098
158.332000000000099
186.579000000000124
194.252000000000131
196.107000000000133
196.517000000000133
196.752000000000133
197.050000000000133
199.881000000000136
200.018000000000136
201.093000000000137
201.906000000000138
202.339000000000138
204.02100000000014
205.481000000000141
206.729000000000142
208.816000000000144
210.672000000000145
221.829000000000155
222.365000000000156
223.041000000000156
223.731000000000157
224.369000000000158
224.917000000000158
225.809000000000159
226.80500000000016
227.05600000000016
228.808000000000162
229.705000000000162
229.862000000000162
230.272000000000163
230.921000000000163
231.528000000000164
233.266000000000166
234.416000000000167
234.850000000000167
235.626000000000168
284.071000000000211
284.632000000000211
286.985000000000213
287.592000000000214
288.123000000000214
289.656000000000216
290.254000000000216
291.363000000000217
291.925000000000218
292.977000000000219
293.969000000000219
294.62300000000022
295.651000000000221
296.077000000000221
296.571000000000222
297.854000000000223
298.570000000000224
299.594000000000224
300.109000000000225
300.536000000000225
301.124000000000226
302.802000000000227
438.657000000000348
441.22800000000035
449.450000000000358
451.116000000000359
457.393000000000365
458.766000000000366
459.888000000000367
460.409000000000367
460.910000000000368
461.755000000000368
461.951000000000369
468.020000000000374
468.651000000000375
469.133000000000375
469.964000000000376
470.998000000000377
471.327000000000377
471.912000000000378
472.599000000000378
473.575000000000379
473.804000000000379
475.829000000000381
476.417000000000382
478.194000000000383
480.234000000000385
480.443000000000385
480.736000000000385
500.735000000000403
502.292000000000404
502.620000000000405
503.559000000000406
504.177000000000406
505.296000000000407
509.567000000000411
510.487000000000412
510.994000000000412
512.383000000000413
512.464000000000413
512.692000000000414
513.463000000000414
515.938000000000417
517.191000000000418
517.961000000000418
518.833000000000419
519.68700000000042
519.97700000000042
520.463000000000421
521.359000000000421
522.033000000000422
522.514000000000422
522.870000000000423
523.368000000000423
525.331000000000425
526.304000000000426
527.406000000000427
593.113000000000485
594.936000000000487
601.286000000000492
602.243000000000493
603.392000000000494
609.095000000000499
614.390000000000504
616.747000000000506
627.637000000000516
636.798000000000524
638.624000000000526
645.188000000000531
645.750000000000532
647.238000000000533
649.296000000000535
649.936000000000536
650.399000000000536
651.711000000000537
653.528000000000539
656.143000000000541
656.820000000000542
657.145000000000542
658.305000000000543
659.095000000000544
660.487000000000545
660.684000000000545
661.728000000000546
662.170000000000546
662.897000000000547
663.553000000000548
664.137000000000548
664.639000000000549
704.576000000000584
705.428000000000585
706.036000000000585
706.526000000000586
707.671000000000587
709.595000000000589
712.021000000000591
712.507000000000591
712.911000000000592
713.622000000000592
714.114000000000593
715.076000000000593
717.429000000000596
718.879000000000597
719.967000000000598
721.280000000000599
721.562000000000599
722.1070000000006
723.0060000000006
723.730000000000601
723.992000000000601
724.339000000000602
724.602000000000602
725.051000000000602
725.706000000000603
726.204000000000603
727.761000000000605
728.493000000000605
729.005000000000606
729.629000000000606
730.955000000000608
732.270000000000609
733.25500000000061
734.894000000000611
753.556000000000628
754.356000000000628
755.91500000000063
756.70800000000063
758.848000000000632
759.896000000000633
760.471000000000634
761.180000000000634
761.462000000000635
761.721000000000635
762.436000000000636
762.925000000000636
764.354000000000637
766.331000000000639
767.83400000000064
768.479000000000641
769.134000000000641
770.477000000000643
770.811000000000643
772.255000000000644
772.793000000000645
773.091000000000645
773.440000000000645
775.329000000000647
775.767000000000647
776.177000000000648
777.033000000000648
777.514000000000649
778.126000000000649
779.18400000000065
780.992000000000652
782.286000000000653
783.949000000000655
784.589000000000655
784.988000000000656
788.131000000000658
799.471000000000668
842.972000000000707
843.510000000000708
845.82000000000071
846.86400000000071
848.588000000000712
850.010000000000713
850.546000000000714
855.270000000000718
856.483000000000719
857.23400000000072
860.390000000000722
861.347000000000723
862.085000000000724
863.272000000000725
864.394000000000726
864.974000000000727
865.531000000000727
866.063000000000728
866.657000000000728
868.260000000000729
869.894000000000731
870.369000000000731
872.232000000000733
872.733000000000733
877.556000000000738
878.498000000000739
881.700000000000741
881.892000000000742
885.284000000000745
886.098000000000745
888.097000000000747
888.696000000000748
889.440000000000748
890.182000000000749
891.54200000000075
894.319000000000753
895.208000000000753
895.594000000000754
896.059000000000754
896.522000000000755
896.803000000000755
897.046000000000755
912.127000000000768
913.33700000000077
914.38100000000077
916.087000000000772
925.07100000000078
927.372000000000782
931.749000000000786
934.094000000000788
937.446000000000791
939.180000000000792
939.720000000000793
940.687000000000794
946.120000000000799
946.722000000000799
947.2990000000008
948.513000000000801
949.365000000000802
951.389000000000803
953.533000000000805
956.459000000000808
957.643000000000809
958.55300000000081
959.21200000000081
960.316000000000811
960.863000000000812
962.828000000000814
965.398000000000816
967.855000000000818
968.852000000000819
972.006000000000822
974.039000000000823
974.631000000000824
976.387000000000826
977.232000000000826
1022.612000000000867
1025.93600000000087
1029.21400000000087
1030.56700000000087
1031.75000000000087
1032.40600000000088
1033.15800000000088
1033.82300000000088
14
-1
9.04800000000000018
41.6299999999999953
76.5170000000000263
112.7290000000000585
157.182000000000098
210.673000000000145
235.627000000000168
302.803000000000227
480.235000000000385
527.407000000000427
664.138000000000548
734.895000000000611
799.472000000000668
896.523000000000755
0
0
5000
0
0
0
0
7200
0
0
0
0
0
15
0
2696.62399999993034
1800.00000000000156
1800
0
43
0
1
4
7
10
13
16
19
22
25
28
31
34
37
40
43
46
49
52
55
58
61
64
67
70
73
76
79
82
85
88
91
94
97
100
103
106
109
112
115
118
121
124
127
130
133
136
139
142
145
148
151
154
157
160
163
166
169
172
175
178
181
184
187
190
193
196
199
202
205
208
211
214
217
220
223
226
229
232
235
238
241
244
247
250
253
256
259
262
265
268
271
274
277
280
283
286
289
292
295
298
301
304
307
310
313
316
319
322
325
328
331
334
337
340
343
346
349
352
355
358
361
364
367
370
373
376
379
382
385
388
391
394
397
400
403
406
409
412
415
418
421
424
427
430
433
436
439
442
445
448
451
454
457
460
463
466
469
472
475
478
481
484
487
490
493
496
499
502
505
508
511
514
517
520
523
526
529
532
535
538
541
544
547
550
