11
26
19
11
26
19
cPPR1.16
PR3_day2
0
2
12
17
06
14
01
50
23
3
.3
1
2164
1
38
1
1
1
1
1
1
1
1
1
1
1
1
1
1
1
1
1
1
1
1
1
184
2163
-1
43.7519999999999972
44.4319999999999978
52.0090000000000045
52.8580000000000053
53.5350000000000059
53.9280000000000063
54.4930000000000068
67.5430000000000183
69.1210000000000197
71.1750000000000216
71.8620000000000222
73.5720000000000237
75.5800000000000255
76.3820000000000262
106.3110000000000528
107.8010000000000541
108.8810000000000551
108.9490000000000551
110.9360000000000569
111.6830000000000576
113.277000000000059
114.46400000000006
117.3830000000000626
117.9110000000000631
145.510000000000088
146.287000000000088
147.90900000000009
149.819000000000091
152.063000000000093
154.349000000000095
155.102000000000096
156.058000000000097
170.47100000000011
170.84300000000011
171.342000000000111
172.047000000000111
172.858000000000112
204.78300000000014
205.386000000000141
206.052000000000141
206.460000000000142
208.598000000000144
209.003000000000144
209.387000000000144
209.724000000000145
210.141000000000145
211.101000000000146
211.381000000000146
211.890000000000147
212.670000000000147
214.429000000000149
214.888000000000149
215.41400000000015
219.685000000000153
220.191000000000154
220.735000000000154
224.038000000000157
224.285000000000158
224.742000000000158
225.357000000000159
225.677000000000159
228.264000000000161
229.008000000000162
229.684000000000162
230.201000000000163
233.914000000000166
234.633000000000167
235.168000000000167
235.498000000000168
236.032000000000168
236.375000000000168
236.984000000000169
237.338000000000169
237.89100000000017
268.711000000000197
269.419000000000198
269.947000000000198
270.318000000000198
271.277000000000199
271.8720000000002
274.437000000000202
275.569000000000203
276.034000000000204
276.313000000000204
276.779000000000204
277.374000000000205
277.973000000000205
279.390000000000206
280.022000000000207
281.625000000000208
283.03400000000021
350.005000000000269
350.32700000000027
351.00300000000027
351.845000000000271
352.628000000000272
353.825000000000273
359.727000000000278
360.081000000000278
360.613000000000279
361.317000000000279
362.41000000000028
362.64900000000028
363.110000000000281
363.665000000000281
364.360000000000282
364.580000000000282
365.527000000000283
366.019000000000283
366.979000000000284
367.560000000000285
367.765000000000285
368.336000000000286
368.764000000000286
369.142000000000286
370.784000000000288
371.763000000000289
373.14900000000029
373.57000000000029
374.237000000000291
374.577000000000291
378.052000000000294
384.2650000000003
384.9120000000003
385.2370000000003
385.950000000000301
387.641000000000303
388.697000000000304
388.962000000000304
389.696000000000304
390.881000000000306
391.694000000000306
393.614000000000308
394.554000000000309
395.089000000000309
395.59200000000031
395.85500000000031
396.748000000000311
397.593000000000311
400.158000000000314
400.859000000000314
418.51000000000033
418.79500000000033
419.677000000000331
420.264000000000332
420.703000000000332
421.942000000000333
422.280000000000333
424.069000000000335
424.481000000000335
424.694000000000336
431.629000000000342
432.807000000000343
433.462000000000343
433.991000000000344
434.415000000000344
435.596000000000345
436.427000000000346
436.722000000000346
437.465000000000347
437.787000000000347
438.273000000000348
440.53200000000035
441.812000000000351
442.390000000000351
442.849000000000352
443.238000000000352
443.715000000000352
444.178000000000353
444.986000000000354
446.588000000000355
449.103000000000357
449.417000000000358
459.638000000000367
460.604000000000367
461.526000000000368
466.712000000000373
467.057000000000373
467.596000000000374
468.096000000000374
468.671000000000375
470.908000000000377
477.540000000000382
478.084000000000383
478.562000000000383
479.262000000000384
479.695000000000384
480.459000000000385
481.245000000000386
482.577000000000387
483.666000000000388
484.148000000000388
484.666000000000389
487.203000000000391
487.869000000000392
491.668000000000395
492.263000000000396
493.870000000000397
496.7110000000004
497.3680000000004
497.7480000000004
498.793000000000401
501.420000000000404
502.092000000000404
502.737000000000405
505.458000000000407
506.742000000000408
507.140000000000409
507.947000000000409
508.84200000000041
510.452000000000412
510.787000000000412
512.775000000000414
512.921000000000414
513.172000000000414
513.609000000000414
523.257000000000423
524.328000000000424
524.696000000000424
525.138000000000425
525.502000000000425
525.916000000000425
528.335000000000428
532.173000000000431
533.085000000000432
535.753000000000434
536.581000000000435
536.858000000000435
536.962000000000435
537.748000000000436
538.485000000000437
542.75800000000044
543.253000000000441
546.876000000000444
547.449000000000445
550.173000000000447
551.162000000000448
551.645000000000448
554.621000000000451
554.910000000000451
555.765000000000452
556.127000000000452
556.843000000000453
559.262000000000455
561.659000000000457
562.619000000000458
565.494000000000461
567.314000000000462
567.976000000000463
570.036000000000465
621.19300000000051
622.243000000000511
625.354000000000514
625.864000000000514
634.908000000000522
636.053000000000523
638.460000000000525
640.128000000000527
640.433000000000527
640.999000000000528
641.476000000000528
642.864000000000529
646.323000000000532
646.745000000000533
649.504000000000535
657.765000000000542
658.970000000000544
660.383000000000545
661.374000000000546
662.178000000000546
664.149000000000548
665.78600000000055
666.32900000000055
666.62500000000055
667.032000000000551
668.880000000000552
670.680000000000554
671.421000000000555
671.885000000000555
672.512000000000556
673.062000000000556
677.68300000000056
678.688000000000561
679.045000000000561
681.918000000000564
682.256000000000564
683.188000000000565
684.733000000000566
686.223000000000568
686.633000000000568
687.011000000000568
692.884000000000574
693.243000000000574
693.658000000000574
713.487000000000592
716.186000000000594
717.037000000000595
718.178000000000596
723.591000000000601
723.974000000000601
725.612000000000603
726.972000000000604
729.047000000000606
729.844000000000607
734.361000000000611
737.297000000000613
738.375000000000614
738.715000000000614
739.247000000000615
739.578000000000615
741.209000000000617
741.899000000000617
743.280000000000618
743.837000000000619
744.350000000000619
747.791000000000622
748.687000000000623
750.173000000000625
754.505000000000628
755.129000000000629
755.617000000000629
756.11600000000063
756.76700000000063
757.255000000000631
757.706000000000631
760.244000000000634
760.924000000000634
762.293000000000635
763.908000000000637
764.694000000000638
764.936000000000638
766.079000000000639
766.427000000000639
766.709000000000639
777.517000000000649
777.804000000000649
778.065000000000649
787.862000000000658
788.511000000000659
789.229000000000659
789.67600000000066
795.400000000000665
796.772000000000666
797.900000000000667
799.041000000000668
799.792000000000669
801.02100000000067
803.282000000000672
803.904000000000672
804.363000000000673
806.402000000000674
808.549000000000676
809.189000000000677
809.447000000000677
815.201000000000682
815.527000000000683
817.291000000000684
820.145000000000687
821.132000000000688
821.243000000000688
821.596000000000688
822.261000000000689
825.058000000000691
825.682000000000692
834.4880000000007
835.1800000000007
835.5660000000007
836.199000000000701
836.604000000000701
836.969000000000702
837.679000000000702
850.091000000000713
850.575000000000714
851.183000000000714
851.458000000000715
861.584000000000724
862.050000000000724
862.321000000000724
863.416000000000725
864.946000000000726
865.655000000000727
866.151000000000728
866.726000000000728
867.898000000000729
874.017000000000735
874.844000000000735
876.617000000000737
877.415000000000738
879.389000000000739
880.834000000000741
881.112000000000741
882.267000000000742
883.086000000000743
887.069000000000746
891.55200000000075
892.546000000000751
893.601000000000752
894.558000000000753
895.827000000000754
902.63100000000076
903.11500000000076
903.910000000000761
904.836000000000762
905.207000000000762
911.327000000000768
912.175000000000768
912.783000000000769
913.48500000000077
913.93600000000077
914.921000000000771
915.532000000000772
915.874000000000772
917.484000000000773
918.025000000000774
918.630000000000774
919.114000000000775
919.453000000000775
922.196000000000777
923.700000000000779
924.231000000000779
924.97600000000078
926.174000000000781
926.879000000000782
927.641000000000782
935.175000000000789
937.843000000000791
938.472000000000792
941.559000000000795
942.634000000000796
949.088000000000801
949.546000000000802
950.041000000000802
951.285000000000803
956.797000000000808
961.526000000000812
962.761000000000813
964.574000000000815
965.627000000000816
969.182000000000819
972.615000000000822
973.474000000000823
974.811000000000824
975.988000000000825
976.301000000000825
977.240000000000826
980.544000000000829
982.297000000000831
984.220000000000832
986.311000000000834
987.112000000000835
988.793000000000837
989.166000000000837
989.717000000000837
990.033000000000838
990.747000000000838
993.392000000000841
996.055000000000843
997.028000000000844
998.947000000000846
999.354000000000846
999.923000000000846
1007.725000000000853
1007.846000000000853
1008.345000000000854
1008.885000000000854
1009.234000000000855
1009.494000000000855
1010.002000000000855
1012.953000000000858
1015.06400000000086
1015.864000000000861
1015.952000000000861
1016.388000000000861
1017.374000000000862
1018.069000000000862
1018.702000000000863
1020.154000000000864
1020.753000000000865
1024.87000000000087
1025.71700000000087
1027.14300000000087
1027.45200000000087
1029.25600000000087
1030.18800000000087
1034.08500000000088
1040.46500000000088
1043.27900000000088
1043.67900000000089
1044.59200000000089
1045.89800000000089
1046.69700000000089
1052.54800000000089
1053.77000000000089
1055.3520000000009
1058.2460000000009
1059.2750000000009
1060.0310000000009
1060.9590000000009
1063.6600000000009
1064.2070000000009
1067.22500000000091
1068.71900000000091
1069.34000000000091
1070.00200000000091
1073.47900000000091
1074.05900000000091
1075.62400000000091
1077.73900000000092
1078.69100000000092
1078.89700000000092
1079.43700000000092
1080.40900000000092
1082.98300000000092
1085.56600000000092
1086.48900000000092
1086.88900000000092
1088.71200000000093
1089.44700000000093
1090.34100000000093
1091.77300000000093
1093.06000000000093
1094.03800000000093
1095.32600000000093
1098.83400000000093
1099.44800000000093
1099.86100000000094
1100.32800000000094
1100.93900000000094
1103.33000000000094
1103.88600000000094
1104.73200000000094
1105.33800000000094
1106.97000000000094
1109.41500000000094
1110.41500000000094
1113.44100000000095
1115.55600000000095
1116.46500000000095
1116.64600000000095
1117.37300000000095
1125.00000000000096
1126.91900000000096
1127.61400000000096
1128.24800000000096
1129.24600000000096
1130.34900000000096
1132.63100000000096
1134.03500000000097
1136.62400000000097
1137.97800000000097
1140.00700000000097
1140.91300000000097
1141.28300000000097
1142.42300000000097
1142.89100000000097
1165.59500000000099
1166.71600000000099
1189.99600000000102
1190.93200000000102
1191.55400000000102
1191.74100000000102
1201.11500000000103
1201.65700000000103
1201.90500000000103
1202.21100000000103
1202.53800000000103
1205.23400000000103
1205.90400000000103
1207.21100000000103
1207.95500000000103
1209.25000000000103
1209.45100000000103
1213.91300000000104
1214.27800000000104
1214.62100000000104
1214.99900000000104
1215.63600000000104
1216.03700000000104
1220.32200000000104
1221.36300000000104
1221.59200000000104
1222.04000000000104
1222.11400000000104
1223.50200000000104
1223.96100000000105
1226.52800000000105
1227.70300000000105
1229.09700000000105
1231.23600000000105
1231.85100000000105
1233.08400000000105
1235.32500000000106
1236.65300000000106
1237.49900000000106
1238.26800000000106
1239.30300000000106
1239.79500000000106
1240.20100000000106
1250.49500000000107
1251.40000000000107
1252.35200000000107
1252.49000000000107
1252.83600000000107
1253.41600000000107
1253.95600000000107
1254.52200000000107
1255.06300000000107
1255.52000000000107
1255.96400000000107
1256.53700000000107
1257.89700000000108
1259.05000000000108
1259.79000000000108
1260.48900000000108
1262.80500000000108
1264.14500000000108
1266.77800000000108
1267.02100000000108
1267.90900000000108
1268.37100000000108
1269.71100000000109
1270.05700000000109
1270.42600000000109
1271.28600000000109
1272.18000000000109
1272.72200000000109
1272.80800000000109
1276.36500000000109
1278.30500000000109
1278.72800000000109
1279.36500000000109
1280.0970000000011
1280.7160000000011
1281.1140000000011
1281.8360000000011
1283.0050000000011
1283.3210000000011
1283.4180000000011
1286.2230000000011
1287.9100000000011
1288.3010000000011
1288.6350000000011
1289.0840000000011
1290.4820000000011
1292.12300000000111
1294.07300000000111
1295.11200000000111
1295.54400000000111
1296.17400000000111
1296.73100000000111
1297.20300000000111
1298.21800000000111
1300.33500000000111
1302.24700000000111
1303.08600000000112
1303.84400000000112
1304.12800000000112
1304.54600000000112
1304.88500000000112
1305.95400000000112
1311.22800000000112
1312.60100000000112
1313.12900000000112
1313.68600000000113
1314.57000000000113
1314.82700000000113
1315.29600000000113
1315.60900000000113
1316.67200000000113
1317.00900000000113
1320.79700000000113
1321.59500000000113
1321.99400000000113
1322.67800000000113
1323.07100000000113
1325.59000000000114
1326.41000000000114
1327.08900000000114
1327.44000000000114
1327.64200000000114
1328.18100000000114
1329.83200000000114
1330.82700000000114
1331.23500000000114
1331.72700000000114
1332.28800000000114
1332.87500000000114
1333.45900000000114
1333.91700000000114
1336.61000000000115
1337.59700000000115
1337.82600000000115
1338.10600000000115
1338.84700000000115
1339.15700000000115
1339.59400000000115
1342.61900000000115
1343.33700000000115
1345.40100000000115
1349.99400000000116
1350.50700000000116
1378.88900000000118
1379.64600000000118
1380.15100000000118
1381.57600000000119
1382.26400000000119
1382.86900000000119
1389.80900000000119
1390.16300000000119
1391.35000000000119
1392.4170000000012
1393.1510000000012
1394.6980000000012
1394.9650000000012
1395.3590000000012
1396.0490000000012
1396.3400000000012
1396.7460000000012
1399.0840000000012
1399.8530000000012
1400.2730000000012
1401.0180000000012
1401.4130000000012
1402.7390000000012
1403.0580000000012
1404.33300000000121
1414.34000000000121
1415.20000000000122
1417.68400000000122
1418.34400000000122
1419.54800000000122
1420.16000000000122
1420.73000000000122
1421.52200000000122
1421.91900000000122
1422.83500000000122
1423.86900000000122
1425.31600000000122
1427.55300000000123
1429.49000000000123
1429.94600000000123
1430.13600000000123
1430.48300000000123
1431.17700000000123
1432.08700000000123
1432.37200000000123
1432.77900000000123
1433.33700000000123
1433.61100000000123
1434.05900000000123
1435.28600000000123
1441.33000000000124
1441.64900000000124
1442.17000000000124
1443.81300000000124
1444.13200000000124
1444.88300000000124
1445.39000000000124
1448.78700000000124
1450.23400000000125
1451.24600000000125
1455.36100000000125
1456.56800000000125
1456.80600000000125
1457.32100000000125
1457.62300000000125
1458.21700000000125
1458.84200000000125
1459.33800000000125
1459.79100000000125
1463.31400000000126
1464.21300000000126
1465.15900000000126
1465.75000000000126
1466.64300000000126
1466.91700000000126
1467.44100000000126
1467.98700000000126
1469.05900000000126
1470.01600000000126
1470.26900000000126
1471.00400000000126
1471.29000000000126
1473.95500000000127
1475.55500000000127
1476.43200000000127
1478.23500000000127
1480.24000000000127
1480.80200000000127
1481.21200000000127
1481.88300000000127
1482.60700000000128
1483.22400000000128
1483.78000000000128
1493.01200000000128
1495.74300000000129
1496.61900000000129
1497.28200000000129
1498.44400000000129
1499.01600000000129
1499.48800000000129
1499.92800000000129
1500.26100000000129
1500.67000000000129
1501.44100000000129
1504.42900000000129
1504.9680000000013
1505.9660000000013
1506.4820000000013
1507.1440000000013
1507.6730000000013
1508.0620000000013
1508.2680000000013
1512.3260000000013
1512.8220000000013
1513.1480000000013
1513.3860000000013
1514.1360000000013
1518.09500000000131
1518.95400000000131
1521.03800000000131
1523.02500000000131
1523.55400000000131
1528.64200000000132
1529.18600000000132
1531.49000000000132
1532.08600000000132
1532.58000000000132
1533.26200000000132
1534.45800000000132
1535.06600000000132
1536.59300000000132
1537.35000000000132
1537.85400000000132
1538.25000000000132
1538.63100000000132
1539.54900000000133
1541.44400000000133
1543.25300000000133
1545.98400000000133
1546.65800000000133
1547.02700000000133
1548.23500000000133
1549.26100000000133
1549.69300000000133
1550.11100000000134
1550.60900000000134
1551.17700000000134
1551.28600000000134
1552.67800000000134
1573.55200000000136
1574.66700000000136
1575.69500000000136
1576.27800000000136
1577.05900000000136
1602.51800000000138
1603.14600000000138
1603.43000000000138
1604.06700000000138
1605.48500000000138
1606.12800000000138
1606.37800000000138
1608.46300000000139
1610.96000000000139
1617.8210000000014
1619.0860000000014
1619.6020000000014
1620.1770000000014
1621.3150000000014
1621.7620000000014
1622.4770000000014
1627.0140000000014
1627.3080000000014
1628.3270000000014
1630.78700000000141
1631.60800000000141
1632.11000000000141
1633.04000000000141
1633.53900000000141
1654.07800000000143
1655.61200000000143
1659.99700000000143
1662.70800000000144
1663.26600000000144
1665.23200000000144
1668.88000000000144
1670.06800000000144
1671.82900000000144
1672.55900000000144
1673.54500000000144
1674.05100000000145
1674.21800000000145
1674.85100000000145
1676.21900000000145
1677.53900000000145
1678.22400000000145
1678.49400000000145
1679.10600000000145
1679.99700000000145
1680.55700000000145
1704.69500000000147
1705.71300000000147
1706.66500000000147
1707.14600000000147
1707.76300000000148
1708.93500000000148
1709.57200000000148
1711.62100000000148
1712.50300000000148
1713.46500000000148
1713.89400000000148
1716.50400000000148
1717.14100000000148
1718.17100000000148
1718.79800000000148
1720.78700000000149
1721.97300000000149
1724.18000000000149
1725.27300000000149
1725.91700000000149
1726.40900000000149
1726.88700000000149
1727.32900000000149
1727.78300000000149
1728.65900000000149
1734.0840000000015
1734.9740000000015
1735.6220000000015
1736.7350000000015
1737.5770000000015
1738.0000000000015
1739.0860000000015
1742.33000000000151
1744.16500000000151
1745.80700000000151
1747.04700000000151
1747.82100000000151
1756.69200000000152
1760.05100000000152
1761.91500000000152
1762.94200000000152
1763.96200000000152
1764.27700000000153
1765.52200000000153
1767.26000000000153
1768.00700000000153
1768.54600000000153
1769.51800000000153
1769.90800000000153
1770.79200000000153
1771.12600000000153
1771.63300000000153
1772.04700000000153
1774.75100000000153
1775.74400000000154
1776.64600000000154
1777.46500000000154
1778.50000000000154
1779.05700000000154
1780.02200000000154
1780.80400000000154
1781.36800000000154
1784.51300000000154
1785.42600000000154
1785.91700000000154
1786.37100000000154
1789.93200000000155
1790.49100000000155
1790.81500000000155
1791.31400000000155
1793.62700000000155
1794.78500000000155
1796.19400000000155
1797.91200000000156
1798.41700000000156
1799.42500000000156
1801.19600000000156
1804.19500000000156
1804.94300000000156
1805.56100000000156
1806.40000000000156
1808.63300000000156
1811.68000000000157
1812.77700000000157
1814.52900000000157
1815.23200000000157
1815.71700000000157
1816.63000000000157
1817.52900000000157
1818.25200000000157
1818.61400000000157
1820.18200000000158
1821.13100000000158
1854.40800000000161
1855.03100000000161
1855.47200000000161
1856.08900000000161
1940.24500000000168
1940.35600000000168
1940.63000000000168
1941.48900000000168
1942.03700000000168
1942.36800000000168
1942.86600000000168
1943.36300000000168
1945.72900000000169
1946.61700000000169
1947.44800000000169
1947.65800000000169
1948.19100000000169
1949.46700000000169
1950.48900000000169
1950.78600000000169
1953.16300000000169
1966.0480000000017
1967.83200000000171
1968.79700000000171
1969.27900000000171
1970.02700000000171
1971.05800000000171
1971.86700000000171
1972.33800000000171
1972.90800000000171
1973.51900000000171
1978.95400000000172
1979.57700000000172
1981.79400000000172
1984.91200000000172
1985.68800000000172
1986.79800000000172
1988.68300000000172
1989.69500000000173
1990.15300000000173
1991.49000000000173
1994.38400000000173
1996.24100000000173
1996.81600000000173
1997.28100000000173
1997.93200000000173
1998.49900000000173
1999.32900000000173
2000.20400000000173
2000.67800000000174
2001.32800000000174
2001.90700000000174
2002.52100000000174
2004.22200000000174
2005.13200000000174
2005.52800000000174
2006.40800000000174
2007.52200000000174
2009.79100000000174
2010.91000000000174
2011.66300000000174
2012.31500000000175
2012.84800000000175
2013.03100000000175
2013.97700000000175
2014.48100000000175
2017.02100000000175
2019.21300000000175
2040.85800000000177
2041.75500000000177
2042.33400000000177
2043.23000000000177
2043.86900000000177
2044.74800000000177
2045.10100000000177
2045.81300000000178
2046.00900000000178
2046.47200000000178
2046.83300000000178
2047.34600000000178
2050.05100000000155
2051.06700000000144
2051.49200000000139
2052.42500000000129
2053.04200000000122
2053.19500000000121
2053.40000000000118
2054.09700000000111
2055.85700000000091
2059.50600000000051
2059.82300000000048
2060.21900000000043
2060.79000000000037
2063.97700000000002
2064.61999999999995
2066.46399999999974
2066.8499999999997
2067.47199999999963
2068.85599999999948
2071.91599999999914
2088.33799999999733
2090.62999999999708
2091.28399999999701
2091.98299999999693
2092.42099999999688
2092.95099999999683
2093.27599999999679
2094.28199999999668
2094.59199999999665
2094.9659999999966
2095.45799999999655
2096.32399999999646
2096.66099999999642
2096.90699999999639
2097.29399999999635
2098.01199999999627
2098.97199999999616
2105.15899999999548
2105.82199999999541
2106.24099999999536
2106.8169999999953
2107.17299999999526
2107.7029999999952
2111.3769999999948
2112.74099999999465
2117.6839999999941
2118.24999999999404
2119.07199999999395
2119.34999999999392
2120.00599999999385
2120.4589999999938
2121.09499999999373
2123.35099999999348
2123.70899999999344
2124.12299999999339
2127.60099999999301
2127.86099999999298
2132.30599999999249
2133.58999999999235
2153.96599999999011
2154.73499999999002
2155.59499999998993
2156.18499999998986
2156.64499999998981
2157.15399999998976
2157.73199999998969
2158.5399999999896
2159.22199999998953
2160.01699999998944
2160.51299999998939
2160.85799999998935
2161.69599999998926
2165.07399999998888
2166.19799999998876
2167.25399999998864
2167.6199999999886
2168.15699999998854
2168.67599999998849
2169.06799999998844
2169.19999999998843
2169.51799999998839
2170.72099999998826
2171.20899999998821
2171.66499999998816
2173.18299999998799
2173.36499999998797
2178.33099999998742
2179.4889999999873
2180.42699999998719
2190.3869999999861
2192.08099999998591
2193.42399999998576
2193.82999999998572
2194.29799999998566
2197.41999999998532
2198.25399999998523
2199.23999999998512
2200.11999999998502
2200.45999999998499
2200.90299999998494
2202.1599999999848
2204.31999999998456
2204.50599999998454
2204.59599999998453
2221.38799999998268
2222.31499999998258
2223.80499999998242
2224.67899999998232
2231.49099999998157
2232.22599999998149
2234.56599999998123
2234.8819999999812
2238.40999999998081
2242.81699999998032
2243.60699999998023
2244.37299999998015
2245.45299999998003
2246.00099999997997
2246.51799999997991
2247.08199999997985
2247.43599999997981
2248.08699999997974
2249.96499999997953
2250.2409999999795
2250.93399999997943
2252.57499999997925
2253.40599999997916
2275.27899999997675
2276.36199999997663
2276.95299999997656
2277.63399999997649
2278.51699999997639
2280.08299999997622
2280.57599999997616
2281.36499999997608
2281.77999999997603
2282.15899999997599
2286.91599999997546
2287.97499999997535
2288.66999999997527
2293.29099999997476
2294.04399999997468
2295.30099999997454
2295.87899999997448
2296.45599999997441
2296.85599999997437
2297.71899999997427
2298.68399999997417
2303.19499999997367
2303.75699999997361
2304.50499999997353
2306.03499999997336
2306.94899999997326
2307.76299999997317
2309.09799999997302
2309.43499999997298
2310.69899999997285
2311.47699999997276
2311.86999999997272
2313.52899999997253
2314.53999999997242
2314.87699999997238
2315.32599999997234
2315.75899999997229
2317.02199999997215
2317.72699999997207
2321.51999999997165
2322.24899999997157
2323.02299999997149
2323.52399999997143
2324.01399999997138
2324.60099999997131
2328.54999999997088
2329.21499999997081
2329.90499999997073
2330.71699999997064
2331.19599999997059
2331.66199999997054
2332.50999999997044
2333.23999999997036
2334.90599999997018
2335.56399999997011
2335.93399999997007
2337.23899999996992
2337.68599999996987
2338.40199999996979
2339.14799999996971
2340.75099999996954
2341.0689999999695
2355.64899999996789
2357.79199999996766
2360.20299999996739
2361.64899999996723
2362.8879999999671
2363.49799999996703
2365.10599999996685
2366.15799999996674
2367.59499999996658
2368.24399999996651
2368.61099999996647
2369.45799999996637
2369.89799999996633
2370.63799999996624
2370.98999999996621
2373.06299999996598
2374.40199999996583
2374.98199999996577
2375.37599999996572
2376.13399999996564
2376.67699999996558
2401.64799999996283
2401.9479999999628
2402.39299999996275
2402.96099999996268
2403.63899999996261
2404.47099999996252
2404.78099999996248
2405.5069999999624
2405.90399999996236
2406.22699999996232
2406.76499999996226
2407.29799999996221
2408.14699999996211
2408.59999999996206
2409.49999999996196
2411.67499999996172
2413.79399999996149
2415.4989999999613
2415.97299999996125
2416.70299999996117
2417.3099999999611
2417.66499999996106
2418.19799999996101
2419.01199999996092
2419.33799999996088
2420.0469999999608
2420.35999999996077
2424.80199999996028
2425.04099999996025
2427.96999999995993
2431.22099999995957
2433.95499999995927
2434.51499999995921
2435.5299999999591
2436.20799999995902
2436.91399999995894
2437.41899999995889
2438.14799999995881
2443.05599999995827
2444.88899999995807
2447.18099999995781
2447.79899999995775
2451.41299999995735
2452.26699999995725
2452.64699999995721
2454.17499999995704
2455.25599999995692
2455.93399999995685
2456.76799999995676
2457.79699999995664
2458.97799999995651
2459.58599999995645
2460.10199999995639
2463.91199999995597
2464.77099999995588
2465.4479999999558
2465.87299999995576
2466.42299999995569
2466.95799999995564
2467.72799999995555
2468.50599999995547
2469.02899999995541
2469.92899999995531
2471.89799999995509
2472.698999999955
2473.26099999995494
2474.41099999995481
2491.90599999995289
2492.80699999995279
2494.33399999995262
2499.69699999995203
2500.67199999995192
2501.98899999995178
2502.49699999995172
2503.02299999995166
2503.47599999995161
2503.95299999995156
2527.71999999994894
2528.35199999994887
2529.0479999999488
2530.33799999994866
2530.95099999994859
2532.6499999999484
2532.90099999994837
2533.42299999994832
2534.85499999994816
2535.75699999994806
2537.32099999994789
2539.82199999994761
2540.8329999999475
2541.46499999994743
2542.00499999994737
2542.41899999994732
2544.4239999999471
2550.08799999994648
2551.43799999994633
2552.6249999999462
2552.95299999994616
2555.13799999994592
2556.74399999994575
2559.17199999994548
2562.37999999994513
2564.26599999994492
2565.49599999994478
2566.18999999994471
2566.88999999994463
2567.52999999994456
2568.42199999994446
2569.16999999994438
2569.94899999994429
2570.70999999994421
2571.16099999994416
2571.88199999994408
2572.33699999994403
2655.09699999993492
2655.71199999993485
2656.74199999993473
2657.82599999993461
2660.50899999993432
2661.67499999993419
2662.58899999993409
2663.13899999993403
2664.11299999993392
2665.2039999999338
2666.30999999993368
2666.68199999993364
2667.89099999993351
2671.06699999993316
2672.56699999993299
2673.31599999993291
2673.78599999993286
2674.36899999993279
2676.36899999993257
2677.45599999993245
2677.9749999999324
2678.71399999993231
2679.18199999993226
2679.61699999993221
2680.42799999993213
2697.24999999993027
2697.67299999993023
2697.9469999999302
2698.53899999993013
2699.30499999993005
2700.20199999992995
2701.21299999992984
2701.79299999992977
2702.4809999999297
2702.69199999992967
2703.46999999992959
2704.60199999992946
2705.28499999992939
2706.51299999992925
2707.24999999992917
2707.45199999992915
2708.73399999992901
2709.52999999992892
2709.87899999992888
2710.13699999992885
2710.41999999992882
2774.84099999992173
2777.61899999992142
2781.01399999992105
2781.65199999992098
2782.04699999992093
2782.70799999992086
2783.56399999992077
2784.54799999992066
2784.90399999992062
2788.65099999992021
2789.46299999992012
2790.41499999992001
2790.93499999991995
2793.36499999991969
2796.20499999991937
2797.07299999991928
2797.91199999991919
2798.81999999991909
2799.66699999991899
2800.12799999991894
2800.97499999991885
2801.22799999991882
2805.36599999991837
2807.85599999991809
2808.52999999991802
2809.37799999991792
2810.28799999991782
2810.98499999991775
2811.52899999991769
2812.46899999991758
2813.39799999991748
2814.1729999999174
2814.57899999991735
2815.20799999991728
2815.99399999991719
2818.27599999991694
2820.87299999991666
2821.87799999991655
2822.73399999991645
2823.2109999999164
2823.61999999991636
2824.36599999991627
2824.91999999991621
2825.52399999991615
2826.62399999991602
2827.04899999991598
2827.7399999999159
2828.03899999991587
2828.30199999991584
2828.86499999991578
2829.11499999991575
2829.63999999991569
2832.2699999999154
2833.13899999991531
2833.49799999991527
2833.96599999991522
2834.31199999991518
2834.71899999991513
2835.35299999991506
2837.64999999991481
2837.92499999991478
2842.92499999991423
2843.61499999991415
2844.22399999991409
2847.7349999999137
2848.24999999991364
2848.55699999991361
2849.07499999991355
2849.44499999991351
2852.13099999991322
2853.57199999991306
2854.47699999991296
2855.18099999991288
2855.73999999991282
2858.33799999991253
2858.6549999999125
2859.28799999991243
2859.61899999991239
2860.04599999991234
2862.33899999991209
2863.120999999912
2867.21599999991155
2867.7099999999115
2868.28399999991144
2869.23299999991133
2869.65299999991129
2872.91899999991093
2873.87399999991082
2874.63599999991074
2875.20299999991067
2888.36999999990922
2888.6059999999092
2888.93599999990916
2889.28199999990912
2889.77399999990907
2898.51699999990811
2899.88999999990796
2901.66399999990776
2902.85199999990763
2904.28299999990747
2905.26499999990736
2905.8729999999073
2907.26899999990714
2908.05699999990706
2909.73899999990687
2910.64299999990677
2911.58899999990667
2911.79199999990664
2915.61899999990622
2917.687999999906
2918.69299999990588
2919.13499999990584
2919.87899999990575
2920.67299999990567
2921.57599999990557
2922.04399999990552
2922.47999999990547
2923.24999999990538
2926.43399999990503
2927.32399999990493
2927.73499999990489
2928.40899999990481
2929.15099999990473
2929.70399999990467
2930.21799999990462
2930.75499999990456
2931.15999999990451
2931.34999999990449
2934.12199999990418
2935.91399999990399
2937.94399999990376
2938.30999999990372
2938.62199999990369
2939.04599999990364
2939.37299999990361
2939.77499999990356
2940.16699999990352
2940.67299999990346
2943.50699999990315
2944.36699999990306
2944.71099999990302
2945.72499999990291
2946.21299999990285
2947.51799999990271
2947.92099999990267
2951.82799999990224
2955.96499999990178
2956.7009999999017
2957.18999999990164
2959.01599999990144
2961.42999999990118
2968.07199999990045
2968.53899999990039
2969.63399999990027
2973.11899999989989
2975.23299999989966
2977.40099999989942
2978.67999999989928
2979.23099999989922
2979.77099999989916
2980.38599999989909
2981.242999999899
2981.91999999989892
2982.49099999989886
2983.31199999989877
2984.25699999989866
2986.41899999989843
2987.5709999998983
2989.67499999989807
3025.02799999989417
3025.84099999989408
3026.65799999989399
3027.94399999989385
3028.4249999998938
3041.18399999989239
3042.0039999998923
3042.37599999989226
3043.33299999989216
3044.22199999989206
3046.20999999989184
3047.09799999989174
3047.40599999989171
3048.83799999989155
3049.85799999989144
3050.58699999989136
3051.01899999989131
3051.66199999989124
3052.46299999989115
3054.26099999989095
3056.36499999989072
3059.54899999989037
3061.9849999998901
3074.34199999988874
3081.9839999998879
3085.35699999988753
3086.39699999988741
3098.65899999988606
3099.15599999988601
3099.63499999988596
3100.66199999988584
3101.24599999988578
3102.48499999988564
3106.61799999988519
3106.70999999988518
3109.36999999988488
3111.0889999998847
3115.82699999988417
3123.36699999988334
3124.6169999998832
3131.43599999988245
3132.40299999988235
3139.10799999988161
3238.57699999987065
3239.88499999987051
3240.82799999987041
3241.46499999987034
3241.84999999987029
3242.42299999987023
3243.27499999987014
3243.80299999987008
3280.43199999986604
3281.22799999986596
3282.07199999986586
3282.29799999986584
3283.20599999986574
3283.69699999986568
3293.01699999986466
3293.88999999986456
3294.92299999986445
3295.27399999986441
3296.60999999986426
3299.07899999986399
3299.66999999986393
3300.30799999986386
3300.89699999986379
3301.79299999986369
3306.31399999986319
3307.54999999986306
3308.45299999986296
3309.60599999986283
3320.56999999986162
3320.66899999986161
3322.84799999986137
3323.28399999986132
3327.02999999986091
3327.54599999986086
3327.85999999986082
3328.24199999986078
3328.66399999986073
3329.30599999986066
3339.23199999985957
3340.07999999985948
3340.86999999985939
3341.18599999985935
3341.6259999998593
3342.12799999985925
3342.6199999998592
3345.35199999985889
3346.05899999985882
3346.74099999985874
3348.62899999985853
3350.65599999985831
3351.04899999985827
3351.60099999985821
3356.35499999985768
3357.21199999985759
3357.9749999998575
3359.45399999985734
3360.05699999985728
3360.7699999998572
3363.63699999985688
3364.08399999985683
3370.60799999985611
3371.35499999985603
3371.98899999985596
3372.42899999985591
3372.82299999985587
3390.25899999985395
3390.53599999985392
3390.92299999985388
3392.37099999985372
3392.75299999985367
3393.32399999985361
3393.89499999985355
3394.28199999985351
3394.59799999985347
3395.03999999985342
3395.58599999985336
3396.01299999985332
3397.0979999998532
3421.25999999985053
3422.26499999985042
3423.48299999985029
3442.98399999984814
3444.77199999984794
3446.15499999984779
3447.09799999984769
3447.26599999984767
3448.03899999984759
3448.96599999984748
3449.56799999984742
3450.05299999984736
3450.41599999984732
3453.02599999984704
3453.89699999984694
3454.66399999984686
3455.00499999984682
3461.73499999984608
3462.86099999984595
3463.3559999998459
3464.47499999984578
3469.64099999984521
3470.76299999984508
3471.485999999845
3475.88799999984452
3479.30999999984414
3487.38299999984325
3488.19199999984316
3489.15299999984306
3489.83199999984298
3501.07899999984174
3502.12099999984163
3502.88999999984154
3512.00499999984054
3513.08099999984042
3518.33999999983984
3519.10299999983976
3519.47799999983972
3520.03699999983966
3520.49499999983961
3521.22299999983953
3521.4319999998395
3522.06099999983943
3522.56699999983938
3523.58699999983926
3524.61199999983915
3525.0919999998391
3525.59699999983904
3526.38699999983896
3528.47499999983873
3536.9299999998378
3537.7929999998377
3540.76899999983737
3541.68499999983727
3542.24599999983721
3544.03799999983701
3545.22699999983688
3546.76199999983671
3550.91999999983625
3552.08799999983613
3552.92999999983603
3555.32799999983577
3555.39299999983576
3555.9699999998357
3556.77899999983561
3558.7189999998354
3603.86099999983042
3611.57199999982957
3613.36399999982938
3613.88099999982932
3614.74599999982922
3615.48099999982914
3623.1139999998283
3623.63099999982825
3625.831999999828
3626.48299999982793
3627.56299999982781
3628.04299999982776
3628.98599999982766
3629.98899999982755
3632.27999999982729
3633.36499999982717
3637.56999999982671
3639.12399999982654
3641.35799999982629
3644.009999999826
3673.62399999982274
3674.64899999982263
3675.41099999982254
3676.11699999982247
3676.66699999982241
3676.89199999982238
3679.20399999982213
3679.92799999982205
3681.66599999982186
3682.90699999982172
3683.75999999982162
3684.42199999982155
3684.75699999982151
3686.32699999982134
3687.12499999982125
3689.29699999982101
3689.66899999982097
3691.12799999982081
3692.00199999982072
3698.89099999981996
3717.45199999981791
3720.03199999981763
3721.08499999981751
3722.9819999998173
3724.33499999981716
3725.10799999981707
3726.50099999981692
3748.53499999981449
3749.07199999981443
3749.69499999981436
3750.58299999981426
3751.37299999981418
3751.82199999981413
3752.29799999981408
3753.31199999981396
3753.99199999981389
3754.26699999981386
3816.96699999980695
3817.90999999980685
3818.82599999980675
3819.42599999980668
3821.21599999980649
3825.38699999980603
3826.62199999980589
3830.1219999998055
3831.0819999998054
3831.69199999980533
3833.09099999980518
3841.13899999980429
3842.28499999980417
3842.8889999998041
3843.25699999980406
3843.90299999980399
3844.47699999980392
3845.22499999980384
3845.96699999980376
3846.5549999998037
3847.06699999980364
3847.60299999980358
3848.15599999980352
3852.16099999980308
3853.62499999980292
3854.46099999980282
3854.78799999980279
3855.53099999980271
3855.99399999980266
3858.76999999980235
3887.95799999979914
3888.50299999979908
3889.04099999979902
3889.38999999979898
3898.13799999979801
3899.03199999979792
3899.41599999979787
3900.16099999979779
3900.69299999979773
3901.9309999997976
3902.88899999979749
3903.62099999979741
3904.19499999979735
3905.89199999979716
3906.38399999979711
3907.21899999979701
3910.12399999979669
3911.05899999979659
3912.24399999979646
3950.98999999979219
3951.47199999979214
3952.49599999979203
3953.39899999979193
3953.85599999979188
3954.62799999979179
3956.00299999979164
3957.59599999979147
3959.39799999979127
3960.9019999997911
3964.09599999979075
3966.11899999979053
3967.2829999997904
3968.73599999979024
3969.64199999979014
3970.0019999997901
3974.22099999978963
3974.62999999978959
3977.11699999978932
3981.14199999978887
3981.56599999978883
3982.65299999978871
3983.42599999978862
3984.69699999978848
4059.55899999978024
4060.42899999978014
4064.15799999977973
4064.70099999977967
4065.46999999977958
4067.23099999977939
4067.92999999977931
4091.6529999997767
4092.39899999977662
4092.79899999977658
4093.35399999977651
4094.23899999977642
4095.11599999977632
4095.57199999977627
4096.25399999977619
4097.25699999977608
4098.81299999977591
4114.98799999977413
4115.76899999977405
4116.45599999977397
4117.27999999977388
4118.07199999977379
4119.36699999977365
4120.7169999997735
4123.58799999977318
4124.3249999997731
4124.71399999977306
4130.35899999977244
4131.24099999977234
4131.86299999977227
4132.85799999977216
4133.70999999977207
4134.55599999977198
4134.77599999977195
4135.40499999977188
4136.73499999977174
4137.47399999977165
4137.84099999977161
4138.82399999977151
4143.15799999977103
4144.06799999977093
4145.78099999977074
4146.59499999977065
4147.36799999977057
4148.17899999977048
4148.56999999977043
4150.12699999977026
4151.19499999977014
4152.90499999976996
4153.34199999976991
4153.96899999976984
4155.1869999997697
4157.72799999976942
4158.78199999976931
4159.12899999976927
4159.87299999976919
4167.0659999997684
4167.78499999976832
4169.7199999997681
4170.11499999976806
4171.33299999976793
4171.78099999976788
4172.32999999976782
4173.20899999976772
4173.72999999976766
4175.02899999976752
4175.37399999976748
4175.79499999976743
4176.36399999976737
4176.73599999976733
4178.67399999976712
4179.38599999976704
4182.38199999976671
4186.19399999976629
4186.39599999976627
4187.26599999976617
4188.21199999976607
4189.6919999997659
4191.79599999976567
4193.3579999997655
4196.31899999976517
4198.01199999976499
4198.64699999976492
4199.7049999997648
4200.04999999976476
4200.90099999976467
4201.72899999976458
4202.23599999976452
4203.47799999976439
4205.43399999976417
4205.98399999976411
4206.84099999976402
4241.22799999976023
4242.01299999976014
4243.20199999976001
4276.71099999975632
4277.57499999975622
4278.53799999975612
4279.83599999975598
4282.50099999975568
4290.35599999975482
4290.97799999975475
4291.87099999975465
4292.2829999997546
4294.91499999975432
4295.57599999975424
4296.0049999997542
4296.43199999975415
4297.84999999975399
4299.94299999975376
4302.3499999997535
4303.30899999975339
4305.41799999975316
4306.25499999975307
4309.72799999975268
4310.64599999975258
4311.19899999975252
4312.3009999997524
4315.904999999752
4321.69499999975137
4322.55099999975127
4324.18599999975109
4330.41599999975041
4446.23399999973765
4447.04199999973756
4448.13599999973744
4472.87899999973472
4474.16499999973457
4476.55699999973431
4479.64999999973397
4486.02799999973327
4490.60899999973276
4500.30899999973169
4502.0729999997315
4522.21599999972928
4523.13699999972918
4532.83599999972811
4533.75299999972801
4540.1659999997273
4542.20299999972708
4542.67499999972703
4543.47999999972694
4544.33799999972684
4544.99199999972677
4556.08799999972555
4557.27399999972542
4557.83799999972536
4558.77199999972526
4559.2449999997252
4559.89099999972513
4561.65299999972494
4563.42099999972474
4568.02099999972424
4569.16199999972411
4572.65199999972373
4573.92699999972359
4575.32099999972343
4581.36799999972277
4582.05699999972269
4582.73099999972262
4583.60399999972252
4584.81299999972239
4585.50799999972231
4586.65199999972219
4588.371999999722
4589.2319999997219
4592.51099999972154
4596.04199999972115
4597.24399999972102
4598.11299999972092
4598.77799999972085
4599.05599999972082
4600.1249999997207
4602.05499999972049
4602.92499999972039
4603.44899999972034
4604.28599999972024
4604.54699999972021
4604.95699999972017
4605.46099999972011
4606.16199999972004
4606.92999999971995
4610.90799999971951
4612.63699999971932
4613.7969999997192
4615.23999999971904
4617.09799999971883
4618.72299999971865
4628.67299999971756
4629.13099999971751
4629.42399999971747
4629.54299999971746
4630.1229999997174
4630.89699999971731
4631.35299999971726
4632.13599999971718
4632.89999999971709
4633.58499999971702
4634.01799999971697
4634.6699999997169
4635.38999999971682
4635.79299999971677
4636.28499999971672
4638.01299999971653
4640.31899999971627
4641.18599999971618
4649.29099999971529
4652.03599999971498
4678.58799999971206
4682.36799999971164
4688.233999999711
4693.6449999997104
4696.09099999971013
4697.23599999971001
4697.71699999970995
4699.16199999970979
4705.04399999970915
4708.69899999970874
4721.7809999997073
4739.34799999970537
4950.18399999968215
4953.76199999968175
4955.24499999968159
4957.35299999968136
4958.20399999968126
4959.77899999968109
4960.28199999968104
4963.73999999968065
4965.02099999968051
4968.57799999968012
4970.02399999967996
4997.8659999996769
4999.44899999967672
5004.06099999967621
37
-1
43.7529999999999972
53.9290000000000062
76.3830000000000262
117.9120000000000631
172.859000000000112
215.41500000000015
237.89200000000017
352.629000000000272
378.053000000000294
424.482000000000335
470.909000000000377
513.610000000000414
625.355000000000514
693.659000000000574
778.066000000000649
866.727000000000728
951.286000000000803
1034.08600000000088
1117.37400000000095
1240.20200000000106
1304.88600000000112
1402.7400000000012
1483.22500000000128
1610.96100000000139
1747.82200000000151
1950.78700000000169
2071.91699999999914
2204.32099999998456
2341.0699999999695
2474.41199999995481
2709.87999999992888
2889.28299999990912
3061.9859999998901
3422.26599999985042
3698.89199999981996
4097.25799999977608
4448.13699999973744
0
0
5000
0
0
0
0
7200
0
0
0
0
0
38
0
6248.23799999953919
1800.00000000000156
1800
0
112
0
1
4
7
10
13
16
19
22
25
28
31
34
37
40
43
46
49
52
55
58
61
64
67
70
73
76
79
82
85
88
91
94
97
100
103
106
109
112
115
118
121
124
127
130
133
136
139
142
145
148
151
154
157
160
163
166
169
172
175
178
181
184
187
190
193
196
199
202
205
208
211
214
217
220
223
226
229
232
235
238
241
244
247
250
253
256
259
262
265
268
271
274
277
280
283
286
289
292
295
298
301
304
307
310
313
316
319
322
325
328
331
334
337
340
343
346
349
352
355
358
361
364
367
370
373
376
379
382
385
388
391
394
397
400
403
406
409
412
415
418
421
424
427
430
433
436
439
442
445
448
451
454
457
460
463
466
469
472
475
478
481
484
487
490
493
496
499
502
505
508
511
514
517
520
523
526
529
532
535
538
541
544
547
550
