11
28
19
11
28
19
cPPR1.15
PR3_day4
0
1
13
03
23
13
57
04
23
3
.3
1
1767
1
35
1
1
1
1
1
1
1
1
1
1
1
1
1
1
1
1
1
1
1
1
1
184
1766
-1
2.70100000000000004
13.45600000000000027
13.54800000000000027
14.7840000000000003
14.9860000000000003
15.30700000000000031
32.6379999999999873
32.8599999999999875
34.8179999999999893
34.9269999999999894
35.1029999999999895
35.3329999999999897
36.1889999999999905
40.4119999999999942
40.7199999999999945
42.1449999999999958
42.6769999999999963
42.8989999999999965
43.1329999999999967
43.3599999999999969
43.5729999999999971
43.7919999999999972
44.2889999999999977
44.5269999999999979
44.7579999999999981
44.9189999999999982
54.0320000000000063
54.2330000000000065
54.4350000000000067
54.8790000000000071
55.1850000000000074
55.4740000000000076
55.6390000000000078
55.7720000000000079
55.9720000000000081
56.1700000000000082
56.3720000000000084
57.7750000000000097
58.0440000000000099
58.19600000000001
69.5920000000000202
69.7330000000000203
70.0380000000000206
70.1990000000000207
70.3680000000000209
70.499000000000021
70.6390000000000211
70.8120000000000212
71.3740000000000217
71.5590000000000219
72.6240000000000229
72.8700000000000231
73.0180000000000232
73.2030000000000234
73.3670000000000235
73.6410000000000238
77.0350000000000268
77.4360000000000271
77.7160000000000274
78.5720000000000281
78.8740000000000284
79.1500000000000286
79.3510000000000288
79.552000000000029
80.62900000000003
81.0490000000000303
81.5550000000000308
81.8930000000000311
82.0880000000000313
82.2980000000000314
82.5060000000000316
82.7960000000000319
83.0160000000000321
83.7010000000000327
83.8430000000000328
84.037000000000033
84.9480000000000338
85.7390000000000345
85.9870000000000347
86.1140000000000348
86.5620000000000352
96.6350000000000442
98.2150000000000456
98.3820000000000457
98.5380000000000459
98.692000000000046
98.9960000000000463
99.1150000000000464
99.1910000000000464
99.3870000000000466
99.5530000000000468
99.7070000000000469
99.9560000000000471
100.3800000000000475
100.7270000000000478
100.890000000000048
101.0510000000000481
102.2200000000000491
102.4180000000000493
103.2580000000000501
103.4680000000000502
103.6270000000000504
103.8110000000000506
103.9610000000000507
108.804000000000055
108.9940000000000552
109.2970000000000554
109.909000000000056
110.3240000000000563
111.061000000000057
111.2430000000000572
111.3690000000000573
111.6010000000000575
111.7680000000000576
112.151000000000058
112.9800000000000587
113.2060000000000589
113.380000000000059
114.49100000000006
114.6750000000000602
114.8100000000000603
114.9840000000000605
115.1440000000000606
115.2990000000000608
115.7730000000000612
115.9400000000000613
116.3160000000000617
116.4730000000000618
122.4170000000000671
122.5110000000000672
122.8300000000000674
125.8840000000000702
126.2490000000000705
127.6830000000000718
128.225000000000072
128.346000000000072
128.488000000000072
129.131000000000073
129.867000000000074
130.301000000000074
131.323000000000075
131.529000000000075
131.663000000000075
131.824000000000075
131.992000000000076
132.191000000000076
133.432000000000077
133.600000000000077
133.928000000000077
134.118000000000077
134.765000000000078
134.896000000000078
135.141000000000078
135.442000000000079
135.794000000000079
135.961000000000079
136.130000000000079
137.22500000000008
137.622000000000081
137.794000000000081
138.169000000000081
138.489000000000081
144.595000000000087
144.794000000000087
145.144000000000087
145.333000000000087
146.712000000000089
147.002000000000089
147.147000000000089
147.308000000000089
147.609000000000089
147.78000000000009
155.241000000000096
155.413000000000096
155.597000000000097
155.826000000000097
155.980000000000097
156.167000000000097
156.312000000000097
156.787000000000098
157.190000000000098
157.547000000000098
157.711000000000098
157.821000000000099
157.940000000000099
158.091000000000099
158.248000000000099
158.378000000000099
158.491000000000099
158.676000000000099
159.9050000000001
160.474000000000101
160.683000000000101
160.815000000000101
171.452000000000111
172.992000000000112
173.163000000000112
173.311000000000112
173.442000000000112
173.554000000000112
174.794000000000114
175.620000000000114
175.832000000000115
175.995000000000115
176.178000000000115
176.384000000000115
177.335000000000116
178.683000000000117
178.934000000000117
179.177000000000117
180.279000000000118
180.669000000000119
180.862000000000119
181.010000000000119
181.179000000000119
181.389000000000119
181.56200000000012
181.80800000000012
181.96500000000012
182.24000000000012
182.49100000000012
183.657000000000121
184.101000000000122
184.368000000000122
184.724000000000122
185.050000000000123
185.143000000000123
185.276000000000123
185.500000000000123
190.358000000000127
190.823000000000128
191.657000000000129
192.018000000000129
192.295000000000129
192.539000000000129
192.70900000000013
192.88500000000013
193.06300000000013
193.29700000000013
193.44600000000013
193.64300000000013
193.80600000000013
194.168000000000131
194.382000000000131
194.647000000000131
194.932000000000131
195.879000000000132
196.144000000000133
196.612000000000133
196.773000000000133
196.918000000000133
197.073000000000133
197.421000000000134
197.570000000000134
197.737000000000134
197.871000000000134
198.133000000000134
200.464000000000136
200.714000000000137
201.460000000000137
201.653000000000137
201.970000000000138
202.334000000000138
202.475000000000138
203.006000000000139
203.802000000000139
204.04800000000014
204.99800000000014
205.135000000000141
205.320000000000141
205.477000000000141
205.634000000000141
205.885000000000141
206.044000000000141
206.508000000000142
225.362000000000158
225.607000000000159
226.270000000000159
226.47200000000016
226.65800000000016
227.618000000000161
228.006000000000161
228.167000000000161
228.381000000000161
228.626000000000161
228.827000000000162
228.982000000000162
229.141000000000162
229.309000000000162
229.896000000000163
231.083000000000164
231.807000000000164
231.992000000000164
232.526000000000165
232.663000000000165
232.787000000000165
234.741000000000167
235.839000000000168
235.978000000000168
236.185000000000168
236.550000000000168
236.669000000000169
236.791000000000169
238.18700000000017
238.55900000000017
238.74000000000017
238.85800000000017
238.972000000000171
239.259000000000171
239.663000000000171
239.832000000000171
240.128000000000172
240.317000000000172
240.712000000000172
240.957000000000172
254.624000000000184
255.183000000000185
255.589000000000185
255.722000000000185
256.054000000000186
257.354000000000187
257.723000000000187
258.359000000000188
258.935000000000188
259.081000000000188
259.248000000000189
259.426000000000189
259.683000000000189
259.816000000000189
260.153000000000189
260.65100000000019
261.04700000000019
261.33500000000019
261.651000000000191
261.982000000000191
262.223000000000191
262.795000000000192
263.062000000000192
263.934000000000193
264.150000000000193
264.433000000000193
264.541000000000193
264.766000000000193
264.936000000000194
265.176000000000194
265.363000000000194
265.644000000000194
265.776000000000194
265.891000000000194
266.088000000000195
266.218000000000195
266.410000000000195
266.596000000000195
266.780000000000195
267.081000000000196
267.241000000000196
267.482000000000196
267.662000000000196
271.6650000000002
275.370000000000203
275.541000000000203
275.705000000000203
276.011000000000203
276.805000000000204
277.295000000000205
277.397000000000205
277.568000000000205
277.668000000000205
277.817000000000205
278.072000000000205
278.180000000000205
278.510000000000206
338.165000000000259
338.375000000000259
340.19500000000026
340.714000000000261
340.928000000000261
341.059000000000261
341.163000000000261
341.293000000000261
341.464000000000262
341.633000000000262
342.299000000000262
343.088000000000263
343.463000000000263
343.611000000000264
343.727000000000264
343.848000000000264
344.023000000000264
344.146000000000264
344.411000000000264
344.607000000000264
346.061000000000266
346.623000000000266
346.822000000000266
347.017000000000267
347.182000000000267
347.315000000000267
347.547000000000267
347.729000000000267
347.961000000000267
350.114000000000269
350.42200000000027
350.59900000000027
350.75500000000027
350.92400000000027
363.891000000000282
364.471000000000282
364.746000000000282
365.102000000000283
365.240000000000283
366.099000000000284
366.631000000000284
367.732000000000285
367.951000000000285
368.085000000000285
368.234000000000285
368.460000000000286
368.606000000000286
369.820000000000287
370.247000000000287
370.690000000000288
370.962000000000288
371.168000000000288
371.341000000000288
371.521000000000288
371.664000000000288
371.891000000000289
372.067000000000289
372.233000000000289
372.484000000000289
372.662000000000289
372.803000000000289
373.07900000000029
373.26300000000029
374.318000000000291
375.118000000000292
376.391000000000293
376.568000000000293
376.690000000000293
377.250000000000293
377.373000000000294
377.746000000000294
377.916000000000294
378.077000000000294
380.041000000000296
380.626000000000296
380.928000000000297
381.217000000000297
381.322000000000297
381.436000000000297
381.758000000000297
381.895000000000298
384.7060000000003
384.9010000000003
385.0600000000003
396.32900000000031
396.969000000000311
397.183000000000311
398.805000000000313
399.245000000000313
399.394000000000313
399.655000000000313
400.730000000000314
400.951000000000314
402.518000000000316
402.711000000000316
402.862000000000316
403.001000000000316
403.266000000000317
405.441000000000318
405.608000000000319
405.750000000000319
405.903000000000319
406.062000000000319
406.317000000000319
406.426000000000319
406.609000000000319
406.85400000000032
407.19000000000032
407.43100000000032
407.807000000000321
407.938000000000321
408.528000000000321
408.756000000000321
408.944000000000322
409.235000000000322
412.195000000000324
414.677000000000327
414.875000000000327
414.999000000000327
415.209000000000327
415.394000000000327
415.515000000000327
415.579000000000327
415.757000000000328
415.935000000000328
416.120000000000328
416.348000000000328
416.650000000000328
416.842000000000329
418.72800000000033
419.295000000000331
419.539000000000331
419.652000000000331
419.802000000000331
419.946000000000331
420.122000000000331
436.255000000000346
436.533000000000346
438.622000000000348
439.078000000000348
439.260000000000348
440.55000000000035
441.26300000000035
441.53700000000035
441.667000000000351
441.786000000000351
442.190000000000351
442.466000000000351
442.983000000000352
443.475000000000352
443.800000000000352
444.113000000000353
444.223000000000353
444.381000000000353
444.659000000000353
444.780000000000353
444.949000000000354
445.190000000000354
445.378000000000354
446.059000000000355
446.361000000000355
446.564000000000355
448.135000000000356
448.402000000000357
448.588000000000357
448.744000000000357
448.918000000000357
449.133000000000357
449.318000000000357
449.502000000000358
450.156000000000358
451.121000000000359
451.98000000000036
452.27500000000036
452.78200000000036
453.030000000000361
453.476000000000361
454.474000000000362
454.865000000000362
455.108000000000363
455.283000000000363
455.399000000000363
455.486000000000363
455.651000000000363
455.945000000000363
456.077000000000363
456.456000000000364
456.591000000000364
456.768000000000364
457.054000000000364
457.138000000000364
457.411000000000365
474.83900000000038
474.96400000000038
475.11400000000038
475.410000000000381
475.593000000000381
475.777000000000381
476.451000000000382
476.621000000000382
476.811000000000382
477.271000000000382
477.863000000000383
477.988000000000383
478.179000000000383
478.357000000000383
478.538000000000383
478.699000000000384
478.982000000000384
479.732000000000384
479.906000000000385
480.112000000000385
480.696000000000385
481.054000000000386
481.328000000000386
481.473000000000386
481.600000000000386
481.858000000000386
482.010000000000386
482.167000000000387
482.438000000000387
483.076000000000387
483.785000000000388
484.029000000000388
485.379000000000389
485.52000000000039
485.70800000000039
485.99600000000039
487.675000000000391
487.811000000000392
487.969000000000392
488.199000000000392
488.332000000000392
488.510000000000392
488.736000000000392
488.912000000000393
489.170000000000393
489.364000000000393
489.695000000000393
489.894000000000393
490.241000000000394
493.349000000000396
494.324000000000397
494.880000000000398
495.162000000000398
495.281000000000398
495.476000000000398
495.653000000000399
495.989000000000399
496.232000000000399
496.522000000000399
497.0370000000004
501.422000000000404
501.962000000000404
502.894000000000405
503.711000000000406
503.869000000000406
504.765000000000407
505.420000000000407
506.407000000000408
506.698000000000408
506.845000000000409
507.493000000000409
508.12600000000041
510.607000000000412
510.944000000000412
511.211000000000412
511.472000000000413
511.613000000000413
512.348000000000413
512.470000000000413
512.759000000000414
512.885000000000414
513.073000000000414
513.283000000000414
513.697000000000415
513.952000000000415
514.813000000000416
515.497000000000416
516.628000000000417
516.996000000000418
517.164000000000418
517.509000000000418
518.011000000000418
518.585000000000419
518.782000000000419
520.840000000000421
521.043000000000421
521.192000000000421
521.345000000000421
521.505000000000422
521.745000000000422
521.927000000000422
522.299000000000422
524.433000000000424
524.943000000000425
525.047000000000425
525.190000000000425
525.434000000000425
525.607000000000425
525.724000000000425
525.866000000000425
526.819000000000426
528.815000000000428
529.271000000000428
529.473000000000429
529.628000000000429
529.806000000000429
529.944000000000429
530.229000000000429
530.395000000000429
531.14400000000043
531.701000000000431
532.025000000000431
579.125000000000473
579.501000000000473
579.830000000000473
580.050000000000474
580.229000000000474
580.533000000000474
580.869000000000474
581.794000000000475
582.138000000000475
582.460000000000476
584.520000000000478
584.904000000000478
585.496000000000478
585.950000000000479
586.090000000000479
586.258000000000479
586.470000000000479
586.579000000000479
586.666000000000479
586.87500000000048
587.14900000000048
587.35200000000048
587.62200000000048
587.81200000000048
587.95800000000048
588.372000000000481
588.461000000000481
590.888000000000483
591.047000000000483
591.214000000000483
591.423000000000484
591.556000000000484
591.801000000000484
591.954000000000484
592.096000000000484
592.453000000000485
592.631000000000485
592.813000000000485
592.992000000000485
593.175000000000485
593.335000000000485
593.738000000000486
594.937000000000487
595.106000000000487
595.276000000000487
596.223000000000488
596.374000000000488
596.543000000000488
596.710000000000488
596.935000000000488
597.146000000000489
597.293000000000489
597.392000000000489
597.607000000000489
597.925000000000489
598.09200000000049
598.45600000000049
599.14300000000049
599.433000000000491
599.606000000000491
599.777000000000491
599.971000000000491
600.234000000000491
600.418000000000492
608.583000000000499
610.0390000000005
612.767000000000503
612.993000000000503
613.379000000000503
613.566000000000503
613.869000000000504
614.020000000000504
615.452000000000505
615.708000000000505
616.011000000000505
616.196000000000506
616.332000000000506
616.637000000000506
616.778000000000506
616.971000000000506
617.110000000000506
617.301000000000507
617.678000000000507
617.956000000000507
619.553000000000509
623.093000000000512
623.289000000000512
623.442000000000512
623.603000000000512
623.767000000000512
623.887000000000512
623.995000000000513
624.181000000000513
624.384000000000513
624.734000000000513
624.907000000000513
626.226000000000514
626.486000000000515
626.873000000000515
627.012000000000515
627.220000000000515
627.738000000000516
627.924000000000516
628.415000000000516
628.570000000000517
628.753000000000517
628.949000000000517
629.182000000000517
631.225000000000519
631.97400000000052
632.20300000000052
632.39600000000052
632.66200000000052
633.630000000000521
633.902000000000521
634.122000000000522
634.321000000000522
635.317000000000523
635.631000000000523
635.797000000000523
636.101000000000523
636.619000000000524
637.252000000000524
638.186000000000525
638.442000000000525
638.589000000000526
638.754000000000526
638.961000000000526
639.143000000000526
639.362000000000526
639.590000000000526
639.970000000000527
646.149000000000532
647.829000000000534
648.377000000000534
649.822000000000536
650.263000000000536
650.428000000000536
650.777000000000536
650.954000000000536
652.111000000000538
652.320000000000538
652.530000000000538
652.728000000000538
655.11100000000054
655.42900000000054
655.571000000000541
655.955000000000541
656.073000000000541
656.211000000000541
656.661000000000542
656.823000000000542
657.012000000000542
658.078000000000543
658.591000000000543
658.834000000000543
658.944000000000544
659.136000000000544
659.398000000000544
659.604000000000544
660.040000000000545
660.496000000000545
660.650000000000545
660.839000000000545
661.264000000000546
661.395000000000546
661.582000000000546
664.584000000000549
664.958000000000549
665.107000000000549
667.843000000000552
667.974000000000552
668.132000000000552
668.453000000000552
668.570000000000552
668.747000000000552
668.882000000000552
669.494000000000553
670.942000000000554
671.337000000000555
671.511000000000555
671.724000000000555
672.268000000000555
672.535000000000556
673.056000000000556
673.229000000000556
673.843000000000557
673.995000000000557
674.176000000000557
674.397000000000557
675.451000000000558
675.683000000000558
676.322000000000559
676.497000000000559
676.655000000000559
677.34400000000056
677.63600000000056
678.141000000000561
678.402000000000561
679.057000000000561
694.925000000000576
696.340000000000577
708.101000000000587
708.744000000000588
709.091000000000588
709.234000000000588
709.895000000000589
710.055000000000589
710.258000000000589
712.764000000000591
714.159000000000593
715.486000000000594
717.291000000000595
717.440000000000596
717.588000000000596
717.785000000000596
718.025000000000596
718.467000000000596
718.875000000000597
720.512000000000598
720.765000000000598
721.9830000000006
722.5290000000006
722.8470000000006
723.0850000000006
723.261000000000601
723.418000000000601
723.716000000000601
723.959000000000601
724.143000000000602
724.301000000000602
724.515000000000602
725.344000000000603
725.523000000000603
725.740000000000603
725.983000000000603
726.148000000000603
726.322000000000603
726.475000000000604
726.914000000000604
727.381000000000604
728.490000000000605
728.759000000000606
728.940000000000606
729.109000000000606
731.447000000000608
731.835000000000608
732.178000000000609
733.34900000000061
733.76600000000061
736.262000000000612
736.527000000000612
736.669000000000613
736.946000000000613
737.100000000000613
737.423000000000613
737.822000000000614
739.413000000000615
739.686000000000615
740.219000000000616
740.504000000000616
740.687000000000616
741.070000000000616
741.290000000000617
743.487000000000619
743.696000000000619
743.943000000000619
744.118000000000619
744.296000000000619
744.44000000000062
744.71900000000062
744.84600000000062
744.99300000000062
745.630000000000621
745.765000000000621
746.176000000000621
753.672000000000628
754.910000000000629
755.88600000000063
756.79200000000063
758.182000000000632
758.601000000000632
758.768000000000632
758.945000000000632
759.417000000000633
759.529000000000633
759.786000000000633
760.360000000000634
760.476000000000634
760.583000000000634
760.794000000000634
760.957000000000634
761.092000000000634
761.446000000000635
761.735000000000635
762.075000000000635
762.193000000000635
762.360000000000635
762.526000000000636
763.571000000000636
765.529000000000638
765.755000000000638
765.888000000000639
766.068000000000639
766.299000000000639
768.738000000000641
768.988000000000641
769.141000000000641
769.280000000000642
769.426000000000642
769.587000000000642
769.741000000000642
769.904000000000642
770.077000000000642
770.268000000000642
770.489000000000643
770.880000000000643
772.355000000000644
772.557000000000644
772.715000000000645
772.861000000000645
773.052000000000645
773.245000000000645
773.392000000000645
773.827000000000646
774.086000000000646
774.391000000000646
774.705000000000646
774.883000000000646
775.078000000000647
775.249000000000647
775.552000000000647
776.874000000000648
780.605000000000652
780.796000000000652
780.990000000000652
781.118000000000652
781.283000000000652
781.418000000000652
781.682000000000653
781.854000000000653
782.183000000000653
782.417000000000653
782.622000000000653
783.314000000000654
783.751000000000654
785.220000000000656
785.677000000000656
786.018000000000656
786.153000000000657
787.257000000000658
787.768000000000658
828.365000000000694
828.520000000000694
828.842000000000694
828.957000000000695
829.403000000000695
829.618000000000695
830.688000000000696
830.948000000000696
831.258000000000697
831.429000000000697
831.755000000000697
831.927000000000697
832.062000000000697
832.828000000000698
833.159000000000698
833.598000000000699
833.713000000000699
833.875000000000699
834.183000000000699
834.414000000000699
834.5840000000007
834.7830000000007
835.0180000000007
835.692000000000701
837.671000000000702
837.965000000000703
838.323000000000703
838.444000000000703
839.555000000000704
840.061000000000704
840.468000000000705
840.693000000000705
840.808000000000705
840.914000000000705
841.307000000000706
841.426000000000706
841.748000000000706
842.303000000000706
842.931000000000707
843.218000000000707
843.348000000000707
843.654000000000708
844.749000000000709
845.85000000000071
846.27500000000071
846.72300000000071
847.137000000000711
847.261000000000711
847.504000000000711
847.677000000000711
847.842000000000711
848.130000000000712
849.030000000000712
850.290000000000714
853.006000000000716
853.224000000000716
853.364000000000716
853.506000000000716
853.601000000000716
853.728000000000717
853.880000000000717
854.051000000000717
854.313000000000717
854.514000000000717
854.813000000000718
855.039000000000718
855.196000000000718
855.337000000000718
855.696000000000718
857.31500000000072
857.50800000000072
857.92200000000072
859.416000000000722
859.935000000000722
860.743000000000723
860.999000000000723
861.166000000000723
861.391000000000723
861.655000000000724
862.032000000000724
872.094000000000733
872.869000000000734
873.018000000000734
873.403000000000734
874.439000000000735
874.557000000000735
875.141000000000736
875.694000000000736
875.821000000000736
876.164000000000736
876.665000000000737
876.775000000000737
876.925000000000737
877.068000000000737
877.219000000000737
877.393000000000738
877.615000000000738
878.091000000000738
878.264000000000738
878.446000000000738
878.982000000000739
880.881000000000741
881.213000000000741
881.357000000000741
881.509000000000741
881.686000000000741
881.862000000000742
882.398000000000742
883.691000000000743
883.839000000000743
883.990000000000744
884.126000000000744
884.358000000000744
884.570000000000744
884.789000000000744
885.096000000000744
885.281000000000745
885.379000000000745
885.619000000000745
885.873000000000745
886.477000000000746
887.057000000000746
887.911000000000747
888.605000000000748
889.394000000000748
889.584000000000748
889.738000000000749
889.872000000000749
890.052000000000749
890.238000000000749
890.448000000000749
890.577000000000749
890.693000000000749
890.90700000000075
897.839000000000756
897.962000000000756
898.612000000000756
898.763000000000757
898.950000000000757
899.133000000000757
899.483000000000757
902.12700000000076
902.23800000000076
902.41100000000076
902.53500000000076
903.609000000000761
904.801000000000762
904.990000000000762
905.320000000000762
905.530000000000763
905.703000000000763
905.920000000000763
906.030000000000763
906.191000000000763
906.427000000000763
906.616000000000764
906.792000000000764
906.972000000000764
907.274000000000764
907.544000000000764
907.721000000000764
907.950000000000765
910.584000000000767
910.786000000000767
911.797000000000768
911.935000000000768
912.207000000000769
912.454000000000769
912.636000000000769
912.918000000000769
913.54100000000077
913.78400000000077
914.24500000000077
914.44600000000077
914.775000000000771
914.973000000000771
915.204000000000771
915.524000000000772
916.459000000000772
918.055000000000774
918.223000000000774
918.582000000000774
918.741000000000774
918.862000000000774
919.004000000000774
919.219000000000775
919.402000000000775
919.776000000000775
920.045000000000776
922.373000000000778
922.555000000000778
922.720000000000778
922.881000000000778
923.071000000000778
923.252000000000778
923.443000000000778
923.657000000000779
923.953000000000779
924.170000000000779
924.456000000000779
924.86800000000078
925.803000000000781
927.250000000000782
927.462000000000782
927.902000000000782
928.073000000000783
928.331000000000783
928.540000000000783
928.810000000000783
929.016000000000783
929.260000000000784
929.472000000000784
929.762000000000784
929.973000000000784
932.447000000000786
933.063000000000787
933.215000000000787
933.428000000000787
933.594000000000787
933.747000000000788
933.974000000000788
934.169000000000788
934.324000000000788
934.579000000000788
935.227000000000789
935.520000000000789
935.648000000000789
936.29100000000079
936.44300000000079
936.59400000000079
936.73100000000079
937.322000000000791
938.264000000000792
938.490000000000792
938.761000000000792
938.897000000000792
939.010000000000792
939.266000000000793
939.497000000000793
939.675000000000793
940.083000000000793
940.209000000000793
940.423000000000794
940.696000000000794
943.010000000000796
943.334000000000796
943.763000000000797
944.956000000000798
945.475000000000798
945.806000000000798
946.042000000000799
946.242000000000799
947.019000000000799
947.1970000000008
947.3730000000008
1001.614000000000848
1002.716000000000849
1003.91200000000085
1016.560000000000861
1016.924000000000862
1017.229000000000862
1017.384000000000862
1017.883000000000862
1020.087000000000864
1020.772000000000865
1022.992000000000867
1023.991000000000868
1024.21700000000087
1024.37700000000087
1024.62800000000087
1024.76800000000087
1024.91900000000087
1025.05000000000087
1025.17900000000087
1025.36200000000087
1025.53600000000087
1025.64600000000087
1026.30800000000087
1026.98900000000087
1027.36600000000087
1027.96400000000087
1031.30300000000087
1032.69000000000088
1033.26400000000088
1033.38400000000088
1033.55600000000088
1034.17900000000088
1034.95100000000088
1036.17400000000088
1037.40100000000088
1038.11700000000088
1038.26100000000088
1038.51600000000088
1039.07900000000088
1039.24700000000088
1039.65100000000088
1039.77900000000088
1040.55700000000088
1041.66900000000088
1041.99100000000088
1042.33000000000088
1042.77500000000088
1042.92200000000088
1043.13500000000088
1043.43700000000089
1043.64500000000089
1043.78000000000089
1044.13300000000089
1044.56900000000089
1047.08700000000089
1047.24300000000089
1047.63300000000089
1047.74000000000089
1047.90700000000089
1048.18600000000089
1048.38000000000089
1048.67300000000089
1048.83100000000089
1049.12800000000089
1049.34700000000089
1049.52900000000089
1049.70100000000089
1049.90700000000089
1050.08800000000089
1050.55600000000089
1050.71700000000089
1051.36500000000089
1051.58900000000089
1051.77000000000089
1052.07800000000089
1052.58600000000089
1052.87600000000089
1053.06600000000089
1053.38200000000089
1053.74900000000089
1053.98600000000089
1054.49200000000089
1054.7290000000009
1054.9340000000009
1055.1160000000009
1055.2460000000009
1055.3890000000009
1055.6240000000009
1055.9580000000009
1071.43400000000091
1072.20400000000091
1072.86300000000091
1074.45300000000091
1075.28000000000091
1076.44700000000091
1079.07000000000092
1082.47100000000092
1082.59100000000092
1082.74000000000092
1085.10100000000092
1085.88900000000092
1086.21500000000092
1086.78000000000092
1086.92100000000092
1087.08500000000092
1087.25900000000092
1087.45300000000092
1087.67000000000092
1087.84200000000092
1088.10500000000092
1088.27800000000092
1088.43900000000092
1088.77800000000093
1089.77300000000093
1090.42300000000093
1090.59300000000093
1091.26500000000093
1091.75200000000093
1092.18800000000093
1092.31200000000093
1092.50800000000093
1092.66600000000093
1092.76700000000093
1094.08200000000093
1094.54000000000093
1094.81900000000093
1094.99300000000093
1095.19900000000093
1095.56700000000093
1095.80100000000093
1096.06200000000093
1096.66900000000093
1096.84500000000093
1097.04600000000093
1097.27000000000093
1097.47800000000093
1097.71300000000093
1097.98100000000093
1098.21900000000093
1098.41100000000093
1099.09600000000093
1099.36900000000093
1099.53900000000093
1099.93200000000094
1100.15200000000094
1100.54200000000094
1100.71600000000094
1100.93700000000094
1101.13200000000094
1101.49800000000094
1101.76000000000094
1102.58000000000094
1103.56200000000094
1104.46900000000094
1105.21800000000094
1105.44300000000094
1106.34600000000094
1106.70600000000094
1107.42800000000094
1108.72300000000094
1108.88300000000094
1109.02500000000094
1109.38500000000094
1109.54500000000094
1109.68500000000094
1109.95700000000094
1110.50500000000094
1110.78900000000094
1111.21200000000095
1111.79400000000095
1111.93000000000095
1112.24900000000095
1112.42000000000095
1112.59900000000095
1112.90600000000095
1114.05700000000095
1114.26200000000095
1114.44100000000095
1114.69300000000095
1115.92000000000095
1131.99500000000096
1132.45700000000096
1132.93200000000096
1133.09700000000096
1134.60500000000097
1135.26600000000097
1136.02300000000097
1137.06200000000097
1137.70500000000097
1137.93600000000097
1138.06600000000097
1138.23700000000097
1138.42400000000097
1138.61600000000097
1138.98400000000097
1139.17700000000097
1142.11100000000097
1143.87900000000097
1144.52200000000097
1144.91400000000098
1145.26700000000098
1145.57300000000098
1145.79200000000098
1148.33900000000098
1148.55900000000098
1148.75500000000098
1149.23600000000098
1150.22700000000098
1151.07200000000098
1151.31700000000098
1151.45100000000098
1152.54000000000098
1154.89900000000098
1155.26700000000098
1160.20100000000099
1160.71600000000099
1160.94400000000099
1161.11200000000099
1161.27600000000099
1161.53000000000099
1161.72500000000099
1163.36600000000099
1163.86100000000099
1164.55900000000099
1164.80200000000099
1165.09000000000099
1165.28000000000099
1165.40600000000099
1165.54900000000099
1165.97400000000099
1166.15000000000099
1166.21700000000099
1166.71600000000099
1168.288000000001
1168.518000000001
1170.088000000001
1170.291000000001
1170.484000000001
1170.678000000001
1170.876000000001
1171.201000000001
1171.543000000001
1171.912000000001
1172.204000000001
1172.473000000001
1172.683000000001
1172.926000000001
1175.422000000001
1175.805000000001
1176.060000000001
1176.217000000001
1176.436000000001
1176.577000000001
1177.037000000001
1177.234000000001
1177.318000000001
1177.697000000001
1177.893000000001
1178.271000000001
1178.437000000001
1178.61300000000101
1178.86300000000101
1179.01300000000101
1179.33800000000101
1179.59200000000101
1179.77400000000101
1180.28900000000101
1180.42600000000101
1180.69900000000101
1180.88200000000101
1181.07500000000101
1181.75800000000101
1182.87500000000101
1183.62500000000101
1237.46100000000106
1239.50300000000106
1240.91200000000106
1241.41500000000106
1241.55300000000106
1241.69300000000106
1242.04500000000106
1242.46100000000106
1244.71200000000106
1244.96900000000106
1245.28700000000106
1245.41000000000106
1245.54800000000106
1246.02600000000106
1246.13700000000106
1247.08700000000107
1254.14300000000107
1254.57200000000107
1254.86500000000107
1255.00300000000107
1255.15100000000107
1256.94400000000107
1257.14500000000107
1257.40200000000108
1257.59100000000108
1257.81200000000108
1258.09500000000108
1258.24500000000108
1258.53300000000108
1258.72200000000108
1261.64700000000108
1262.00000000000108
1262.23200000000108
1262.83900000000108
1263.90000000000108
1264.24400000000108
1264.45900000000108
1264.62400000000108
1264.86500000000108
1265.26500000000108
1265.41700000000108
1265.70100000000108
1265.90900000000108
1266.24300000000108
1266.42800000000108
1266.63100000000108
1266.89000000000108
1269.36500000000109
1269.53400000000109
1269.68700000000109
1269.86900000000109
1270.04800000000109
1270.25300000000109
1270.45700000000109
1271.83400000000109
1272.05300000000109
1272.22500000000109
1272.46400000000109
1273.33000000000109
1273.60100000000109
1273.78200000000109
1274.04500000000109
1274.31000000000109
1274.47900000000109
1274.69200000000109
1274.85900000000109
1275.29700000000109
1275.87100000000109
1276.90300000000109
1277.42800000000109
1277.91900000000109
1278.34800000000109
1278.50700000000109
1278.66300000000109
1278.87200000000109
1279.04900000000109
1279.23100000000109
1279.41900000000109
1279.59900000000109
1279.8820000000011
1280.1310000000011
1281.1750000000011
1283.1830000000011
1283.4220000000011
1283.6250000000011
1283.9530000000011
1284.1250000000011
1284.3730000000011
1284.5440000000011
1284.7900000000011
1284.9990000000011
1285.1920000000011
1285.3590000000011
1285.5520000000011
1286.1610000000011
1286.4690000000011
1287.8370000000011
1289.3620000000011
1300.48900000000111
1301.73700000000111
1304.26400000000112
1306.60400000000112
1309.18500000000112
1309.76300000000112
1310.15600000000112
1312.82700000000112
1315.19100000000113
1316.01400000000113
1318.24800000000113
1319.10500000000113
1320.01300000000113
1322.14200000000113
1322.60400000000113
1323.56000000000113
1323.95400000000113
1324.20300000000113
1324.49400000000113
1326.93700000000114
1327.12000000000114
1327.44800000000114
1330.07900000000114
1330.45000000000114
1330.80500000000114
1331.21700000000114
1331.72000000000114
1331.89300000000114
1332.22400000000114
1332.41900000000114
1332.53500000000114
1332.69400000000114
1334.29400000000114
1334.75000000000114
1335.00500000000114
1335.24300000000114
1336.50300000000115
1336.73800000000115
1338.29800000000115
1338.56400000000115
1338.79100000000115
1340.57600000000115
1340.77100000000115
1340.95000000000115
1341.12600000000115
1341.53700000000115
1341.65000000000115
1341.90200000000115
1342.17200000000115
1342.65300000000115
1342.88900000000115
1343.49000000000115
1343.67700000000115
1344.05000000000115
1344.23300000000115
1344.53300000000115
1344.85400000000115
1345.22300000000115
1346.41700000000115
1347.97000000000116
1348.74000000000116
1348.87700000000116
1349.33900000000116
1349.50700000000116
1349.79700000000116
1350.70700000000116
1353.01000000000116
1354.28100000000116
1354.65700000000116
1356.89100000000116
1357.31300000000116
1357.64000000000116
1357.74700000000116
1358.04100000000116
1358.36300000000116
1358.58500000000116
1358.78600000000117
1359.34100000000117
1360.68900000000117
1362.55200000000117
1362.92700000000117
1366.92700000000117
1367.24400000000117
1367.42100000000117
1367.69100000000117
1369.32600000000117
1371.80500000000118
1372.48800000000118
1372.76000000000118
1373.93000000000118
1375.00400000000118
1375.20100000000118
1375.45800000000118
1375.66400000000118
1375.85800000000118
1376.12700000000118
1376.32500000000118
1376.52600000000118
1376.82100000000118
1377.02500000000118
1377.20200000000118
34
-1
2.70200000000000004
14.9870000000000003
36.1899999999999905
44.7589999999999981
58.0450000000000099
73.6420000000000238
85.9880000000000347
103.8120000000000506
122.5120000000000672
138.170000000000081
160.684000000000101
185.277000000000123
204.04900000000014
240.958000000000172
267.663000000000196
350.75600000000027
384.9020000000003
420.123000000000331
457.139000000000364
496.233000000000399
531.702000000000431
600.419000000000492
639.591000000000526
696.341000000000577
745.766000000000621
787.769000000000658
861.656000000000724
907.951000000000765
947.3740000000008
1055.6250000000009
1115.92100000000095
1183.62600000000101
1287.8380000000011
1377.02600000000118
0
0
5000
0
0
0
0
7200
0
0
0
0
0
35
0
3177.12699999987742
1800.00000000000156
1800
0
103
0
1
4
7
10
13
16
19
22
25
28
31
34
37
40
43
46
49
52
55
58
61
64
67
70
73
76
79
82
85
88
91
94
97
100
103
106
109
112
115
118
121
124
127
130
133
136
139
142
145
148
151
154
157
160
163
166
169
172
175
178
181
184
187
190
193
196
199
202
205
208
211
214
217
220
223
226
229
232
235
238
241
244
247
250
253
256
259
262
265
268
271
274
277
280
283
286
289
292
295
298
301
304
307
310
313
316
319
322
325
328
331
334
337
340
343
346
349
352
355
358
361
364
367
370
373
376
379
382
385
388
391
394
397
400
403
406
409
412
415
418
421
424
427
430
433
436
439
442
445
448
451
454
457
460
463
466
469
472
475
478
481
484
487
490
493
496
499
502
505
508
511
514
517
520
523
526
529
532
535
538
541
544
547
550
