12
11
19
12
11
19
cPPR1.13
PR3_day2.3
0
3
11
21
00
12
04
34
23
3
.3
1
178
1
12
1
1
1
1
1
1
1
1
1
1
1
1
1
1
1
1
1
1
1
1
1
184
177
-1
3.15200000000000005
9.26500000000000018
9.74000000000000019
29.8449999999999886
30.3629999999999882
30.4659999999999881
43.6049999999999971
44.4639999999999978
46.9620000000000001
47.2770000000000003
50.6720000000000034
51.0880000000000037
52.522000000000005
58.2390000000000101
59.9560000000000116
60.406000000000012
61.7960000000000132
62.5370000000000139
62.7360000000000141
63.750000000000015
64.3350000000000155
65.9320000000000169
66.2640000000000172
86.2300000000000349
86.8070000000000354
87.1380000000000358
87.370000000000036
87.7960000000000363
88.1360000000000366
90.9520000000000391
91.2390000000000394
91.6180000000000397
93.1770000000000411
93.4200000000000413
94.222000000000042
94.4420000000000422
101.8090000000000488
153.815000000000095
154.511000000000096
154.982000000000096
155.896000000000097
157.064000000000098
157.308000000000098
157.573000000000098
157.845000000000099
158.214000000000099
160.793000000000101
161.128000000000101
161.996000000000102
162.276000000000102
162.593000000000103
162.919000000000103
171.842000000000111
184.609000000000122
185.125000000000123
185.297000000000123
185.607000000000123
185.877000000000123
186.250000000000124
186.840000000000124
187.557000000000125
187.805000000000125
189.218000000000126
190.079000000000127
190.600000000000128
190.930000000000128
192.494000000000129
192.80400000000013
193.15300000000013
193.68300000000013
195.240000000000132
205.230000000000141
272.0300000000002
272.708000000000201
272.998000000000201
273.513000000000201
273.861000000000202
276.213000000000204
276.444000000000204
276.788000000000204
277.271000000000205
278.924000000000206
279.218000000000206
279.475000000000207
279.763000000000207
280.131000000000207
281.607000000000208
281.873000000000209
282.250000000000209
282.634000000000209
283.75600000000021
284.202000000000211
284.394000000000211
334.557000000000255
339.29200000000026
346.990000000000267
347.454000000000267
348.779000000000268
448.832000000000357
449.330000000000357
450.158000000000358
450.393000000000358
450.799000000000359
451.352000000000359
453.234000000000361
453.985000000000362
454.343000000000362
454.599000000000362
454.893000000000362
455.553000000000363
456.712000000000364
457.061000000000364
457.425000000000365
457.832000000000365
458.181000000000365
459.108000000000366
460.682000000000368
461.234000000000368
533.004000000000432
534.852000000000433
536.402000000000435
536.679000000000435
536.969000000000435
537.398000000000436
537.842000000000436
538.188000000000436
538.747000000000437
544.553000000000442
545.229000000000443
545.996000000000443
572.977000000000467
575.81500000000047
576.60400000000047
576.974000000000471
577.515000000000471
577.872000000000472
578.361000000000472
578.669000000000472
579.174000000000473
579.667000000000473
580.159000000000474
580.535000000000474
581.009000000000474
581.304000000000475
584.178000000000477
584.500000000000477
610.613000000000501
611.372000000000501
613.300000000000503
614.849000000000504
616.745000000000506
618.002000000000507
620.55300000000051
621.02400000000051
621.70900000000051
622.421000000000511
623.051000000000512
624.267000000000513
625.195000000000514
627.717000000000516
630.137000000000518
630.822000000000519
633.285000000000521
634.952000000000522
637.004000000000524
638.036000000000525
638.540000000000525
639.678000000000526
643.40300000000053
645.773000000000532
646.202000000000532
646.469000000000532
648.098000000000534
648.354000000000534
648.776000000000535
649.196000000000535
649.517000000000535
11
-1
3.15300000000000005
30.3639999999999882
52.523000000000005
66.2650000000000172
94.4430000000000422
162.920000000000103
195.241000000000132
284.395000000000211
461.235000000000368
584.501000000000477
649.518000000000535
0
0
5000
0
0
0
0
7200
0
0
0
0
0
12
0
2449.61899999995755
1800.00000000000156
1800
0
34
0
1
4
7
10
13
16
19
22
25
28
31
34
37
40
43
46
49
52
55
58
61
64
67
70
73
76
79
82
85
88
91
94
97
100
103
106
109
112
115
118
121
124
127
130
133
136
139
142
145
148
151
154
157
160
163
166
169
172
175
178
181
184
187
190
193
196
199
202
205
208
211
214
217
220
223
226
229
232
235
238
241
244
247
250
253
256
259
262
265
268
271
274
277
280
283
286
289
292
295
298
301
304
307
310
313
316
319
322
325
328
331
334
337
340
343
346
349
352
355
358
361
364
367
370
373
376
379
382
385
388
391
394
397
400
403
406
409
412
415
418
421
424
427
430
433
436
439
442
445
448
451
454
457
460
463
466
469
472
475
478
481
484
487
490
493
496
499
502
505
508
511
514
517
520
523
526
529
532
535
538
541
544
547
550
