11
20
19
11
20
19
cPPR1.10
FR5_day3
0
4
9
22
56
10
02
06
24
2
.3
1
575
1
101
1
1
1
1
1
1
1
1
1
1
1
1
1
1
1
1
1
1
1
1
1
1
574
-1
36.8369999999999911
37.4129999999999916
38.2849999999999924
38.4889999999999925
39.0679999999999931
42.9429999999999965
43.2369999999999968
46.4329999999999996
46.5599999999999997
46.921
47.5020000000000005
48.7260000000000016
125.0630000000000694
125.5530000000000699
125.9350000000000702
126.5060000000000707
126.6510000000000708
129.679000000000074
131.749000000000075
134.630000000000078
135.133000000000078
135.530000000000079
136.47500000000008
136.92500000000008
140.998000000000084
141.487000000000084
141.656000000000084
142.088000000000085
142.304000000000085
142.544000000000085
143.400000000000086
144.017000000000086
145.151000000000087
145.693000000000088
164.601000000000105
164.999000000000105
165.640000000000105
166.369000000000106
166.865000000000107
167.485000000000107
171.11300000000011
171.28900000000011
172.440000000000112
172.709000000000112
173.043000000000112
173.329000000000112
173.852000000000113
174.451000000000113
178.727000000000117
179.167000000000117
179.494000000000118
180.843000000000119
181.290000000000119
181.70000000000012
186.734000000000124
187.399000000000125
188.246000000000126
188.897000000000126
189.268000000000126
189.547000000000127
192.632000000000129
193.45000000000013
195.233000000000132
195.624000000000132
196.114000000000133
196.853000000000133
198.334000000000134
202.586000000000138
203.005000000000139
204.85900000000014
205.473000000000141
206.163000000000141
207.371000000000143
209.096000000000144
209.560000000000144
214.577000000000149
215.115000000000149
216.961000000000151
217.783000000000152
220.397000000000154
223.950000000000157
225.560000000000159
226.61900000000016
227.08800000000016
227.51300000000016
227.803000000000161
228.351000000000161
228.689000000000161
234.460000000000167
234.854000000000167
236.370000000000168
237.026000000000169
237.665000000000169
244.957000000000176
246.799000000000178
247.280000000000178
248.144000000000179
249.49400000000018
253.456000000000183
254.047000000000184
266.289000000000195
266.555000000000195
267.033000000000196
268.469000000000197
269.791000000000198
274.206000000000202
274.577000000000202
274.911000000000203
275.909000000000203
276.369000000000204
277.984000000000205
278.511000000000206
279.047000000000206
284.900000000000211
286.859000000000213
287.381000000000214
287.608000000000214
288.722000000000215
289.121000000000215
291.919000000000218
292.460000000000218
292.795000000000218
293.350000000000219
293.861000000000219
294.26700000000022
297.789000000000223
297.921000000000223
298.503000000000223
299.178000000000224
300.513000000000225
304.243000000000229
304.781000000000229
314.006000000000237
315.821000000000239
316.200000000000239
317.707000000000241
322.152000000000244
322.638000000000245
326.076000000000248
326.314000000000248
326.641000000000248
327.073000000000249
327.87900000000025
338.034000000000259
338.929000000000259
339.36700000000026
339.81100000000026
340.726000000000261
341.042000000000261
352.596000000000272
353.462000000000272
354.207000000000273
355.659000000000274
356.087000000000275
361.061000000000279
361.557000000000279
362.01600000000028
363.325000000000281
365.177000000000283
365.643000000000283
427.102000000000338
428.555000000000339
429.57700000000034
430.26500000000034
431.155000000000341
436.582000000000346
436.974000000000346
438.133000000000347
439.017000000000348
439.264000000000348
442.223000000000351
442.936000000000352
443.733000000000352
444.228000000000353
444.613000000000353
445.397000000000354
446.476000000000355
446.999000000000355
447.619000000000356
460.501000000000367
461.284000000000368
461.901000000000369
462.394000000000369
463.19600000000037
472.973000000000378
473.422000000000379
474.32600000000038
476.062000000000381
476.690000000000382
485.51400000000039
486.27200000000039
486.783000000000391
487.285000000000391
488.204000000000392
494.473000000000398
495.066000000000398
495.977000000000399
496.7600000000004
497.975000000000401
505.839000000000408
506.406000000000408
506.786000000000408
507.787000000000409
508.63200000000041
516.820000000000417
517.532000000000418
518.527000000000419
519.75600000000042
520.764000000000421
526.792000000000426
527.025000000000426
527.532000000000427
528.055000000000427
529.467000000000429
532.184000000000431
534.827000000000433
535.397000000000434
535.910000000000434
536.659000000000435
537.106000000000435
590.767000000000483
592.217000000000484
592.635000000000485
593.083000000000485
594.025000000000486
598.48000000000049
599.08100000000049
599.563000000000491
600.112000000000491
600.339000000000492
600.776000000000492
601.624000000000493
601.969000000000493
606.722000000000497
607.180000000000498
607.737000000000498
607.993000000000498
608.459000000000499
608.894000000000499
609.5540000000005
613.877000000000504
614.700000000000504
615.522000000000505
616.408000000000506
617.296000000000507
619.602000000000509
622.731000000000511
623.014000000000512
623.387000000000512
623.973000000000512
624.587000000000513
625.086000000000514
625.873000000000514
626.294000000000515
626.995000000000515
627.985000000000516
634.517000000000522
635.475000000000523
635.773000000000523
636.253000000000523
636.996000000000524
642.013000000000528
643.87800000000053
644.802000000000531
645.323000000000532
646.107000000000532
646.333000000000532
646.721000000000533
653.118000000000538
654.099000000000539
654.78500000000054
655.14000000000054
655.815000000000541
656.512000000000541
663.410000000000548
663.978000000000548
664.457000000000548
666.02200000000055
666.69900000000055
671.505000000000555
672.562000000000556
673.698000000000557
674.494000000000557
674.838000000000558
675.618000000000558
681.905000000000564
682.786000000000565
683.303000000000565
683.909000000000566
684.434000000000566
692.239000000000573
692.791000000000574
694.289000000000575
695.299000000000576
696.976000000000577
706.423000000000586
706.967000000000586
707.732000000000587
708.270000000000587
709.169000000000588
709.940000000000589
724.779000000000602
726.574000000000604
729.103000000000606
729.941000000000607
730.938000000000608
737.845000000000614
738.434000000000614
738.940000000000615
739.502000000000615
740.091000000000616
745.888000000000621
746.444000000000621
747.112000000000622
747.608000000000622
748.504000000000623
754.733000000000629
755.261000000000629
755.663000000000629
756.52700000000063
756.888000000000631
763.627000000000637
764.248000000000637
764.873000000000638
765.557000000000638
766.188000000000639
773.048000000000645
773.794000000000646
774.362000000000646
774.900000000000647
775.431000000000647
780.316000000000651
781.170000000000652
781.892000000000653
782.743000000000654
783.605000000000654
784.152000000000655
789.256000000000659
789.98300000000066
790.50500000000066
791.200000000000661
791.782000000000662
792.311000000000662
800.046000000000669
801.04000000000067
801.50400000000067
802.103000000000671
803.383000000000672
810.021000000000678
810.618000000000678
811.311000000000679
812.02500000000068
812.94400000000068
819.378000000000686
820.150000000000687
821.082000000000688
821.818000000000688
822.459000000000689
829.224000000000695
830.041000000000696
830.728000000000696
831.312000000000697
833.357000000000698
841.774000000000706
842.519000000000707
843.142000000000707
843.734000000000708
844.287000000000708
848.592000000000712
849.173000000000712
849.473000000000713
849.948000000000713
850.520000000000714
851.115000000000714
851.626000000000715
853.183000000000716
865.730000000000727
866.054000000000728
866.606000000000728
867.988000000000729
868.71900000000073
875.915000000000736
876.412000000000737
877.066000000000737
877.568000000000738
878.025000000000738
884.125000000000744
884.627000000000744
886.049000000000745
886.750000000000746
887.176000000000746
893.113000000000752
893.661000000000752
894.133000000000752
894.669000000000753
895.263000000000754
905.746000000000763
906.382000000000763
907.035000000000764
907.465000000000764
908.322000000000765
915.010000000000771
917.178000000000773
917.667000000000773
918.538000000000774
919.290000000000775
926.258000000000781
926.621000000000781
927.045000000000782
928.094000000000783
929.564000000000784
936.50800000000079
937.310000000000791
938.364000000000792
939.125000000000792
940.049000000000793
946.024000000000799
946.598000000000799
947.054000000000799
947.4790000000008
948.632000000000801
959.615000000000811
960.129000000000811
960.779000000000812
961.394000000000812
962.039000000000813
965.596000000000816
966.190000000000816
967.004000000000817
967.763000000000818
968.305000000000818
968.813000000000819
969.88700000000082
970.42100000000082
976.922000000000826
978.408000000000827
979.188000000000828
979.832000000000829
980.181000000000829
990.248000000000838
990.771000000000838
991.562000000000839
991.817000000000839
992.35400000000084
998.601000000000845
999.599000000000846
999.994000000000846
1000.512000000000847
1000.936000000000847
1010.007000000000855
1010.524000000000856
1011.284000000000857
1011.731000000000857
1012.401000000000858
1018.472000000000863
1019.013000000000863
1019.693000000000864
1020.436000000000865
1021.042000000000865
1026.08200000000087
1029.65400000000087
1030.65300000000087
1031.40500000000087
1031.99900000000087
1032.58600000000088
1040.22700000000088
1040.84000000000088
1041.45900000000088
1042.43900000000088
1042.82300000000088
1045.92000000000089
1051.22100000000089
1051.74100000000089
1052.36800000000089
1052.89500000000089
1053.68700000000089
1059.9940000000009
1061.5950000000009
1062.1080000000009
1063.2470000000009
1064.7960000000009
1071.16200000000091
1071.89500000000091
1072.41400000000091
1073.13500000000091
1073.74500000000091
1082.85200000000092
1084.25900000000092
1084.99700000000092
1085.56600000000092
1086.28600000000092
1099.45900000000093
1105.07100000000094
1105.50100000000094
1105.94400000000094
1106.96600000000094
1116.11200000000095
1117.04400000000095
1117.73600000000095
1118.18300000000095
1118.63200000000095
1123.22500000000096
1123.73600000000096
1124.67800000000096
1125.23000000000096
1125.77900000000096
1126.29800000000096
1126.85100000000096
1136.86200000000097
1138.13900000000097
1138.67800000000097
1139.75700000000097
1140.20400000000097
1150.92100000000098
1151.62300000000098
1152.12600000000098
1152.57000000000098
1153.21700000000098
1160.99100000000099
1162.06900000000099
1162.65500000000099
1163.71000000000099
1164.16100000000099
2058.09200000000067
2059.35400000000053
2060.69500000000038
2061.31300000000031
2061.87200000000025
2073.49299999999897
2074.03999999999891
2074.55099999999885
2075.24099999999878
2076.24499999999867
2086.37499999999755
2087.09699999999747
2087.45699999999743
2087.89899999999738
2088.77799999999729
2089.29699999999723
2096.88399999999639
2098.05999999999626
2099.16199999999614
2099.69599999999608
2100.06999999999604
2106.00099999999539
2106.43299999999534
2107.11099999999527
2107.62899999999521
2108.18499999999515
2123.40099999999347
2124.87799999999331
2126.11799999999317
2126.87299999999309
2129.57099999999279
2136.733999999992
2137.47499999999192
2138.02099999999186
2138.53599999999181
2139.82199999999166
2148.47199999999071
2148.76499999999068
2149.26599999999062
2149.93799999999055
2150.3519999999905
2161.20999999998931
2161.57899999998927
2162.1619999999892
2162.70799999998914
2163.18099999998909
2169.76899999998837
2170.18899999998832
2170.62999999998827
2171.11999999998822
2171.64999999998816
100
-1
39.0679999999999931
48.7260000000000016
126.6510000000000708
136.92500000000008
145.151000000000087
166.865000000000107
173.852000000000113
181.70000000000012
189.547000000000127
198.334000000000134
209.096000000000144
220.397000000000154
228.351000000000161
237.665000000000169
249.49400000000018
269.791000000000198
279.047000000000206
288.722000000000215
299.178000000000224
317.707000000000241
327.87900000000025
340.726000000000261
356.087000000000275
365.643000000000283
431.155000000000341
439.264000000000348
447.619000000000356
463.19600000000037
476.690000000000382
488.204000000000392
497.975000000000401
508.63200000000041
520.764000000000421
529.467000000000429
537.106000000000435
594.025000000000486
601.624000000000493
608.894000000000499
619.602000000000509
627.985000000000516
636.996000000000524
646.333000000000532
655.815000000000541
666.69900000000055
675.618000000000558
684.434000000000566
696.976000000000577
709.169000000000588
730.938000000000608
740.091000000000616
748.504000000000623
756.888000000000631
766.188000000000639
775.431000000000647
784.152000000000655
792.311000000000662
803.383000000000672
812.94400000000068
822.459000000000689
833.357000000000698
844.287000000000708
853.183000000000716
868.71900000000073
878.025000000000738
887.176000000000746
895.263000000000754
908.322000000000765
919.290000000000775
929.564000000000784
940.049000000000793
948.632000000000801
962.039000000000813
970.42100000000082
980.181000000000829
992.35400000000084
1000.936000000000847
1012.401000000000858
1021.042000000000865
1032.58600000000088
1042.82300000000088
1053.68700000000089
1064.7960000000009
1073.74500000000091
1086.28600000000092
1106.96600000000094
1118.63200000000095
1126.85100000000096
1140.20400000000097
1153.21700000000098
1164.16200000000099
2061.87200000000025
2076.24499999999867
2088.77799999999729
2100.06999999999604
2108.18499999999515
2129.57099999999279
2139.82199999999166
2150.3519999999905
2163.18099999998909
2171.64999999998816
5
0
5000
0
0
0
0
2700
99
0
0
0
0
0
0
2171.64999999998816
0
0
0
0
0
0
