11
07
19
11
07
19
cPPR1.13
FR1_day4
0
3
11
05
53
11
51
51
24
2
.3
1
102
1
80
1
1
1
1
1
1
1
1
1
1
1
1
1
1
1
1
1
1
1
1
1
1
101
-1
41.1909999999999949
46.89
51.9910000000000045
55.0940000000000073
60.9760000000000125
65.9110000000000169
72.8640000000000231
80.4220000000000298
86.8290000000000355
91.2630000000000394
102.4450000000000493
108.3400000000000546
112.198000000000058
116.4450000000000618
121.0190000000000658
128.064000000000072
129.034000000000073
132.858000000000076
137.719000000000081
138.288000000000081
141.177000000000084
164.780000000000105
165.457000000000105
168.982000000000108
171.656000000000111
172.238000000000111
172.839000000000112
176.936000000000116
189.268000000000126
194.973000000000132
209.815000000000145
214.444000000000149
219.658000000000153
235.681000000000168
265.420000000000194
273.534000000000201
278.136000000000205
279.126000000000206
279.425000000000207
284.732000000000211
300.511000000000225
309.445000000000233
315.263000000000238
328.39800000000025
339.90000000000026
346.368000000000266
362.74200000000028
373.33000000000029
382.408000000000298
392.696000000000307
405.210000000000318
412.975000000000325
413.592000000000326
419.948000000000331
456.885000000000364
461.845000000000369
465.103000000000371
474.72200000000038
481.809000000000386
494.693000000000398
502.288000000000404
512.384000000000413
529.299000000000428
554.872000000000451
567.602000000000462
598.69800000000049
606.004000000000497
613.171000000000503
663.905000000000548
673.108000000000556
694.405000000000575
740.755000000000616
747.729000000000622
765.165000000000638
772.938000000000645
778.93500000000065
794.134000000000664
805.274000000000674
817.262000000000684
831.315000000000697
840.506000000000705
873.758000000000734
881.936000000000742
889.840000000000749
900.871000000000758
919.261000000000775
942.622000000000796
956.701000000000808
963.969000000000814
1012.493000000000858
1021.409000000000866
1040.29700000000088
1351.06800000000116
1357.66000000000116
1360.27200000000117
1362.72300000000117
1364.30400000000117
1367.60600000000117
1372.06100000000118
1375.83900000000118
1379.86800000000118
79
-1
41.1909999999999949
46.89
55.0940000000000073
60.9760000000000125
72.8640000000000231
80.4220000000000298
86.8290000000000355
102.4450000000000493
108.3400000000000546
116.4450000000000618
128.064000000000072
137.719000000000081
164.780000000000105
171.656000000000111
176.936000000000116
189.268000000000126
194.973000000000132
209.815000000000145
219.658000000000153
235.681000000000168
265.420000000000194
273.534000000000201
279.126000000000206
284.732000000000211
300.511000000000225
309.445000000000233
315.263000000000238
328.39800000000025
339.90000000000026
346.368000000000266
362.74200000000028
373.33000000000029
382.408000000000298
392.696000000000307
405.210000000000318
412.975000000000325
419.948000000000331
456.885000000000364
465.103000000000371
474.72200000000038
481.809000000000386
494.693000000000398
502.288000000000404
512.384000000000413
529.299000000000428
554.872000000000451
567.602000000000462
598.69800000000049
606.004000000000497
613.171000000000503
663.905000000000548
673.108000000000556
694.405000000000575
740.755000000000616
747.729000000000622
765.165000000000638
772.938000000000645
778.93500000000065
794.134000000000664
805.274000000000674
817.262000000000684
831.315000000000697
840.506000000000705
873.758000000000734
881.936000000000742
889.840000000000749
900.871000000000758
919.261000000000775
942.622000000000796
956.701000000000808
963.969000000000814
1012.493000000000858
1021.409000000000866
1040.29700000000088
1351.06800000000116
1357.66000000000116
1364.30400000000117
1372.06100000000118
1379.86800000000118
1
0
5000
0
0
0
0
2700
99
0
0
0
0
0
0
2700.79699999992988
0
0
0
0
0
0
